Date time,Wind (MW),PV (MW),CSP (new) (MW),Other renewables (MW),Hydraulic (MW),Pumped hydropower (MW),Cogeneration (MW),Combined cycle (MW),Fuel & Gas (MW),Nuclear (MW),No renewable residues (MW),Renewable residues (MW),Import (MW),Export (MW),Demand (MW)
01-09-2040 00:00:00,21817.684366604903,1.7197836884797724,5413.493726166369,440.601,746.191,0.0,483.98775000000006,0.0,0.0,0.0,320.78,91.557,0.0,0.0,31939.883191435078
01-09-2040 01:00:00,22104.92516345201,1.9036599319021383,4957.913427904358,440.289,715.132,0.0,481.08000000000004,0.0,0.0,0.0,319.8425,92.4535,0.0,0.0,30098.67274398764
01-09-2040 02:00:00,22118.48505780417,1.481826196992005,3919.124862645173,442.102,677.4060000000001,0.0,481.16040000000004,0.0,0.0,0.0,318.666,91.829,0.0,0.0,28697.84978963974
01-09-2040 03:00:00,21199.278152215466,3.407118628120304,3221.716995311482,442.134,641.885,0.0,481.2030000000001,0.0,0.0,0.0,317.4725,92.2675,0.0,0.0,28260.302440095707
01-09-2040 04:00:00,20359.187390057363,3.179977386245617,1609.1141740393712,445.25,686.704,0.0,480.0955500000001,0.0,0.0,0.0,319.476,92.265,0.0,0.0,27972.68266866454
01-09-2040 05:00:00,18991.07681710649,2.5850836575261984,478.76323615778534,448.93,697.3960000000001,0.0,482.71575000000007,0.0,0.0,0.0,319.0225,92.3545,0.0,0.0,28270.692871823754
01-09-2040 06:00:00,17815.682278319695,8.101370960197167,371.6286337087991,447.795,979.7719999999999,0.0,484.5918000000001,0.0,0.0,0.0,316.6045,91.7675,0.0,0.0,30184.464743909084
01-09-2040 07:00:00,16656.933998885917,110.46635729838941,385.3298571982729,445.915,1260.828,0.0,493.24065,0.0,0.0,0.0,315.6915,93.1005,0.0,0.0,32884.0082955636
01-09-2040 08:00:00,15627.731829356726,3758.516945550058,390.5725728720545,456.724,1718.68,0.0,501.2562000000001,0.0,0.0,0.0,313.8725,92.0145,0.0,0.0,34641.11580042586
01-09-2040 09:00:00,13644.297539391957,13504.963758149453,1769.591946745384,445.75,2556.99,0.0,503.7891000000001,0.0,0.0,0.0,309.382,93.15100000000001,0.0,0.0,37033.57691466271
01-09-2040 10:00:00,13248.275912953075,22012.53897256585,12517.412443439087,445.064,2800.489,0.0,507.7851000000001,0.0,0.0,0.0,307.56,91.07799999999999,0.0,0.0,38121.86519339191
01-09-2040 11:00:00,14246.974121627885,28098.907527343832,18150.535028073282,442.47,2542.765,0.0,508.30710000000016,0.0,0.0,0.0,316.545,91.806,0.0,0.0,39047.033451493226
01-09-2040 12:00:00,14559.087616871662,31810.46031707389,19570.131851882717,437.316,2720.131,0.0,502.6344,0.0,0.0,0.0,308.54900000000004,93.044,0.0,0.0,39915.48706724317
01-09-2040 13:00:00,14944.218010425298,33435.10427395701,19838.299682044046,441.291,2617.834,0.0,499.49550000000005,0.0,0.0,0.0,315.757,92.795,0.0,0.0,40453.907552818804
01-09-2040 14:00:00,16931.454176074087,34005.86694978965,19999.108778788926,441.05800000000005,1879.839,0.0,501.0310500000001,0.0,0.0,0.0,310.4745,92.0845,0.0,-12200.0,39427.93980726825
01-09-2040 15:00:00,20228.782667332987,32046.83863611815,19778.778292944684,433.719,1430.576,0.0,495.2857500000001,0.0,0.0,0.0,316.748,92.29899999999999,0.0,-12200.0,38066.55398646338
01-09-2040 16:00:00,23682.989776593084,29164.686682968695,18978.49431154387,438.855,1201.972,0.0,491.9584500000001,0.0,0.0,0.0,309.066,92.02600000000001,0.0,-12200.0,37689.421279371934
01-09-2040 17:00:00,27189.97836851829,24131.57206676364,18369.21863854787,445.909,1217.649,0.0,493.3950000000001,0.0,0.0,0.0,308.052,92.655,0.0,-12200.0,37698.36902135658
01-09-2040 18:00:00,30935.382855322085,16874.993466346503,17677.647921192984,443.3,1094.354,0.0,497.5008000000001,0.0,0.0,0.0,308.197,91.667,0.0,-12200.0,37258.307526043056
01-09-2040 19:00:00,33715.59823917472,7567.870264281592,15119.641189497841,435.58,1100.789,0.0,495.31905000000006,0.0,0.0,0.0,312.29200000000003,91.806,0.0,-12200.0,36737.06510499707
01-09-2040 20:00:00,34361.62316593403,825.8422904579093,8855.278097055934,436.75,1358.7879999999998,0.0,497.7420000000001,0.0,0.0,0.0,313.3175,91.7205,0.0,-10700.851912998023,37031.39736524472
01-09-2040 21:00:00,35260.83058102216,5.029556070082354,5970.527394093326,440.10900000000004,1480.906,0.0,498.54780000000005,0.0,0.0,0.0,314.0695,92.3845,0.0,-6758.120242639256,38281.09043771847
01-09-2040 22:00:00,34677.80927063382,1.9793736791937002,5687.4012580597755,431.86400000000003,1252.921,0.0,494.60355000000004,0.0,0.0,0.0,311.7275,91.8955,0.0,-8359.383332038557,35464.47666966614
01-09-2040 23:00:00,32958.09674797953,5.364859808087843,5617.667292703676,421.594,1068.258,0.0,489.0957000000001,0.0,0.0,0.0,314.982,93.193,0.0,-8802.655928881264,32950.901396312
02-09-2040 00:00:00,32140.26416950558,2.1199849241637447,5120.310931070844,424.069,852.715,0.0,472.1349,0.0,0.0,0.0,315.44,91.228,0.0,-8713.601531146956,31419.50735624685
02-09-2040 01:00:00,31814.687470542503,2.2065149210683868,4309.989780257401,423.88699999999994,664.0189999999999,0.0,470.0515500000001,0.0,0.0,0.0,315.0355,91.2415,0.0,-8900.817712384993,29846.65103354828
02-09-2040 02:00:00,27308.435996646596,0.6597912263979,3409.831090788581,431.978,648.206,0.0,471.3982500000001,0.0,0.0,0.0,315.0785,91.1895,0.0,-4852.112828454239,28442.399868537756
02-09-2040 03:00:00,25819.191398849875,3.4503836265726253,2437.180650581358,429.036,592.2090000000001,0.0,470.3532000000001,0.0,0.0,0.0,312.415,90.4,0.0,-2914.917597767748,27832.292768896797
02-09-2040 04:00:00,26602.6871997829,2.001006178419861,1934.3379526579329,429.485,530.839,0.0,469.1406000000001,0.0,0.0,0.0,314.491,91.316,0.0,-3669.741784287158,27288.256672376425
02-09-2040 05:00:00,25641.47788328021,2.238963669907628,556.5854059920227,429.76800000000003,527.252,0.0,468.10995,0.0,0.0,0.0,309.3225,91.1435,0.0,-1708.2347940993277,26902.303332528827
02-09-2040 06:00:00,25810.187567118035,7.8634134687094,171.58687283261315,432.043,549.436,0.0,467.8911000000001,0.0,0.0,0.0,310.2145,91.1885,0.0,-1388.6158175668352,27067.673934202394
02-09-2040 07:00:00,26049.775352466877,126.16073548696897,168.95577017104992,431.11699999999996,639.6759999999999,0.0,464.92620000000005,0.0,0.0,0.0,313.6345,90.7305,0.0,-1247.967186722577,27690.653460183097
02-09-2040 08:00:00,25146.889825704788,3671.7381749043134,163.31351668569764,435.778,729.087,0.0,464.7036000000001,0.0,0.0,0.0,316.71299999999997,92.035,0.0,-3230.597584431038,28511.54841039057
02-09-2040 09:00:00,22799.11362825108,13195.532489218447,1488.999465126673,440.0,1359.514,0.0,461.61390000000006,0.0,0.0,0.0,317.1455,91.0765,0.0,-9929.498773903266,31043.252450533368
02-09-2040 10:00:00,22516.034396242227,21880.418483542075,12447.658988433643,442.51099999999997,1477.774,0.0,450.6373500000001,0.0,0.0,0.0,317.822,90.91799999999999,0.0,-12200.0,33091.72832751538
02-09-2040 11:00:00,20303.79912793037,28883.0423592937,18265.76757982508,440.14099999999996,1383.244,0.0,451.11345000000006,0.0,0.0,0.0,309.346,90.742,0.0,-12200.0,34045.07744927516
02-09-2040 12:00:00,17679.522529127546,33349.937124503616,19143.46444842388,447.147,1972.5379999999998,0.0,451.8628500000001,0.0,0.0,0.0,310.483,90.759,0.0,-12200.0,34554.157760258306
02-09-2040 13:00:00,16173.68968635752,35526.069200408856,19378.373191978117,449.707,2114.1479999999997,0.0,448.6554,0.0,0.0,0.0,313.546,90.43799999999999,0.0,-12200.0,35152.73380977083
02-09-2040 14:00:00,15880.968464439957,35782.25207249467,19405.20069430139,452.273,1828.46,0.0,446.40525,0.0,0.0,0.0,320.642,92.885,0.0,-12200.0,34751.97112325165
02-09-2040 15:00:00,16106.218962748459,34635.81614350506,19177.89291399167,451.836,1612.7839999999999,0.0,443.6749500000001,0.0,0.0,0.0,312.0195,92.4245,0.0,-12200.0,33532.0208625442
02-09-2040 16:00:00,15692.626714506425,31635.72380457458,18651.526209308937,445.858,1491.915,0.0,442.68750000000006,0.0,0.0,0.0,306.525,91.575,0.0,-12200.0,32778.794005528245
02-09-2040 17:00:00,15424.843940615874,26570.69043576132,18403.94919368051,447.483,1396.6889999999999,0.0,443.6113500000001,0.0,0.0,0.0,309.63,91.65799999999999,0.0,-12200.0,32597.333244780675
02-09-2040 18:00:00,14679.034280746,18713.171823091052,18562.088208465135,445.94800000000004,1333.931,0.0,446.4490500000001,0.0,0.0,0.0,311.881,92.961,0.0,-12200.0,32445.9431628388
02-09-2040 19:00:00,13829.371145934856,8070.274242559561,16053.16615864515,444.34,1575.28,0.0,450.3745500000001,0.0,0.0,0.0,319.862,92.589,0.0,-9171.315726965659,32589.820341675346
02-09-2040 20:00:00,12621.322246618889,728.3338001959902,9186.056425737797,443.754,2533.353,8000.0,455.35110000000014,0.0,0.0,0.0,325.247,91.48200000000001,0.0,0.0,33420.51130104234
02-09-2040 21:00:00,11769.485506381076,5.473022304218647,6131.570366630341,446.827,3300.435,8000.0,453.8091000000001,0.0,0.0,0.0,323.452,92.465,0.0,0.0,35536.491150770846
02-09-2040 22:00:00,11065.206407136833,3.104263638954054,5650.682758693959,443.101,2889.387,8000.0,451.93620000000004,0.0,0.0,0.0,320.7675,92.6915,0.0,0.0,33510.22761146821
02-09-2040 23:00:00,10042.741640905264,5.948937287194182,5322.262677582832,439.716,2197.837,7390.86419418703,455.38695000000007,0.0,0.0,0.0,324.6275,93.4515,0.0,0.0,31296.035694791677
03-09-2040 00:00:00,8670.102078711268,1.7738649365451737,4758.7681908980385,443.44599999999997,1594.63,0.0,451.04925000000003,1820.489509813011,0.0,0.0,325.468,92.27799999999999,0.0,0.0,29635.37979406279
03-09-2040 01:00:00,7476.881654850574,2.228147420294548,4287.976221322322,442.102,1504.961,0.0,452.61165,1529.9053940284175,0.0,0.0,326.6525,91.5915,0.0,0.0,27961.715385349515
03-09-2040 02:00:00,6333.298334274412,1.3952962000873625,3905.949859688011,442.962,1238.2730000000001,0.0,453.8977500000001,1652.6279435262077,0.0,0.0,330.1335,93.0335,0.0,0.0,26605.852460522707
03-09-2040 03:00:00,6222.75386753929,3.147528637406376,2829.7216780372487,442.686,990.98,0.0,453.11490000000003,1171.470218460836,0.0,0.0,324.7225,92.2215,0.0,0.0,25630.410633298587
03-09-2040 04:00:00,6300.090903325292,3.461199876185705,1541.6117735332653,438.934,905.814,0.0,451.91145000000006,854.3325548616504,0.0,0.0,313.902,93.47,0.0,0.0,25148.379166138995
03-09-2040 05:00:00,6116.695846168829,2.2497799195207087,607.5508390289699,438.244,813.779,0.0,452.81190000000004,1093.955762236208,0.0,0.0,277.719,91.304,0.0,0.0,24979.09546948117
03-09-2040 06:00:00,6203.427343843418,6.857502254692928,131.79875369497347,440.173,781.525,0.0,454.1113500000001,1189.3189144636526,0.0,0.0,288.0015,92.3525,0.0,0.0,25118.409800865455
03-09-2040 07:00:00,6490.861521956247,90.57527425993469,93.35542036213279,440.28,674.452,0.0,455.3319,1176.5392296985174,0.0,0.0,279.0875,93.0615,0.0,0.0,25379.6674921576
03-09-2040 08:00:00,6477.177863594031,2376.751873728658,90.12013857087724,445.171,635.403,0.0,456.40170000000006,0.0,0.0,0.0,273.982,93.68299999999999,0.0,0.0,25440.320651338952
03-09-2040 09:00:00,6301.104221157655,9852.93279004017,554.3635859667025,443.212,995.678,0.0,452.0452500000001,0.0,0.0,0.0,282.238,91.61200000000001,0.0,0.0,27196.808311786994
03-09-2040 10:00:00,6352.098860927532,18477.139624034415,5689.554864312389,443.42400000000004,1570.807,0.0,448.0840500000001,0.0,0.0,0.0,286.443,92.189,0.0,0.0,29200.574639198177
03-09-2040 11:00:00,6435.693714472172,25985.379904199093,12481.268888728946,437.13199999999995,1693.6170000000002,0.0,444.783,0.0,0.0,0.0,282.5995,92.1905,0.0,0.0,30308.57793311749
03-09-2040 12:00:00,8068.415608555821,30451.495899436868,15780.613157381216,438.722,1750.2220000000002,0.0,442.70340000000004,0.0,0.0,0.0,283.1745,90.7205,0.0,0.0,31237.284687829677
03-09-2040 13:00:00,10257.205332212003,32595.990445223848,16626.580876846507,437.80300000000005,1761.652,0.0,439.0228500000001,0.0,0.0,0.0,281.2225,90.6815,0.0,0.0,31978.85413319003
03-09-2040 14:00:00,12802.091186186903,32772.69551515274,15435.919219067086,437.43199999999996,1390.0710000000001,0.0,434.18925,0.0,0.0,0.0,280.0845,91.0715,0.0,-5125.997126580283,32379.036977316875
03-09-2040 15:00:00,15269.129477834305,30674.007786477156,13821.786460321398,430.42400000000004,980.4830000000001,0.0,431.59470000000005,0.0,0.0,0.0,287.996,91.31700000000001,0.0,-12200.0,31374.465827279277
03-09-2040 16:00:00,17255.909263695998,27347.113281737067,14186.876316674985,426.186,838.1669999999999,0.0,431.2072500000001,0.0,0.0,0.0,312.3295,93.7325,0.0,-12200.0,30600.12463200777
03-09-2040 17:00:00,19046.952400023092,21986.212221007612,14480.59507712749,422.718,793.135,0.0,431.7546000000001,0.0,0.0,0.0,312.698,93.464,0.0,-12200.0,30420.582472909125
03-09-2040 18:00:00,18418.428477811278,14700.55954163051,13951.529056010486,420.906,707.461,0.0,431.9673000000001,0.0,0.0,0.0,305.6925,92.6635,0.0,-6699.8817485714335,30622.92541064492
03-09-2040 19:00:00,17017.431486812373,6431.0067161995585,11442.743433735917,424.84,814.954,3396.3975321170583,435.55545000000006,0.0,0.0,0.0,314.306,94.713,0.0,0.0,30940.580345067912
03-09-2040 20:00:00,15525.963004459893,678.6763982223384,7106.247730369434,435.526,1920.9089999999999,8000.0,444.58140000000003,0.0,0.0,0.0,317.0035,95.0825,0.0,0.0,32237.815259803818
03-09-2040 21:00:00,15584.681291982552,4.110174852970525,4614.749427063804,437.756,2898.534,8000.0,450.1867500000001,0.0,0.0,0.0,322.828,95.74,0.0,0.0,35024.61032440344
03-09-2040 22:00:00,16004.25288896059,2.4120236637169135,3483.1608964488155,432.85699999999997,2185.969,6355.689033770628,451.29600000000005,0.0,0.0,0.0,326.9005,95.1955,0.0,0.0,33804.4660351972
03-09-2040 23:00:00,14689.473001469467,5.440573555379405,2865.719060377303,427.82300000000004,1529.224,1174.1968067307535,452.1864,0.0,0.0,0.0,326.661,94.90899999999999,0.0,0.0,31708.330926842
04-09-2040 00:00:00,14986.3867292278,1.7305999380928525,1751.7101934714262,430.897,900.367,0.0,450.00165000000004,0.0,0.0,0.0,323.8555,95.9635,0.0,0.0,29634.421614790343
04-09-2040 01:00:00,16422.184612805344,2.228147420294548,1078.8008153642913,429.25699999999995,645.326,0.0,449.54625000000004,0.0,0.0,0.0,321.3665,93.4985,0.0,0.0,27985.326672243664
04-09-2040 02:00:00,17500.97747411529,1.5250911954443263,522.9949953460651,423.54900000000004,637.221,0.0,449.1043500000001,0.0,0.0,0.0,322.709,94.065,0.0,0.0,26978.623077972752
04-09-2040 03:00:00,17898.09363851814,2.8987548963055283,251.85499365963693,421.905,557.303,0.0,447.8559,0.0,0.0,0.0,311.0145,93.7315,0.0,0.0,26444.449536031505
04-09-2040 04:00:00,17171.32043044556,3.039366141275573,243.41597549328966,423.875,552.359,0.0,445.31070000000005,0.0,0.0,0.0,307.1535,94.1195,0.0,0.0,26279.3884827144
04-09-2040 05:00:00,15803.515399894524,2.5634511583000377,241.43777608478098,425.551,567.161,0.0,446.32815000000005,0.0,0.0,0.0,312.311,94.163,0.0,0.0,26854.323337279013
04-09-2040 06:00:00,14308.090336845446,10.048295890551627,248.01553273868907,432.134,997.047,0.0,451.6450500000001,0.0,0.0,0.0,318.985,94.777,0.0,0.0,29349.104389648273
04-09-2040 07:00:00,13346.741785831442,97.5517552603715,249.57470468628213,431.603,1314.1860000000001,0.0,465.45105000000007,766.0561003056409,0.0,0.0,326.3745,95.8005,0.0,0.0,32668.519646646815
04-09-2040 08:00:00,11335.677180620867,4019.5022324640727,279.19897169054974,425.858,1197.5919999999999,0.0,480.1170000000001,801.2362243078132,0.00015000000000000001,0.0,324.0765,96.3215,0.0,0.0,34606.86808806148
04-09-2040 09:00:00,8173.100622939683,15210.848565876417,2934.73190870764,428.69199999999995,1838.931,0.0,485.3554500000001,0.0,0.0,0.0,325.769,95.45200000000001,0.0,0.0,37034.92875869283
04-09-2040 10:00:00,6914.795800288887,24313.988116488243,17568.788484776975,434.56800000000004,1832.4779999999998,0.0,485.03715,0.0,0.0,0.0,323.8455,94.8985,0.0,0.0,38520.45206899983
04-09-2040 11:00:00,5866.619060967432,30219.043879002154,21034.60359330882,432.907,2008.1270000000002,0.0,488.8899,0.0,0.0,0.0,325.2385,95.1695,0.0,0.0,39717.60790653155
04-09-2040 12:00:00,5274.783432487665,33433.6116315104,20974.731390521243,435.37699999999995,2110.739,0.0,488.91660000000013,0.0,0.0,0.0,322.8245,95.1695,0.0,0.0,40791.933236510646
04-09-2040 13:00:00,5302.568452746049,34773.907202315255,21051.160050427316,435.126,2355.215,0.0,490.3803000000001,0.0,0.0,0.0,322.6505,94.4075,0.0,0.0,41326.959157984165
04-09-2040 14:00:00,5777.307857208162,34739.89009728212,21031.036987478703,436.653,1802.266,0.0,489.5305500000001,0.0,0.0,0.0,321.933,93.85700000000001,0.0,0.0,40399.59564873661
04-09-2040 15:00:00,6746.05130782323,33399.46473148191,21032.907993815814,436.339,1672.128,0.0,486.09315000000004,0.0,0.0,0.0,321.0115,94.3775,0.0,0.0,39606.180966028194
04-09-2040 16:00:00,7234.017990860463,30217.475522808258,20948.469088028975,440.62800000000004,1797.431,0.0,485.3932500000001,0.0,0.0,0.0,324.07,94.98299999999999,0.0,-10499.373565227665,39622.62179703262
04-09-2040 17:00:00,7361.812066497645,25273.5841496615,20887.300823559963,440.384,1900.22,0.0,486.68595000000005,0.0,0.0,0.0,324.135,94.69,0.0,-12200.0,39803.86086433162
04-09-2040 18:00:00,7078.233910823238,18419.910847331605,20677.93326547224,444.417,2004.0639999999999,0.0,489.6135000000001,0.0,0.0,0.0,322.4625,94.3775,0.0,-10977.997633416693,39224.90375038652
04-09-2040 19:00:00,7716.987701991541,8283.776193672153,18072.459492797556,439.871,2714.4629999999997,8000.0,493.3477500000001,0.0,0.0,0.0,320.7475,92.0835,0.0,-736.1518055581946,38606.9857886546
04-09-2040 20:00:00,7774.282703398516,732.9847875296147,10070.165388971081,443.837,2684.038,8000.0,494.52480000000014,0.0,0.0,0.0,324.622,95.53399999999999,0.0,0.0,38843.7753273123
04-09-2040 21:00:00,7784.860658633299,5.126902316600075,6414.4041579237155,448.10900000000004,3056.761,8000.0,497.64105000000006,0.0,0.0,0.0,328.01800000000003,95.792,0.0,0.0,40355.74184335412
04-09-2040 22:00:00,7794.595471549549,2.2497799195207087,5944.245601951709,449.38599999999997,2462.297,7730.0,498.43170000000003,0.0,0.0,0.0,326.503,95.20299999999999,0.0,0.0,37463.02628479966
04-09-2040 23:00:00,7566.1271089795,6.533014766300519,5887.813322273514,452.36800000000005,1722.1329999999998,0.0,491.5213500000001,7336.0878167605515,0.0,0.0,326.193,96.27600000000001,0.0,0.0,34443.06578995712
05-09-2040 00:00:00,7146.365998361056,1.95774117996754,5864.581660254379,451.296,1615.989,0.0,477.2167500000001,6114.2895932822175,0.0,0.0,323.8635,96.0145,0.0,0.0,32590.028202648984
05-09-2040 01:00:00,7245.195428018973,2.509369910234636,5832.433483659944,448.82199999999995,1357.101,0.0,473.65500000000003,4543.132099755941,0.0,0.0,329.407,96.46600000000001,0.0,0.0,30796.984301936718
05-09-2040 02:00:00,6516.592833172703,1.3195824527958,5533.647414377757,450.30400000000003,986.971,0.0,473.8390500000001,4465.086693948422,0.0,0.0,329.5165,95.9635,0.0,0.0,29556.37355768956
05-09-2040 03:00:00,5779.098567728712,3.3097723816025804,4902.328947972666,454.876,899.5,0.0,472.88535000000013,4809.151579073408,0.0,0.0,330.07199999999995,96.20100000000001,0.0,0.0,28999.094548813457
05-09-2040 04:00:00,5078.192037758595,3.028549891662492,4108.671447349123,452.43199999999996,967.581,0.0,471.40575000000007,5293.561851854574,0.0,0.0,330.88300000000004,96.391,0.0,0.0,28759.788247431563
05-09-2040 05:00:00,5128.52918122503,2.7797761505616445,3210.9684536977625,453.538,865.679,0.0,466.48065,5809.434096395184,0.0,0.0,322.988,95.72,0.0,0.0,29131.58348847827
05-09-2040 06:00:00,5213.756172652333,9.561564657963011,1256.380755370465,453.61,1217.838,0.0,470.43690000000004,7573.798364715225,0.0,0.0,313.1995,95.5735,0.0,0.0,31191.41470577286
05-09-2040 07:00:00,5400.856414859956,112.85674846288016,546.1876780665115,446.85400000000004,1391.921,0.0,478.4058000000001,10193.767881918215,0.0,0.0,316.235,95.58,0.0,0.0,34296.15817757301
05-09-2040 08:00:00,5987.861379322083,4100.99185704902,350.51159864358607,446.269,1449.39,0.0,484.16730000000007,7282.926348727069,0.0,0.0,328.9905,96.4945,0.0,0.0,36116.15110397938
05-09-2040 09:00:00,5119.923714900571,15001.846174602862,3214.661742248624,449.49699999999996,2064.56,0.0,485.17920000000004,0.0,0.0,0.0,326.9345,95.2965,0.0,0.0,38425.96205934266
05-09-2040 10:00:00,4993.425293743702,23926.02005911666,17308.504217775662,446.769,2294.323,0.0,485.78265000000005,0.0,0.0,0.0,325.841,95.19,0.0,0.0,39896.43264619056
05-09-2040 11:00:00,5456.8132179081595,30226.031176252207,20717.984494876036,443.595,2372.194,0.0,479.97180000000003,0.0,0.0,0.0,328.2765,95.1735,0.0,0.0,41178.44398771027
05-09-2040 12:00:00,5809.664410588124,33828.437191136676,20916.57427687603,445.329,2792.883,0.0,479.77170000000007,0.0,0.0,0.0,324.4695,95.1165,0.0,0.0,42210.95187691749
05-09-2040 13:00:00,5667.478901156197,35436.81350860172,21080.79406225626,443.246,3046.6209999999996,0.0,481.19115000000005,0.0,0.0,0.0,325.32099999999997,95.24,0.0,0.0,43041.547878213794
05-09-2040 14:00:00,5857.696449367197,35527.55102660585,21032.703352497687,444.526,2664.491,0.0,479.10315,0.0,0.0,0.0,323.9695,94.6035,0.0,0.0,42152.37097201129
05-09-2040 15:00:00,6536.236502144353,34089.02227681501,20985.129118446755,444.67699999999996,2208.9210000000003,0.0,479.2618500000001,0.0,0.0,0.0,324.6455,94.8265,0.0,0.0,41433.6004360347
05-09-2040 16:00:00,7262.3522139134875,31010.0145807075,20899.871647387437,432.408,2176.956,0.0,481.5007500000001,0.0,0.0,0.0,322.043,95.251,0.0,0.0,41373.37234506745
05-09-2040 17:00:00,9578.089003263009,26016.130501849086,20646.29181976077,434.366,2117.04,0.0,480.7072500000001,0.0,0.0,0.0,318.27299999999997,94.65100000000001,0.0,0.0,41387.746155706125
05-09-2040 18:00:00,12416.864102000409,18395.660815699077,20113.152461930677,443.23699999999997,1805.774,0.0,485.51085000000006,0.0,0.0,0.0,325.6315,94.1895,0.0,0.0,40775.34062213345
05-09-2040 19:00:00,14964.263912429644,7790.7715363079515,16877.821946551776,454.68,1716.256,0.0,487.66995000000003,0.0,0.0,0.0,325.4305,95.1335,0.0,0.0,39978.71418830153
05-09-2040 20:00:00,16721.492400633262,589.4531551640387,9354.066947915619,436.84,2264.7929999999997,8000.0,489.8935500000001,0.0,0.0,0.0,326.531,95.251,0.0,0.0,40258.6531976756
05-09-2040 21:00:00,19323.74674089611,4.997107321243113,6226.874751926965,443.496,2223.37,8000.0,492.0373500000001,0.0,0.0,0.0,322.749,94.89,0.0,0.0,41554.14933293585
05-09-2040 22:00:00,20840.05698064274,2.3363099164253516,5875.174284673338,447.111,1605.275,8000.0,487.5154500000001,0.0,0.0,0.0,308.358,93.73100000000001,0.0,0.0,38374.359077230074
05-09-2040 23:00:00,21706.408918685367,5.91648853835494,5834.743007107317,459.838,827.3480000000001,7953.755649981169,483.76590000000004,0.0,0.0,0.0,305.9755,93.7015,0.0,0.0,35066.36196745706
06-09-2040 00:00:00,21501.05735261926,1.092441210921113,5751.142156242313,462.358,1075.51,2729.946719158006,470.93145000000004,0.0,0.0,0.0,308.228,95.275,0.0,0.0,33176.11838741667
06-09-2040 01:00:00,21112.89860844448,1.8387624342236562,5343.194560979269,460.199,982.818,349.9410573815967,466.9716000000001,0.0,0.0,0.0,306.0165,93.9165,0.0,0.0,31282.99952185759
06-09-2040 02:00:00,20557.642980187957,1.4385611985396838,4661.661013037009,462.916,708.7360000000001,0.0,466.07235000000014,0.0,0.0,0.0,307.2705,93.3775,0.0,0.0,29914.889622865354
06-09-2040 03:00:00,21531.998355134165,1.5683561938966477,3751.2410231880926,460.466,655.1469999999999,0.0,463.66695000000004,0.0,0.0,0.0,321.2,92.98,0.0,0.0,29236.042600156103
06-09-2040 04:00:00,22816.208532140565,2.8771223970793676,3201.6231668368764,460.82599999999996,583.5,0.0,462.3993000000001,0.0,0.0,0.0,316.26099999999997,93.46,0.0,0.0,28943.54557285748
06-09-2040 05:00:00,23459.120020521812,2.044271176872182,2121.92582760272,457.708,568.429,0.0,464.4070500000001,0.0,0.0,0.0,323.4725,94.4715,0.0,0.0,29316.126274166134
06-09-2040 06:00:00,23107.378836307067,9.21544467034444,1057.6350561757158,456.52,835.867,0.0,462.0703500000001,0.0,0.0,0.0,323.04200000000003,93.584,0.0,0.0,31350.27993190223
06-09-2040 07:00:00,23695.06837044984,102.51641383277536,470.4314110628351,458.595,1144.713,0.0,476.16165,0.0,0.0,0.0,317.8955,95.0345,0.0,0.0,34362.81724780071
06-09-2040 08:00:00,23298.42405633534,3684.706858190397,400.2589285964762,462.356,1243.442,0.0,484.0705500000001,0.0,0.0,0.0,302.383,96.139,0.0,0.0,36333.842854906536
06-09-2040 09:00:00,21744.056383495375,13805.482437399276,2185.0333121815474,438.651,1911.115,0.0,485.0169000000001,0.0,0.0,0.0,296.5015,96.5955,0.0,0.0,38912.22701151244
06-09-2040 10:00:00,21614.301421823813,22296.141037420817,14450.64923090903,437.56199999999995,2106.594,0.0,483.04470000000003,0.0,0.0,0.0,309.3895,95.6025,0.0,0.0,40416.161719716096
06-09-2040 11:00:00,21297.64733446097,28482.884388608185,19059.522528695346,433.80400000000003,2239.319,0.0,481.9368000000001,0.0,0.0,0.0,318.16,96.051,0.0,0.0,41457.71866444013
06-09-2040 12:00:00,20615.460111012373,31812.12601951431,20272.18800058517,427.624,2566.3920000000003,0.0,479.16330000000005,0.0,0.0,0.0,317.584,95.148,0.0,-12200.0,42594.11516919964
06-09-2040 13:00:00,19771.15363726162,33383.73790454449,20413.166379121598,436.42,2896.765,0.0,481.17075000000006,0.0,0.0,0.0,317.867,95.33200000000001,0.0,-12200.0,43184.84745776205
06-09-2040 14:00:00,21238.50360815373,33069.006673303076,20251.831061844412,436.405,2196.269,0.0,484.22790000000003,0.0,0.0,0.0,317.5125,95.1015,0.0,-12200.0,42211.90556998186
06-09-2040 15:00:00,23298.22680744431,31406.267885282694,20155.24035969102,455.541,1920.741,0.0,479.511,0.0,0.0,0.0,304.08299999999997,95.081,0.0,-12200.0,41500.11220909762
06-09-2040 16:00:00,25443.238880167217,28118.874324129574,20309.16961021714,454.1,1697.878,0.0,481.7512500000001,0.0,0.0,0.0,301.4625,95.7385,0.0,-12200.0,41518.88586829554
06-09-2040 17:00:00,27391.663425786377,22582.847365914735,20172.664106205375,454.06699999999995,1582.3370000000002,0.0,483.5931000000001,0.0,0.0,0.0,301.7315,95.1585,0.0,-12200.0,41607.80737219262
06-09-2040 18:00:00,30746.52671122174,15514.75273125513,18548.961929631332,455.51599999999996,1241.089,0.0,487.0429500000001,0.0,0.0,0.0,299.67,95.145,0.0,-12200.0,40908.34622342702
06-09-2040 19:00:00,32550.889949131502,6268.005834530438,13919.273686344653,454.335,1243.703,0.0,488.1024,0.0,0.0,0.0,304.5665,95.7215,0.0,-12200.0,40107.18722404728
06-09-2040 20:00:00,32501.248978221654,420.643947452694,8102.597584180072,455.892,1859.8470000000002,0.0,488.80800000000005,0.0,0.0,0.0,307.875,95.821,0.0,-4857.002214259188,40398.60943066377
06-09-2040 21:00:00,32824.0177812065,2.9852848932101708,5985.095906978648,458.87300000000005,2354.112,0.0,489.13080000000014,0.0,0.0,0.0,320.0185,95.8045,0.0,-1974.362056799615,41560.5646104681
06-09-2040 22:00:00,33044.213293229135,1.741416187705933,5793.746529710292,452.798,1435.4129999999998,0.0,487.38045000000005,0.0,0.0,0.0,325.4015,95.3455,0.0,-4265.675974845959,38263.35309258344
06-09-2040 23:00:00,32289.22189086296,5.678531046867173,5381.072694481106,455.791,919.1619999999999,0.0,482.63115000000005,0.0,0.0,0.0,320.8805,95.6825,0.0,-5510.893161101449,35229.72087866435
07-09-2040 00:00:00,31269.71585799688,1.514274945831246,5093.95118033185,454.525,828.845,0.0,471.24210000000005,0.0,0.0,0.0,318.2285,94.6705,0.0,-6074.239504646252,33169.320660646925
07-09-2040 01:00:00,30507.886494074915,1.8495786838367363,4445.50131215258,449.042,724.86,0.0,465.63855000000007,0.0,0.0,0.0,321.361,94.476,0.0,-6200.193207791421,31464.861798226924
07-09-2040 02:00:00,28045.53189668321,1.2655012047303984,3595.2556146560823,447.155,866.2139999999999,0.0,467.1502500000001,0.0,0.0,0.0,314.876,94.14399999999999,0.0,-4201.405579617327,30247.11576108183
07-09-2040 03:00:00,25694.37152707944,3.374669879281063,2733.267403429275,445.401,807.955,0.0,467.60850000000005,0.0,0.0,0.0,315.647,94.155,0.0,-1733.8175719176252,29426.263803701608
07-09-2040 04:00:00,24908.767870350082,2.7689599009485644,1169.3302365714117,446.764,684.784,466.9657444581535,468.25575000000003,0.0,0.0,0.0,316.6645,94.7545,0.0,0.0,29148.650893209007
07-09-2040 05:00:00,23214.9645696767,2.6716136544308413,569.4875538583549,451.07199999999995,759.217,3029.3801417293434,469.69785000000013,0.0,0.0,0.0,323.095,94.819,0.0,0.0,29517.18989490222
07-09-2040 06:00:00,21583.80519622006,8.674632189690424,406.3494440167615,445.52,1025.29,6454.184903244975,468.8968500000001,0.0,0.0,0.0,329.64599999999996,93.887,0.0,0.0,31476.699779757124
07-09-2040 07:00:00,20541.894009907868,91.51628797627266,331.72357667509,443.957,1174.399,8000.0,483.9400500000001,0.0,0.0,0.0,330.6375,95.3765,0.0,0.0,34466.003771790914
07-09-2040 08:00:00,19855.707661884226,2879.8372757322504,370.3423168520349,444.63,1186.019,5779.469210567528,491.0227500000001,0.0,0.0,0.0,325.6815,96.9175,0.0,0.0,36210.86355478641
07-09-2040 09:00:00,18549.684078104816,12356.840494220201,1004.4380582887762,447.50800000000004,1580.6129999999998,0.0,490.6312500000001,0.0,0.0,0.0,311.2335,97.3305,0.0,0.0,38387.01055782265
07-09-2040 10:00:00,17288.49787459482,21690.517589085222,10442.593098303023,450.49199999999996,1799.336,0.0,488.9064,0.0,0.0,0.0,321.8815,96.1595,0.0,0.0,39644.850957992174
07-09-2040 11:00:00,16085.140404785177,28515.181709952838,17870.605194532294,449.084,1764.6970000000001,0.0,486.9417,0.0,0.0,0.0,317.7615,95.9245,0.0,-1783.7792393174377,40469.18271742774
07-09-2040 12:00:00,13822.084539842594,32423.882281380513,19795.0813846217,447.541,2480.115,0.0,488.31015,0.0,0.0,0.0,318.1695,96.1555,0.0,-12200.0,41271.43971623128
07-09-2040 13:00:00,12435.324277625863,34748.71615696639,19844.205045795556,450.67900000000003,2863.704,0.0,487.4979000000001,0.0,0.0,0.0,321.57099999999997,94.92,0.0,-12200.0,42049.30819259351
07-09-2040 14:00:00,12822.458101092338,34731.53995258082,19042.858878505445,444.4,2341.167,0.0,487.94055000000003,0.0,0.0,0.0,307.79900000000004,94.78399999999999,0.0,-12200.0,41242.34815233568
07-09-2040 15:00:00,13565.011220447515,32649.433534562082,18855.602327599518,440.73900000000003,2147.357,0.0,488.1717000000001,0.0,0.0,0.0,301.7655,95.1975,0.0,-12200.0,40564.33818128116
07-09-2040 16:00:00,14396.438501901443,28821.73585648676,18782.07762544584,442.597,1974.055,0.0,487.0578000000001,0.0,0.0,0.0,301.4935,94.8955,0.0,-12200.0,40570.630835792945
07-09-2040 17:00:00,14659.61106641727,23026.96257502781,17952.93921818988,445.756,2196.381,0.0,488.64030000000014,0.0,0.0,0.0,299.56,95.52,0.0,-12200.0,40630.411427505765
07-09-2040 18:00:00,14729.541599726268,14842.295676560318,15929.66999557111,444.51099999999997,2030.4360000000001,0.0,491.9652000000001,0.0,0.0,0.0,300.5065,95.1505,0.0,-9766.422661363747,40067.00874462162
07-09-2040 19:00:00,14948.971321936651,5562.22391477772,11788.031806355066,444.06699999999995,2447.0389999999998,2318.7411773229487,493.9491000000001,0.0,0.0,0.0,307.737,95.59200000000001,0.0,0.0,39368.81420193285
07-09-2040 20:00:00,14845.175861375092,324.7578946327369,6783.538116516366,450.096,2793.2929999999997,8000.0,496.62915000000004,0.0,0.0,0.0,313.85,95.865,0.0,0.0,39762.80944358676
07-09-2040 21:00:00,15663.453216760183,4.1534398514228466,4774.506082744056,447.486,2972.288,8000.0,501.3322500000001,0.0,0.0,0.0,317.3375,95.6745,0.0,0.0,40970.022985748445
07-09-2040 22:00:00,15987.660776361976,1.8928436822890575,4078.6963666566467,444.94199999999995,2344.953,6104.556082700401,497.8518000000001,0.0,0.0,0.0,314.307,95.40299999999999,0.0,0.0,37920.282667923086
07-09-2040 23:00:00,15662.246517662103,4.0993586033574445,3009.07517613381,444.915,1412.5710000000001,0.0,492.3067500000001,347.013804140739,0.0,0.0,313.05400000000003,95.99799999999999,0.0,0.0,34904.79492252084
08-09-2040 00:00:00,14492.50257945959,1.2871337039565593,1997.7865061002965,444.471,1187.432,0.0,481.63590000000005,87.21802668614691,0.0,0.0,311.065,96.57600000000001,0.0,0.0,33058.65338470917
08-09-2040 01:00:00,13370.620504522318,2.0767199257114233,510.12208195375024,441.60900000000004,1056.531,0.0,478.9063500000001,0.0,0.0,0.0,309.022,95.334,0.0,0.0,31350.52443024175
08-09-2040 02:00:00,12377.077840391556,1.3736637008612018,30.861859737669576,446.42699999999996,1015.4580000000001,0.0,479.87895000000003,0.0,0.0,0.0,307.5245,95.1465,0.0,0.0,30111.79527642697
08-09-2040 03:00:00,11284.442748081497,2.704062403270082,0.0,444.105,1169.943,0.0,476.94045000000006,41.751052194702424,0.0,0.0,311.0505,96.8885,0.0,0.0,29474.662511704133
08-09-2040 04:00:00,10161.733001326953,2.5634511583000377,0.0,446.533,1196.2060000000001,0.0,477.24840000000006,629.7768904786062,0.0,0.0,306.142,96.984,0.0,0.0,28958.696992893998
08-09-2040 05:00:00,9549.944293850389,2.033454927259102,0.0,447.548,1264.6989999999998,0.0,479.5141500000001,1344.3271563216767,0.0,0.0,307.403,97.00200000000001,0.0,0.0,29142.49058183509
08-09-2040 06:00:00,8860.110775155294,6.478933518235117,0.0,451.199,1291.4189999999999,0.0,484.43565000000007,3890.674594342232,0.0,0.0,309.478,95.67299999999999,0.0,0.0,31085.770861315334
08-09-2040 07:00:00,7508.271301901942,87.91447685511692,0.0,446.85,1773.28,0.0,489.82770000000005,7297.095415358963,0.0,0.0,312.807,96.089,0.0,0.0,33779.44495741879
08-09-2040 08:00:00,6497.417146864091,2775.4604669660257,0.0,458.469,1751.3870000000002,0.0,494.26515,6816.869872474828,0.0,0.0,304.8375,97.6615,0.0,0.0,35043.88382194988
08-09-2040 09:00:00,4774.057453538348,11913.363443834294,236.74077059265696,455.89599999999996,1926.9679999999998,0.0,495.9723000000001,859.428028015067,0.0,0.0,292.5085,97.2825,0.0,0.0,36772.324831130645
08-09-2040 10:00:00,3016.8753768384995,21472.083428149064,7002.124278744237,457.397,2170.937,0.0,495.5121000000001,0.0,0.0,0.0,304.171,95.92,0.0,0.0,38145.91014706561
08-09-2040 11:00:00,2495.9526584975783,28545.067007633777,15939.044516906013,450.32,2198.6279999999997,0.0,491.1855000000001,0.0,0.0,0.0,303.5225,94.9435,0.0,0.0,39084.56207735547
08-09-2040 12:00:00,2936.424902674435,32956.59339107434,18802.609971030703,460.69699999999995,2581.462,0.0,488.2233000000001,0.0,0.0,0.0,304.3865,95.5215,0.0,0.0,39845.30669753551
08-09-2040 13:00:00,3800.1236497514046,35097.897143225455,19699.280013266783,460.92400000000004,2449.13,0.0,488.5701000000001,0.0,0.0,0.0,301.4675,94.4225,0.0,0.0,40426.596265823486
08-09-2040 14:00:00,5216.83867002788,35502.74936624306,19829.49036054015,462.527,2105.4829999999997,0.0,489.2682000000001,0.0,0.0,0.0,302.661,94.006,0.0,0.0,39688.6187777201
08-09-2040 15:00:00,7844.441426601061,34145.16942855651,20095.952846383796,461.602,1837.319,0.0,488.5888500000001,0.0,0.0,0.0,308.937,94.913,0.0,0.0,38850.62913168282
08-09-2040 16:00:00,10465.252633122218,30848.54960648343,20493.98995495495,459.175,1714.6029999999998,0.0,487.48545,0.0,0.0,0.0,307.367,95.773,0.0,0.0,38554.81679662457
08-09-2040 17:00:00,13733.867874047291,25214.689670518284,20395.21641207493,455.689,1364.384,0.0,485.46195000000006,0.0,0.0,0.0,306.059,94.507,0.0,0.0,38573.25025171092
08-09-2040 18:00:00,16403.77858393429,16791.946301817272,19279.414497429327,458.82199999999995,1401.25,0.0,488.53530000000006,0.0,0.0,0.0,304.82099999999997,94.544,0.0,0.0,38044.37417379249
08-09-2040 19:00:00,17319.164275712403,6214.4329501968505,14158.43117345608,452.77,1789.308,8000.0,491.45805000000007,0.0,0.0,0.0,304.8865,94.8005,0.0,0.0,37507.78219185381
08-09-2040 20:00:00,17233.856064153497,344.62734517196543,7813.322463778201,459.855,2196.236,8000.0,495.15105000000005,0.0,0.0,0.0,305.264,94.42,0.0,0.0,37926.18651773595
08-09-2040 21:00:00,18956.77098056809,4.207521099488249,5700.39110934816,465.72900000000004,2215.1639999999998,7730.0,496.4304,0.0,0.0,0.0,306.318,95.221,0.0,0.0,38897.92572790415
08-09-2040 22:00:00,19418.940602758525,1.925292431128299,5560.241040908892,462.084,1804.004,0.0,489.33855000000005,0.0,0.0,0.0,301.3285,95.3315,0.0,0.0,36003.48970855696
08-09-2040 23:00:00,18990.601099192827,6.067916032938065,4639.403833485118,457.69599999999997,1427.635,0.0,483.82815000000005,0.0,0.0,0.0,293.908,95.85,0.0,0.0,33507.567290085964
09-09-2040 00:00:00,19450.740218093215,0.9518299659510692,3872.3302145680373,456.20099999999996,1859.629,0.0,473.1201000000001,0.0,0.0,0.0,293.922,96.71600000000001,0.0,0.0,32007.63203637177
09-09-2040 01:00:00,22032.99506785549,1.016727463629551,2453.4350181350155,456.06800000000004,1720.489,0.0,472.6132500000001,0.0,0.0,0.0,288.1125,95.6815,0.0,0.0,30338.673659918182
09-09-2040 02:00:00,23609.4546164911,0.7246887240763821,1132.4753096601814,457.12699999999995,1187.913,0.0,469.38045000000005,0.0,0.0,0.0,288.593,93.368,0.0,0.0,29011.683970194466
09-09-2040 03:00:00,24563.462414658443,1.081624961308033,272.9622839001776,446.835,989.2439999999999,0.0,468.3796500000001,0.0,0.0,0.0,282.0795,92.3095,0.0,0.0,28150.5383873816
09-09-2040 04:00:00,25976.568940516623,1.2655012047303984,276.4314414835721,439.84,683.2260000000001,0.0,466.78935000000007,0.0,0.0,0.0,284.131,95.21600000000001,0.0,0.0,27764.90543755996
09-09-2040 05:00:00,25501.535596530615,1.1897874574388363,283.94470130603605,445.582,737.084,0.0,465.65385000000015,0.0,0.0,0.0,306.181,95.22200000000001,0.0,0.0,27438.921484014547
09-09-2040 06:00:00,25264.415356132333,5.191799814278558,273.8003388220089,448.915,692.7280000000001,96.59881474213762,465.76395,0.0,0.0,0.0,297.2415,93.8945,0.0,0.0,28007.018609787534
09-09-2040 07:00:00,26354.49781573491,69.91623749895123,271.1302568617558,444.01599999999996,726.252,0.0,465.97125000000005,0.0,0.0,0.0,300.65,93.742,0.0,0.0,28866.561494769354
09-09-2040 08:00:00,28200.523113530988,1569.1241476191765,252.84896577622746,455.37699999999995,922.612,0.0,465.3334500000001,0.0,0.0,0.0,305.1635,93.8775,0.0,0.0,29573.610316774724
09-09-2040 09:00:00,29932.54241993559,6579.7193321298,230.73795859442382,461.25199999999995,1340.9360000000001,0.0,466.7106000000001,0.0,0.0,0.0,305.937,95.095,0.0,0.0,31947.863407880468
09-09-2040 10:00:00,31248.07649436302,12195.645926236462,560.2981841922284,462.102,1495.227,0.0,466.43880000000007,0.0,0.0,0.0,305.255,94.46600000000001,0.0,0.0,33894.40964683168
09-09-2040 11:00:00,32917.03803764225,17030.769093274084,1616.3253442969892,454.414,1508.493,0.0,465.09810000000016,0.0,0.0,0.0,306.5325,94.6515,0.0,0.0,34872.7536768228
09-09-2040 12:00:00,32017.780343425027,21641.563243336423,3960.062871094162,457.49800000000005,1636.889,0.0,463.2940500000001,0.0,0.0,0.0,305.449,94.061,0.0,-12200.0,35093.792138966084
09-09-2040 13:00:00,34692.30513031206,23452.863219792463,6405.536367471781,453.16,1228.116,0.0,459.29265,0.0,0.0,0.0,305.5205,94.2575,0.0,-12200.0,35208.43045674227
09-09-2040 14:00:00,36835.96740180025,24315.253617692975,10007.233311236358,447.05,906.372,0.0,458.4325500000001,0.0,0.0,0.0,307.42400000000004,94.12899999999999,0.0,-12200.0,34336.335161595984
09-09-2040 15:00:00,38697.99306552185,24265.62866446816,12716.811045886889,453.35400000000004,471.32099999999997,0.0,458.8647000000001,0.0,0.0,0.0,307.5255,93.7125,0.0,-12200.0,32768.477970083935
09-09-2040 16:00:00,39002.75420504303,22301.70058972194,14769.899432003378,445.49800000000005,421.474,0.0,460.01970000000006,0.0,0.0,0.0,304.35400000000004,95.167,0.0,-12200.0,31675.446647878543
09-09-2040 17:00:00,42114.382534458106,18317.59994224148,14287.715762385558,445.431,372.657,0.0,459.11310000000014,0.0,0.0,0.0,303.4165,94.5305,0.0,-12200.0,31388.526351054767
09-09-2040 18:00:00,43845.66312442766,11996.356527115458,13705.452743381613,445.811,486.347,0.0,460.1268000000001,0.0,0.0,0.0,298.343,94.14399999999999,0.0,-12200.0,31338.12455115148
09-09-2040 19:00:00,43290.40362854582,4752.746609984401,10034.090048033646,458.588,822.948,0.0,463.3714500000001,0.0,0.0,0.0,300.178,93.575,0.0,-12200.0,31644.667522049367
09-09-2040 20:00:00,39200.355049979145,231.8030454579245,5747.634019360228,461.094,1535.392,0.0,466.2576000000001,0.0,0.0,0.0,300.543,95.07799999999999,0.0,-12200.0,33037.86354883694
09-09-2040 21:00:00,36757.7833560704,315.58571496084477,3742.0711431713107,463.006,2056.4139999999998,0.0,466.91550000000007,0.0,0.0,0.0,304.9805,95.7685,0.0,-10155.247200033205,34971.522407421515
09-09-2040 22:00:00,34115.14327227498,1.6548861908012902,2323.975022361432,461.597,1930.172,0.0,464.6532000000001,0.0,0.0,0.0,307.0275,95.1695,0.0,-7720.953702521521,32799.602160083414
09-09-2040 23:00:00,33063.94591758301,6.478933518235117,1634.5384216098103,457.894,1415.5510000000002,0.0,463.5480000000001,0.0,0.0,0.0,307.4615,94.7445,0.0,-7564.109801965413,30617.70907221792
10-09-2040 00:00:00,32757.092392766765,2.044271176872182,1138.7704663985883,444.00300000000004,868.717,0.0,459.8827500000001,0.0,0.0,0.0,310.2805,95.3645,0.0,-7806.817989678566,28937.615553497562
10-09-2040 01:00:00,31665.691072931993,1.6981511892536116,745.7714321830921,445.642,878.043,0.0,459.51840000000004,0.0,0.0,0.0,308.675,94.84,0.0,-7902.880837652447,27310.943052707924
10-09-2040 02:00:00,31153.331277037072,1.2114199566649968,159.05502830383418,441.445,795.3389999999999,0.0,458.6920500000001,0.0,0.0,0.0,308.337,94.975,0.0,-7938.724807444491,26052.732914223736
10-09-2040 03:00:00,30964.923777473192,3.5044648746380265,73.73908829647795,438.61400000000003,722.045,0.0,460.6815000000001,0.0,0.0,0.0,306.3165,92.2275,0.0,-8258.02320118871,25362.31708246815
10-09-2040 04:00:00,31513.507752062436,2.974468643597091,139.72129615368056,435.25699999999995,627.646,0.0,456.3525000000001,0.0,0.0,0.0,309.328,93.541,0.0,-9105.841209583756,25020.729349573077
10-09-2040 05:00:00,30931.10139409908,2.6824299040439215,154.02669877284663,434.889,633.817,0.0,460.70535000000007,0.0,0.0,0.0,312.9115,95.5735,0.0,-8637.46343884481,24938.974189208348
10-09-2040 06:00:00,30389.239352306202,11.1082883526335,151.71717532547447,428.88199999999995,633.6080000000001,0.0,460.48515000000003,0.0,0.0,0.0,308.795,95.205,0.0,-7935.732410204633,25114.361371937917
10-09-2040 07:00:00,29636.274585604762,93.21443916552629,108.5476020264924,430.907,697.8919999999999,0.0,457.1203500000001,0.0,0.0,0.0,303.9135,94.4145,0.0,-7089.976286159832,25324.371986957278
10-09-2040 08:00:00,28843.740144312073,3877.8634437807855,43.2767663703791,431.56800000000004,848.065,0.0,454.65645,0.0,0.0,0.0,304.5865,95.2965,0.0,-10106.97762714171,25429.0438196675
10-09-2040 09:00:00,28428.58150781772,15726.90265116609,1646.8071558724328,435.875,923.08,0.0,452.11725,0.0,0.0,0.0,301.3875,95.6085,0.0,-12200.0,27222.07239250222
10-09-2040 10:00:00,29700.71309096736,25845.915181688037,15495.616015010555,432.727,933.128,0.0,452.63520000000005,0.0,0.0,0.0,292.381,95.085,0.0,-12200.0,28819.39238162719
10-09-2040 11:00:00,29855.623087683543,32031.046911683054,20766.143418407315,429.869,979.555,0.0,453.4368000000001,0.0,0.0,0.0,289.8055,93.5085,0.0,-12200.0,29896.75225751126
10-09-2040 12:00:00,29757.21522918489,35891.03109485341,21271.84134995977,429.13300000000004,1110.367,0.0,450.8253000000001,0.0,0.0,0.0,294.6455,95.2535,0.0,-12200.0,30507.471724553023
10-09-2040 13:00:00,30467.26482539816,37422.93652755398,21250.168859888232,428.347,1195.642,0.0,449.6436000000001,0.0,0.0,0.0,292.0655,94.5775,0.0,-12200.0,31042.33502098417
10-09-2040 14:00:00,31741.469455716302,37648.455331986705,21300.422920724082,424.709,871.485,0.0,450.3147000000001,0.0,0.0,0.0,291.5215,94.4945,0.0,-12200.0,30931.360439794018
10-09-2040 15:00:00,33251.20860005384,36096.334328759294,21291.545385447476,429.4,643.812,0.0,449.1124500000001,0.0,0.0,0.0,291.362,93.383,0.0,-12200.0,29685.902347733172
10-09-2040 16:00:00,32213.55953683808,32577.581188382384,21285.094311514313,426.963,630.617,0.0,448.1412,0.0,0.0,0.0,293.597,94.01799999999999,0.0,-12200.0,28875.269598473205
10-09-2040 17:00:00,31722.49101829873,26707.732318359052,21194.097138722915,423.776,546.373,0.0,447.99600000000004,0.0,0.0,0.0,298.83,94.44,0.0,-12200.0,28683.77543338939
10-09-2040 18:00:00,32410.6498552327,17848.434299024506,20597.733358417925,435.606,546.472,0.0,448.47030000000007,0.0,0.0,0.0,297.6875,94.1005,0.0,-12200.0,28820.386450564125
10-09-2040 19:00:00,28707.688688628725,6301.0819258472375,16574.34861660214,440.662,1335.8339999999998,0.0,453.4708500000001,0.0,0.0,0.0,292.0695,92.4355,0.0,-12200.0,29301.757323586247
10-09-2040 20:00:00,24655.550573393426,351.87423241272927,9069.176998616354,454.155,2209.028,0.0,458.96475000000004,0.0,0.0,0.0,297.42400000000004,91.686,0.0,-7125.115445844527,31346.999766105728
10-09-2040 21:00:00,23207.438170814952,4.391397342910614,6322.958723197386,450.56800000000004,2574.24,0.0,463.0458000000001,0.0,0.0,0.0,298.8345,92.4965,0.0,-666.1088114549602,33626.89930304962
10-09-2040 22:00:00,23477.382947256236,2.2822286683599495,6074.475438874418,447.334,2371.859,0.0,462.03600000000006,0.0,0.0,0.0,311.85200000000003,94.977,0.0,-1502.8415033147867,32535.440396770835
10-09-2040 23:00:00,23568.00527599707,7.008929749276053,6024.201888389215,447.736,2206.026,0.0,462.9603000000001,0.0,0.0,0.0,311.3815,94.5655,0.0,-3263.484941698509,30574.14724421029
11-09-2040 00:00:00,24635.643905900404,2.0659036760983427,5975.526489150295,447.07099999999997,1298.18,0.0,461.2491000000001,0.0,0.0,0.0,309.884,93.904,0.0,-5293.001317660481,28574.707116775957
11-09-2040 01:00:00,27898.175372205977,1.676518690027451,5884.597530131604,448.23900000000003,544.148,0.0,458.97450000000003,0.0,0.0,0.0,309.8855,94.5705,0.0,-9240.801125472299,26994.44294301086
11-09-2040 02:00:00,27737.07717498682,1.1465224589865148,5238.681316367173,430.92900000000003,440.711,0.0,457.9723500000001,0.0,0.0,0.0,313.8655,95.1035,0.0,-9083.158713666577,26199.646134367922
11-09-2040 03:00:00,26513.01630686939,3.147528637406376,4706.185116965462,430.469,715.831,0.0,458.4628500000001,0.0,0.0,0.0,312.504,94.54899999999999,0.0,-7961.27490250755,25825.791723819613
11-09-2040 04:00:00,26618.010731278402,2.8446736482401267,4097.0458715148825,425.49,506.04699999999997,0.0,456.61770000000007,0.0,0.0,0.0,311.265,94.505,0.0,-7455.712287137296,25605.117018380264
11-09-2040 05:00:00,26852.883881369038,2.0226386776460217,2655.542681841762,425.875,591.494,0.0,457.57230000000004,0.0,0.0,0.0,311.025,95.146,0.0,-5894.032980808628,26059.298479726112
11-09-2040 06:00:00,25725.91201151807,10.18890713552167,898.5605382225368,438.44,981.426,0.0,458.5090500000001,0.0,0.0,0.0,311.448,94.471,0.0,-1400.7902186135652,28141.29717261941
11-09-2040 07:00:00,24941.998507051096,93.26852041359167,454.8202019375599,441.76199999999994,1417.569,2413.100636723095,471.71220000000005,0.0,0.0,0.0,313.939,95.589,0.0,0.0,31366.94993336856
11-09-2040 08:00:00,23172.714630742605,4083.945447658805,457.1004909109147,449.12199999999996,1527.319,1462.4802726779599,485.94915000000003,0.0,0.0,0.0,310.2475,95.8085,0.0,0.0,32858.03053391545
11-09-2040 09:00:00,20251.679009194017,15818.083635404359,2962.797003764314,449.409,1797.872,0.0,490.0623000000001,0.0,0.0,0.0,305.286,96.165,0.0,-3615.5938068725573,34651.62586436898
11-09-2040 10:00:00,20566.693223423572,24962.919828274615,17022.776213554564,453.597,1602.892,0.0,492.20130000000006,0.0,0.0,0.0,305.1685,96.0285,0.0,-12200.0,35716.25014325927
11-09-2040 11:00:00,21966.796792974852,30924.25253752538,20916.62300099938,451.091,1689.4520000000002,0.0,487.98375000000004,0.0,0.0,0.0,306.7525,96.3195,0.0,-12200.0,36659.75315986953
11-09-2040 12:00:00,23410.314456679862,34504.82054444104,21225.436494869533,451.10900000000004,1380.545,0.0,487.48620000000005,0.0,0.0,0.0,303.62,95.62799999999999,0.0,-12200.0,37354.22564526742
11-09-2040 13:00:00,25579.40249698469,36240.95840233579,21173.779179280842,452.097,1449.376,0.0,486.4042500000001,0.0,0.0,0.0,304.243,95.695,0.0,-12200.0,38128.25093672106
11-09-2040 14:00:00,27494.5345238978,36100.433687362645,21163.391196180004,452.08,1187.151,0.0,481.20135000000005,0.0,0.0,0.0,306.994,95.084,0.0,-12200.0,37590.36356220375
11-09-2040 15:00:00,29373.399828238136,34572.55189951815,21203.364466986415,445.269,860.803,0.0,475.85745000000003,0.0,0.0,0.0,305.238,92.95700000000001,0.0,-12200.0,36562.06523156371
11-09-2040 16:00:00,30897.654170380472,31099.5731275038,21218.25455908593,445.325,840.069,0.0,476.6518500000001,0.0,0.0,0.0,306.0525,91.2515,0.0,-12200.0,36383.30367266829
11-09-2040 17:00:00,32137.007628990894,25667.436246822595,21173.974075774287,446.093,804.377,0.0,478.69320000000005,0.0,0.0,0.0,304.6805,90.3265,0.0,-12200.0,36463.25089118307
11-09-2040 18:00:00,33234.81760397157,17515.456054685827,20869.55549783142,451.124,865.872,0.0,478.55175,0.0,0.0,0.0,309.8945,91.5555,0.0,-12200.0,36377.31869725957
11-09-2040 19:00:00,31179.217293266098,6503.280896114161,17078.11707286945,450.851,1215.339,0.0,480.4152000000001,0.0,0.0,0.0,315.725,92.537,0.0,-12200.0,36130.186205909165
11-09-2040 20:00:00,26471.226615347703,280.6492287105953,9176.857311246999,452.819,2068.775,0.0,487.4277000000001,0.0,0.0,0.0,313.9505,93.1845,0.0,-3094.7294817947586,37256.047224879876
11-09-2040 21:00:00,24311.939137589474,3.969563608000482,6435.189868950065,457.95099999999996,2219.0589999999997,3405.736493539891,490.2982500000001,0.0,0.0,0.0,313.449,93.15100000000001,0.0,0.0,38707.73592781509
11-09-2040 22:00:00,23152.568170480085,2.3471261660384313,6147.63958251522,450.228,1906.469,2061.955793284764,487.9054500000001,0.0,0.0,0.0,311.1655,92.3875,0.0,0.0,35470.03022139932
11-09-2040 23:00:00,22414.59431949711,6.435668519782796,6124.544348041499,448.972,1553.649,379.08904706864996,486.39285000000007,0.0,0.0,0.0,313.97,92.402,0.0,0.0,32573.034072649996
12-09-2040 00:00:00,23556.67313382599,1.3303987024088806,6091.538626875889,449.782,849.2589999999999,0.0,474.04575000000006,0.0,0.0,0.0,314.4715,92.6555,0.0,0.0,30932.20235150745
12-09-2040 01:00:00,23996.95973198775,1.5899886931228084,5858.656806853524,446.5,616.931,0.0,468.5620500000001,0.0,0.0,0.0,315.466,92.70299999999999,0.0,0.0,29545.22495679862
12-09-2040 02:00:00,21801.208282765714,1.0383599628557116,5359.458673357598,447.00800000000004,722.5010000000001,0.0,468.7762500000001,0.0,0.0,0.0,315.306,92.87200000000001,0.0,0.0,28527.312945529226
12-09-2040 03:00:00,19595.602124242683,2.8338573986270466,4893.207792079247,449.27099999999996,808.7669999999999,836.7439302308339,469.0812000000001,0.0,0.0,0.0,309.5905,93.7055,0.0,0.0,28033.22329879361
12-09-2040 04:00:00,17802.64838101029,2.660797404817761,3536.9620734654486,450.51099999999997,838.342,3816.3822637333433,470.1378000000001,0.0,0.0,0.0,313.6395,93.8045,0.0,0.0,27890.90844191552
12-09-2040 05:00:00,17490.40725413114,1.611621192348969,1577.8820109641483,447.001,792.653,6469.439252380598,470.78025,0.0,0.0,0.0,310.9855,93.6855,0.0,0.0,28230.796649655487
12-09-2040 06:00:00,16290.627337737284,9.83197089829002,663.2230223827135,446.952,1014.2610000000001,8000.0,475.85625000000005,0.0,0.0,0.0,302.129,92.475,0.0,0.0,30402.5658613221
12-09-2040 07:00:00,14011.559503993238,78.16903595373155,435.90549724832186,446.361,1825.98,3103.6968618878127,480.2952,0.0,0.0,0.0,302.5215,91.7695,0.0,0.0,33997.085864654524
12-09-2040 08:00:00,12895.366705893397,3027.9009166857077,440.6219923897909,451.662,2018.881,0.0,486.88995000000006,0.0,0.0,0.0,299.5615,89.9895,0.0,0.0,35762.17358596217
12-09-2040 09:00:00,11056.643484690832,13442.856852871144,2800.9841900781744,451.25199999999995,2198.337,0.0,486.68325000000004,0.0,0.0,0.0,300.84,89.426,0.0,0.0,37291.81501407681
12-09-2040 10:00:00,10366.438673965557,22433.03149252396,16846.784679970002,446.58099999999996,2130.518,0.0,486.37725000000006,0.0,0.0,0.0,295.3925,88.6245,0.0,0.0,38404.43125143843
12-09-2040 11:00:00,10832.967109885278,28797.18296986507,19685.802920744773,445.384,2318.864,0.0,483.52995000000004,0.0,0.0,0.0,286.7465,90.3785,0.0,0.0,39332.83107474888
12-09-2040 12:00:00,12388.572422825842,33301.52359123547,19757.135037347154,451.76199999999994,2054.726,0.0,484.58265000000006,0.0,0.0,0.0,277.2925,88.5095,0.0,-3249.205365283069,40127.39572212447
12-09-2040 13:00:00,13678.68459606196,35384.39796297673,19696.64891060522,446.00300000000004,1912.4460000000001,0.0,485.6173500000001,0.0,0.0,0.0,287.778,88.55,0.0,-12200.0,40363.3358720553
12-09-2040 14:00:00,15612.551399997852,35893.518832264424,19609.023447150492,436.471,1628.381,0.0,483.63795000000005,0.0,0.0,0.0,291.934,89.329,0.0,-12200.0,39249.15170497513
12-09-2040 15:00:00,16992.427289155017,34938.85500891473,19573.912843855633,434.593,1365.185,0.0,482.21145000000007,0.0,0.0,0.0,292.291,90.141,0.0,-12200.0,38400.30917392849
12-09-2040 16:00:00,18618.075296538693,31618.85045517817,19611.537611915985,437.73199999999997,1169.3310000000001,0.0,482.47725,0.0,0.0,0.0,292.8055,92.3215,0.0,-12200.0,38309.62272100868
12-09-2040 17:00:00,18531.28578448439,26079.968007065476,19597.4855747383,433.691,1304.942,0.0,484.8534,0.0,0.0,0.0,293.572,91.95299999999999,0.0,-12200.0,38518.513653265276
12-09-2040 18:00:00,17639.446195620116,17730.75350323419,19293.758879347177,437.295,1338.261,0.0,484.38855000000007,0.0,0.0,0.0,304.92,91.406,0.0,-12200.0,38240.59082056553
12-09-2040 19:00:00,15527.74984735513,6676.17864617925,15448.451063595861,438.60400000000004,1759.7420000000002,0.0,489.5958000000001,0.0,0.0,0.0,306.4085,91.3805,0.0,-3861.099070466158,37836.04401754396
12-09-2040 20:00:00,12063.854336682556,320.593638531701,7890.033723599778,437.65,2555.365,8000.0,494.4358500000001,0.0,0.0,0.0,303.765,92.48100000000001,0.0,0.0,38966.320586802154
12-09-2040 21:00:00,10870.173665409451,3.861401111869678,5004.357262293284,443.67900000000003,2944.4159999999997,8000.0,497.9556000000001,0.0,0.0,0.0,308.92900000000003,91.796,0.0,0.0,40100.93606696007
12-09-2040 22:00:00,9264.339502511255,1.6224374419620493,4826.855280884491,437.89300000000003,2519.515,7730.0,497.29140000000007,0.0,0.0,0.0,306.2765,92.1515,0.0,0.0,36663.16267799857
12-09-2040 23:00:00,8276.149631815571,6.803421006627527,4823.532295671183,431.76300000000003,1845.5179999999998,0.0,494.33310000000006,5779.734627959548,0.0,0.0,308.357,91.391,0.0,0.0,33523.95727739891
13-09-2040 00:00:00,9496.741240026013,2.0767199257114233,5440.525869807763,433.844,1661.684,0.0,478.97790000000003,2962.6947418084856,0.0,0.0,308.4795,92.1865,0.0,0.0,31715.01051679936
13-09-2040 01:00:00,10767.000892523505,1.6981511892536116,5637.985252145749,438.189,1517.0320000000002,0.0,476.3847,401.131777227376,0.0,0.0,303.176,92.03399999999999,0.0,0.0,30241.894188745424
13-09-2040 02:00:00,11568.983942459183,1.2222362062780772,4612.079345103551,433.411,1371.263,0.0,473.9325000000001,0.0,0.0,0.0,298.7955,92.2225,0.0,0.0,29093.365108126138
13-09-2040 03:00:00,11710.577705218013,3.2448748839240986,4186.396168936635,427.0,1260.609,0.0,472.6405500000001,0.0,0.0,0.0,287.853,92.73200000000001,0.0,0.0,28732.03469509123
13-09-2040 04:00:00,11604.461669467833,2.9312036451447696,3932.7188930632497,418.80400000000003,1184.747,0.0,474.15105000000005,0.0,0.0,0.0,286.5635,92.3175,0.0,0.0,28375.779304929274
13-09-2040 05:00:00,11758.532391490799,2.1308011737768244,2683.705225145161,417.652,1237.281,0.0,478.3900500000001,0.0,0.0,0.0,284.38,92.48899999999999,0.0,0.0,28580.334317091525
13-09-2040 06:00:00,11581.1592269488,10.383599628557116,1335.4892420614665,428.969,1633.73,0.0,484.2963000000001,433.8130465620852,0.0,0.0,273.707,91.191,0.0,0.0,30781.51847348503
13-09-2040 07:00:00,11653.34458581607,84.63715322235358,836.0572327734011,435.564,2036.35,0.0,491.8863000000001,3361.2163124003637,0.0,0.0,272.1355,90.6845,0.0,0.0,34322.43277665477
13-09-2040 08:00:00,11229.47605711377,3827.3407418380875,458.2211457482472,431.79699999999997,2063.567,0.0,500.4340500000001,1656.1548185468455,0.0,0.0,274.621,92.32,0.0,0.0,36015.435359080715
13-09-2040 09:00:00,10238.52470194363,15723.149412550354,2780.3349065972398,438.315,2332.923,0.0,497.7726000000001,0.0,0.0,0.0,267.7795,91.9385,0.0,0.0,37490.67441125052
13-09-2040 10:00:00,10685.711143666222,25276.42882330974,17328.295956685422,436.86300000000006,2220.118,0.0,496.46505000000013,0.0,0.0,0.0,268.107,91.16,0.0,0.0,38641.83540060095
13-09-2040 11:00:00,11413.1843919207,31267.20336400732,20949.297398126135,429.413,2208.394,0.0,493.30170000000004,0.0,0.0,0.0,265.7805,91.2775,0.0,0.0,39642.137549814506
13-09-2040 12:00:00,13122.612898864107,34819.865446921234,21141.44585101763,429.82,2426.313,0.0,491.5950000000001,0.0,0.0,0.0,261.307,93.819,0.0,0.0,40577.895128201395
13-09-2040 13:00:00,14309.173271933469,36446.31571748974,21045.371624571882,433.99699999999996,2309.488,0.0,490.4365500000001,0.0,0.0,0.0,264.322,94.479,0.0,0.0,41061.874731212985
13-09-2040 14:00:00,14708.88074529694,36477.163661386236,21034.837469100956,436.536,1861.503,0.0,492.2425500000001,0.0,0.0,0.0,261.491,94.294,0.0,-11410.636096490976,40078.77232986806
13-09-2040 15:00:00,15165.995381201501,34949.04391605024,21088.96022533178,442.88800000000003,1616.168,0.0,490.9845000000001,0.0,0.0,0.0,259.5195,94.0635,0.0,-12200.0,39349.520516450124
13-09-2040 16:00:00,16521.814640903332,31625.643059935188,21114.77426588912,437.17,1507.625,0.0,491.6184,0.0,0.0,0.0,258.608,94.83,0.0,-12200.0,39380.00729105383
13-09-2040 17:00:00,17720.658591971107,26189.590696894047,21014.967771593816,437.851,1465.481,0.0,494.19585000000006,0.0,0.0,0.0,265.153,94.148,0.0,-12200.0,39644.46776105332
13-09-2040 18:00:00,19176.10787977093,17826.455679810726,20710.27633856012,435.639,1449.441,0.0,490.4293500000001,0.0,0.0,0.0,269.8515,93.8355,0.0,-12200.0,39247.580036749874
13-09-2040 19:00:00,19611.706916051688,6375.443641937165,16212.113993877589,438.787,1620.12,0.0,492.52755000000013,0.0,0.0,0.0,264.7185,90.2625,0.0,-7327.373442744851,38755.55255032123
13-09-2040 20:00:00,18666.49023022389,240.71563513910272,8741.400075933609,445.236,2344.433,8000.0,495.87795000000006,0.0,0.0,0.0,256.0625,88.1845,0.0,0.0,39925.07372002633
13-09-2040 21:00:00,18844.342980304875,4.142623601809765,6235.011680528464,438.04900000000004,2273.209,8000.0,498.09105000000005,0.0,0.0,0.0,257.893,89.21700000000001,0.0,0.0,40738.226596666515
13-09-2040 22:00:00,18584.817586460485,2.163249922616066,6045.64050266862,417.686,1870.22,8000.0,498.08310000000006,0.0,0.0,0.0,257.758,89.973,0.0,0.0,37023.49004968039
13-09-2040 23:00:00,18167.39252153192,6.749339758562126,5996.779951760923,410.11300000000006,1372.1029999999998,8000.0,496.7002500000001,0.0,0.0,0.0,264.8655,90.2665,0.0,0.0,33864.20213868003
14-09-2040 00:00:00,17212.10453938552,1.9469249303544593,5990.679691515965,399.445,1442.6570000000002,2847.4202333746452,483.7003500000001,0.0,0.0,0.0,264.652,90.79799999999999,0.0,0.0,32172.509902859587
14-09-2040 01:00:00,16005.343559299243,1.5683561938966477,5668.350125825122,402.519,1186.485,0.0,480.6972,0.0,0.0,0.0,265.264,90.936,0.0,0.0,30617.773374533506
14-09-2040 02:00:00,14948.51107452424,1.2871337039565593,5126.888687724753,403.603,1060.28,0.0,479.59440000000006,0.0,0.0,0.0,263.9175,90.9465,0.0,0.0,29623.985947130983
14-09-2040 03:00:00,13464.715960795453,2.595899907139279,4404.115041768659,404.163,987.303,0.0,480.6610500000001,0.0,0.0,0.0,280.987,94.756,0.0,0.0,28964.538409644643
14-09-2040 04:00:00,13706.048045161078,3.179977386245617,3848.3482010491207,403.01099999999997,969.67,0.0,481.2906000000001,0.0,0.0,0.0,299.628,95.738,0.0,0.0,28625.451363894856
14-09-2040 05:00:00,15760.399112890005,2.3363099164253516,2009.2659095644506,402.584,945.311,0.0,481.84770000000003,0.0,0.0,0.0,309.187,95.421,0.0,0.0,28985.126740004645
14-09-2040 06:00:00,17124.08512248125,10.416048377396356,784.263489639295,395.085,1335.95,0.0,484.96875000000006,0.0,0.0,0.0,313.8085,95.1175,0.0,0.0,31016.06378655847
14-09-2040 07:00:00,17442.994035402364,76.13558102647244,422.3601909536074,392.792,2101.488,0.0,492.3835500000001,0.0,0.0,0.0,316.155,96.21,0.0,0.0,34728.066737430636
14-09-2040 08:00:00,18340.116800446052,3494.7086174870287,409.86732572351826,396.44800000000004,2044.2679999999998,0.0,504.7920000000001,0.0,0.0,0.0,310.96299999999997,92.884,0.0,0.0,36286.46064688131
14-09-2040 09:00:00,17899.497586507252,14683.97823097366,2596.7716442421774,386.708,2290.868,0.0,504.1258500000001,0.0,0.0,0.0,310.5015,93.7545,0.0,0.0,37798.936347538445
14-09-2040 10:00:00,19655.469096483703,23490.70927718863,15575.630770396092,383.906,2131.61,0.0,503.886,0.0,0.0,0.0,310.42,93.583,0.0,0.0,38895.317371765326
14-09-2040 11:00:00,21424.81872242254,29213.727558714403,18525.048129885123,385.827,2328.861,0.0,499.12995000000006,0.0,0.0,0.0,309.53700000000003,92.759,0.0,0.0,39758.66530888717
14-09-2040 12:00:00,23326.715735509904,33306.55314730555,18004.538064830536,385.39300000000003,2487.106,0.0,496.8303000000001,0.0,0.0,0.0,306.5105,90.9065,0.0,-1017.0066624805922,40723.81764406468
14-09-2040 13:00:00,25346.4283509234,34358.736277166776,17204.848517734743,385.48400000000004,2227.942,0.0,492.4960500000001,0.0,0.0,0.0,303.908,90.515,0.0,-12200.0,41210.9742300873
14-09-2040 14:00:00,25868.878781263495,33647.94643384321,15763.73512104852,389.084,1893.256,0.0,492.85800000000006,0.0,0.0,0.0,303.85900000000004,90.221,0.0,-12200.0,40223.30038272465
14-09-2040 15:00:00,27182.703365301968,31490.61299976549,15629.753526626915,382.991,1737.806,0.0,492.2559,0.0,0.0,0.0,301.4795,90.3195,0.0,-12200.0,39639.019261359004
14-09-2040 16:00:00,28553.726260114563,27486.00474301863,14539.200452707646,380.23199999999997,1548.797,0.0,489.8578500000001,0.0,0.0,0.0,295.4575,88.0485,0.0,-12200.0,39493.634716612796
14-09-2040 17:00:00,29093.147830334085,21139.04028631271,12788.903258813722,377.151,1600.941,0.0,488.59815000000003,0.0,0.0,0.0,284.4495,83.5615,0.0,-12200.0,39357.28988111653
14-09-2040 18:00:00,30518.32521479838,13468.696873196792,11590.923237705289,383.91,1398.444,0.0,493.5105000000001,0.0,0.0,0.0,294.5825,87.2565,0.0,-12200.0,38752.40323225996
14-09-2040 19:00:00,30370.29185589114,4546.924196097096,9523.967966079897,383.911,1666.4979999999998,0.0,497.17050000000006,0.0,0.0,0.0,291.8865,88.8335,0.0,-10114.67193968219,38235.46981405992
14-09-2040 20:00:00,28938.562714144304,170.92919263550843,6586.468527165278,393.654,2278.248,0.0,499.5438000000001,0.0,0.0,0.0,300.449,89.273,0.0,-819.7114192206463,39466.121924105224
14-09-2040 21:00:00,29579.00278994967,2.7148786528831628,5021.498408892136,394.173,2366.4610000000002,743.6429265653351,500.3647500000001,0.0,0.0,0.0,303.3115,89.4885,0.0,0.0,39987.60174032798
14-09-2040 22:00:00,29050.689039633,2.552634908686958,3048.639164303983,396.52,1629.4979999999998,533.5196875961883,497.68665,0.0,0.0,0.0,308.763,90.738,0.0,0.0,36417.09192255674
14-09-2040 23:00:00,28578.39397436957,7.127908495019938,1865.8610696845817,393.38,1135.915,0.0,490.72725,0.0,0.0,0.0,311.625,93.969,0.0,0.0,33217.85619799539
15-09-2040 00:00:00,26886.404589968617,0.9626462155641495,1318.6891643261517,384.14300000000003,1198.221,183.3889586789228,476.74140000000006,0.0,0.0,0.0,310.379,93.70200000000001,0.0,0.0,31526.784928141205
15-09-2040 01:00:00,25471.472544962064,1.4385611985396838,1124.6794499222165,386.037,1159.671,360.3991359564716,474.7116000000001,0.0,0.0,0.0,303.7615,93.8785,0.0,0.0,29997.307246620956
15-09-2040 02:00:00,25484.66114728405,1.741416187705933,1076.764147007748,382.13199999999995,991.696,0.0,473.59575000000007,0.0,0.0,0.0,308.9895,93.0455,0.0,0.0,28775.273889968885
15-09-2040 03:00:00,24987.27679660634,1.6224374419620493,869.8035606141177,379.585,867.822,0.0,476.9455500000001,0.0,0.0,0.0,312.8875,93.9945,0.0,0.0,28415.751792634626
15-09-2040 04:00:00,23850.24910093803,2.758143651335484,463.8633992335995,382.13,949.262,994.0438058266227,477.7833000000001,0.0,0.0,0.0,314.175,94.759,0.0,0.0,28098.975781141613
15-09-2040 05:00:00,22394.850092267287,1.8603949334498164,482.37856611126676,387.139,1070.868,2651.9672931630594,478.21020000000004,0.0,0.0,0.0,312.8425,93.9305,0.0,0.0,28459.196979232598
15-09-2040 06:00:00,21565.302476716144,8.090554710584087,296.92480776974804,389.93300000000005,1510.86,5420.279806625931,482.9683500000001,0.0,0.0,0.0,303.61,94.601,0.0,0.0,30724.297637323692
15-09-2040 07:00:00,20112.042264844255,62.16098652637266,145.94823911938028,388.88,1907.181,8000.0,494.7372000000001,0.0,0.0,0.0,297.54900000000004,94.91799999999999,0.0,0.0,34257.14611224412
15-09-2040 08:00:00,18374.004933450506,2131.1581100140565,188.09460582775438,394.38800000000003,2183.681,5745.701764749283,504.82470000000006,0.0,0.0,0.0,291.41900000000004,93.447,0.0,0.0,35755.79045958774
15-09-2040 09:00:00,15783.628070528068,11431.640134816535,963.2564292229753,400.481,2846.24,0.6874255796756188,503.89665,0.0,0.0,0.0,286.47700000000003,89.89,0.0,0.0,37206.77071549942
15-09-2040 10:00:00,15679.329818675644,20055.68472506658,13109.90752834911,395.708,2487.665,0.0,505.8117000000001,0.0,0.0,0.0,290.6055,95.2815,0.0,0.0,38037.590279497635
15-09-2040 11:00:00,17821.71190618478,26263.238540509512,19643.91966430256,398.163,2278.305,0.0,504.8571000000001,0.0,0.0,0.0,293.4495,94.7585,0.0,-4018.438156895905,38465.602567651236
15-09-2040 12:00:00,18998.97837562373,29837.922507635656,20011.055933837353,397.582,2500.995,0.0,502.22220000000004,0.0,0.0,0.0,287.7465,93.4255,0.0,-12200.0,39051.81761854336
15-09-2040 13:00:00,20608.00719703159,31155.082120518124,19940.454679085407,396.861,2171.797,0.0,500.18190000000004,0.0,0.0,0.0,289.3365,94.2735,0.0,-12200.0,39008.134662917975
15-09-2040 14:00:00,23928.765762444906,31184.253545724605,19779.275279002977,395.61199999999997,1757.537,0.0,502.38210000000015,0.0,0.0,0.0,294.14099999999996,94.214,0.0,-12200.0,37711.5823995092
15-09-2040 15:00:00,26072.721973456995,29301.566321822233,19613.18448728563,402.67,1621.037,0.0,496.4245500000001,0.0,0.0,0.0,292.6345,95.5255,0.0,-12200.0,36485.139848031075
15-09-2040 16:00:00,26933.748191441744,25666.26809186439,19289.714777108107,417.066,1612.36,0.0,493.87230000000005,0.0,0.0,0.0,293.297,95.54799999999999,0.0,-12200.0,36031.761044078106
15-09-2040 17:00:00,27882.070580396976,20071.995629483106,19473.278039463174,421.325,1597.85,0.0,493.59135000000015,0.0,0.0,0.0,295.778,96.08,0.0,-12200.0,35999.25360659209
15-09-2040 18:00:00,28881.368270995514,13641.919110750274,19175.076659661336,422.218,1400.846,0.0,499.18440000000004,0.0,0.0,0.0,287.3215,95.4995,0.0,-12200.0,35652.60393559756
15-09-2040 19:00:00,30258.1268541493,4900.777802189019,14193.990038685874,422.72900000000004,1732.935,0.0,500.68080000000015,0.0,0.0,0.0,296.8425,95.9595,0.0,-12200.0,35484.061210971704
15-09-2040 20:00:00,28684.111644712364,162.47088543807962,7837.216773875063,427.964,2114.482,0.0,504.2170500000001,0.0,0.0,0.0,305.3065,95.2165,0.0,-4421.493474994815,36680.07680395373
15-09-2040 21:00:00,26817.448698238844,2.5850836575261984,5944.518457042538,426.963,1873.461,264.00296908976816,507.2077500000001,0.0,0.0,0.0,313.2755,96.4425,0.0,0.0,37178.52667107736
15-09-2040 22:00:00,25934.493044721665,1.1897874574388363,5859.718992742823,417.505,1577.371,0.0,501.8532000000001,0.0,0.0,0.0,314.3335,96.1805,0.0,-1025.3248672456466,34237.446798782235
15-09-2040 23:00:00,24173.454945583395,5.91648853835494,5834.051124555573,416.73699999999997,1356.3029999999999,0.0,492.4269,0.0,0.0,0.0,302.2195,96.4265,0.0,-1749.3704341668272,31603.207108669274
16-09-2040 00:00:00,21613.1682076067,1.7089674388666922,5372.224393678515,425.66900000000004,1335.957,38.45812403667151,478.14915,0.0,0.0,0.0,297.682,96.68,0.0,0.0,30327.713853616606
16-09-2040 01:00:00,19951.872297700542,1.4710099473789249,4531.606582958405,424.417,1138.665,1280.8113568256958,478.0528500000001,0.0,0.0,0.0,294.2325,96.6405,0.0,0.0,28813.28627860072
16-09-2040 02:00:00,18385.2867964925,0.9626462155641495,3906.6514870644282,421.11300000000006,1203.562,2060.9116478114775,476.3121000000001,0.0,0.0,0.0,294.6835,97.0215,0.0,0.0,27430.589100236102
16-09-2040 03:00:00,16836.384078221727,2.4985536606215564,2606.1266759277355,419.787,1188.354,4366.105526105755,478.4977500000001,0.0,0.0,0.0,302.751,96.31,0.0,0.0,26861.3330373798
16-09-2040 04:00:00,15430.32049806101,2.0875361753245034,706.6751955971969,419.30199999999996,1049.9489999999998,7399.936981922598,479.5114500000001,0.0,0.0,0.0,308.7915,96.3455,0.0,0.0,26443.657346457458
16-09-2040 05:00:00,13283.687890331381,1.5467236946704874,688.335435563634,418.51800000000003,1169.597,8000.0,478.33725000000004,0.0,0.0,0.0,305.814,96.49700000000001,0.0,0.0,26221.183671584244
16-09-2040 06:00:00,11990.241824074283,9.712992152546136,546.3046159625811,420.74699999999996,1291.872,568.5697922817817,477.5839500000001,0.0,0.0,0.0,305.205,96.568,0.0,0.0,26668.876580666136
16-09-2040 07:00:00,10845.04957136735,69.68909625707656,390.34844190458796,418.504,1695.785,0.0,478.6120500000001,0.0,0.0,0.0,303.6975,97.1655,0.0,0.0,27821.954676262852
16-09-2040 08:00:00,9609.130564036084,2688.108435090789,392.8918411440992,422.996,1899.89,0.0,481.01775000000004,0.0,0.0,0.0,302.007,96.006,0.0,0.0,28842.24363010505
16-09-2040 09:00:00,6998.997871007884,13044.115810884938,1182.7586049700565,426.82599999999996,2741.8540000000003,0.0,481.0687500000001,0.0,0.0,0.0,303.16,95.899,0.0,0.0,31161.51001666557
16-09-2040 10:00:00,6841.438550951364,22681.069728651117,13359.258102067926,426.594,2560.869,0.0,476.9385000000001,0.0,0.0,0.0,301.2825,97.2525,0.0,0.0,32896.53341462901
16-09-2040 11:00:00,7489.992904666265,29161.863641819687,19800.197417574742,423.775,2534.2529999999997,0.0,471.24210000000005,0.0,0.0,0.0,299.619,95.905,0.0,0.0,33659.66768830474
16-09-2040 12:00:00,7765.708178076573,32642.51113480971,20118.0638535656,425.233,2436.009,0.0,473.73315,0.0,0.0,0.0,292.065,96.272,0.0,-1340.1703683255691,33893.972989246715
16-09-2040 13:00:00,8626.115576011018,34758.03976413287,20066.893779210528,408.589,2356.187,0.0,471.3273000000001,0.0,0.0,0.0,291.8275,96.2525,0.0,-12200.0,34001.55936179617
16-09-2040 14:00:00,10210.878916196565,34171.34475262016,20273.58151051333,405.788,1987.935,0.0,470.5635000000001,0.0,0.0,0.0,284.121,96.681,0.0,-12200.0,33286.832394688405
16-09-2040 15:00:00,12797.87934221956,31616.503329012132,19499.228507565924,406.82199999999995,1748.525,0.0,468.6400500000001,0.0,0.0,0.0,290.9055,96.5335,0.0,-12200.0,31608.588315242654
16-09-2040 16:00:00,14808.893668301052,28606.113920450007,18843.392062284936,406.191,1605.118,0.0,466.2538500000001,0.0,0.0,0.0,291.1585,94.5765,0.0,-12200.0,30737.217916549445
16-09-2040 17:00:00,16098.816327896766,23808.707015813194,18486.78020339639,403.85699999999997,1610.201,0.0,464.6257500000001,0.0,0.0,0.0,295.2925,95.0925,0.0,-12200.0,30473.058770191583
16-09-2040 18:00:00,16706.760615810854,16159.887939427306,19037.265349143458,404.718,1356.08,0.0,468.24075000000005,0.0,0.0,0.0,295.707,94.92299999999999,0.0,-12200.0,30368.598536961745
16-09-2040 19:00:00,14760.467131739913,5419.016769900536,14809.06388236198,411.089,1620.49,0.0,474.7044000000001,0.0,0.0,0.0,300.101,94.324,0.0,-8004.476929106235,30759.633255143723
16-09-2040 20:00:00,11589.675737891024,164.83964410334423,8171.678646283115,441.705,2609.775,8000.0,480.42240000000004,0.0,0.0,0.0,297.16,95.01100000000001,0.0,0.0,32512.879256414464
16-09-2040 21:00:00,9794.606403611677,3.6018111211557495,6092.669026537894,446.211,2901.3720000000003,8000.0,482.1804,0.0,0.0,0.0,292.7145,94.7395,0.0,0.0,34140.0721573396
16-09-2040 22:00:00,8838.432735268289,1.925292431128299,5943.193160887085,447.273,2422.152,8000.0,480.48195000000004,0.0,0.0,0.0,294.2,95.583,0.0,0.0,31832.488604280363
16-09-2040 23:00:00,8200.212676393367,5.992202285646502,5859.94312371029,446.588,2135.639,4943.610921962918,479.4103500000001,0.0,0.0,0.0,296.76099999999997,96.331,0.0,0.0,29782.846687052275
17-09-2040 00:00:00,7168.473344657956,2.0767199257114233,5632.908198491398,450.11300000000006,1831.464,0.0,472.9498500000001,1530.691885310418,0.0,0.0,299.4545,96.9875,0.0,0.0,28133.954371569835
17-09-2040 01:00:00,6406.380982214616,1.481826196992005,4443.4256644973475,452.423,1850.319,0.0,472.5643500000001,854.654608467712,0.0,0.0,299.342,94.68299999999999,0.0,0.0,26541.36022879014
17-09-2040 02:00:00,6023.079975434673,1.4169286993135233,3645.3440134725083,454.98900000000003,1623.0910000000001,0.0,464.79930000000013,442.70813915319377,0.0,0.0,299.241,95.514,0.0,0.0,25399.72981462205
17-09-2040 03:00:00,5418.334213655563,3.8073198638042767,2190.022662413845,458.664,1660.203,0.0,463.87200000000007,443.28493502540005,0.0,0.0,306.7895,96.7875,0.0,0.0,24678.857490167255
17-09-2040 04:00:00,5630.3071542598545,3.1367123877932954,827.6084697823813,453.343,1503.4279999999999,0.0,464.3308500000001,324.83599283999865,0.0,0.0,292.531,96.633,0.0,0.0,24448.219664318007
17-09-2040 05:00:00,5753.42527089197,2.3254936668122705,631.230762983039,459.897,1402.629,0.0,465.1227,131.18879011967874,0.0,0.0,287.0365,96.8695,0.0,0.0,24260.801966962124
17-09-2040 06:00:00,5633.335504881001,10.145642137069348,402.47100379712384,449.75699999999995,1493.944,0.0,467.84265,498.47997651345213,0.0,0.0,290.5785,97.0875,0.0,0.0,24600.346605934494
17-09-2040 07:00:00,6191.066413338714,69.91623749895123,370.59568229351885,447.316,1237.4389999999999,0.0,470.2716000000001,409.8818146933736,0.0,0.0,311.1475,97.3795,0.0,0.0,24916.88970845883
17-09-2040 08:00:00,6470.285755283836,3284.310930013389,341.6243185423057,457.329,1303.165,0.0,468.0228000000001,0.0,0.0,0.0,305.2175,97.5915,0.0,0.0,25097.688005815537
17-09-2040 09:00:00,5051.571172719835,15170.666198563822,1914.8775377870372,462.30300000000005,1583.7910000000002,0.0,463.8096000000001,0.0,0.0,0.0,309.274,98.32799999999999,0.0,0.0,26862.7663808564
17-09-2040 10:00:00,4028.936230974434,25263.719730014374,15303.75016203456,461.32599999999996,1622.8729999999998,0.0,462.37110000000007,0.0,0.0,0.0,309.4485,97.1115,0.0,0.0,28657.462701539087
17-09-2040 11:00:00,4566.060431757221,31112.17405830304,20406.75428448712,458.912,1549.4370000000001,0.0,461.30250000000007,0.0,0.0,0.0,301.28,96.87700000000001,0.0,0.0,29776.937603330007
17-09-2040 12:00:00,5643.754887477893,34612.09610810357,20725.682906367278,459.031,1529.8829999999998,0.0,458.2249500000001,0.0,0.0,0.0,287.372,95.743,0.0,0.0,30166.119143730648
17-09-2040 13:00:00,6445.405321636538,36081.386271794014,19480.93747165572,464.233,1452.371,0.0,457.7578500000001,0.0,0.0,0.0,298.8395,96.0985,0.0,-1477.26282138008,30675.31684382483
17-09-2040 14:00:00,7481.0857635672855,35262.141893600085,18721.42583668447,460.621,1406.3329999999999,0.0,451.91670000000005,0.0,0.0,0.0,302.707,95.85600000000001,0.0,-12200.0,30567.856832802507
17-09-2040 15:00:00,8662.157976315568,33077.48661299974,18756.682612349414,458.83099999999996,1237.022,0.0,449.1444,0.0,0.0,0.0,303.01099999999997,95.391,0.0,-12200.0,29073.525600662233
17-09-2040 16:00:00,10119.370901258735,29677.831197112464,17448.12806568262,460.805,1178.871,0.0,450.5868000000001,0.0,0.0,0.0,303.1945,94.5415,0.0,-12200.0,28448.923562764892
17-09-2040 17:00:00,10658.018946415381,23957.949627974478,17651.044549837177,459.98699999999997,1136.191,0.0,448.3933500000001,0.0,0.0,0.0,312.257,95.679,0.0,-12200.0,28271.122426245936
17-09-2040 18:00:00,10507.127412400825,15041.476913185192,18225.287578135692,457.06199999999995,1198.127,0.0,449.25135000000006,0.0,0.0,0.0,312.51,94.92200000000001,0.0,-12200.0,28326.231006110233
17-09-2040 19:00:00,9796.373908380341,4605.937653986062,13307.006352174214,462.42699999999996,1652.704,0.0,452.04105000000004,0.0,0.0,0.0,313.161,93.624,0.0,-2427.5605643232775,29081.642646453598
17-09-2040 20:00:00,9066.549143934732,127.70745918163946,7716.254265215863,461.0,2764.9320000000002,8000.0,458.14710000000014,0.0,0.0,0.0,306.039,93.859,0.0,0.0,31917.925072212704
17-09-2040 21:00:00,11067.407085940704,4.110174852970525,5945.600132581181,461.48900000000003,3287.745,8000.0,462.88065,0.0,0.0,0.0,309.6615,95.5135,0.0,0.0,33925.36784713276
17-09-2040 22:00:00,12946.202773025381,2.3903911644907527,5780.318161311648,461.713,2705.844,8000.0,465.77895,0.0,0.0,0.0,314.091,95.083,0.0,0.0,32255.929446416256
17-09-2040 23:00:00,13254.603347967372,6.23015977713427,5333.488715605502,462.589,2084.3289999999997,7114.199414027207,466.33305000000007,0.0,0.0,0.0,314.594,95.609,0.0,0.0,30126.57882740217
18-09-2040 00:00:00,14160.20394770015,0.6597912263979,4869.49863365116,461.57599999999996,1208.653,160.52331043258528,456.0483000000001,0.0,0.0,0.0,314.3955,94.3755,0.0,0.0,28049.131018739652
18-09-2040 01:00:00,14307.425105291379,0.9950949644033903,3534.6915293167663,456.38,853.091,0.0,449.4550500000001,0.0,0.0,0.0,311.381,94.689,0.0,0.0,26677.28597768304
18-09-2040 02:00:00,13161.540547653169,0.7895862217548639,2327.444179944826,449.67,903.0160000000001,0.0,447.8119500000001,0.0,0.0,0.0,312.1875,94.0875,0.0,0.0,25853.17516399464
18-09-2040 03:00:00,12927.734862149298,1.8387624342236562,1423.601946749818,450.06699999999995,912.403,0.0,448.24455000000006,0.0,0.0,0.0,309.9015,93.0725,0.0,0.0,25573.90347807018
18-09-2040 04:00:00,14041.668967065552,0.8112187209810247,1054.3997743844604,446.976,870.176,0.0,447.9193500000001,0.0,0.0,0.0,311.568,92.478,0.0,0.0,25486.795149932474
18-09-2040 05:00:00,14912.785819495473,6.522198516687439,592.4755952606796,445.38800000000003,879.6419999999999,0.0,448.27965000000006,0.0,0.0,0.0,314.45,94.956,0.0,0.0,26129.199956832446
18-09-2040 06:00:00,16715.61361015543,6.067916032938065,533.9286886285614,452.043,1160.808,0.0,452.0575500000001,0.0,0.0,0.0,308.0405,93.8315,0.0,0.0,28776.56105783272
18-09-2040 07:00:00,16770.622845001617,66.1521826335993,320.0395318928147,455.786,2159.12,0.0,465.24045000000007,0.0,0.0,0.0,309.3985,95.2545,0.0,0.0,33181.47491984567
18-09-2040 08:00:00,15677.647401663895,2476.6507551550685,313.38381664152695,460.62699999999995,2818.546,0.0,482.11005000000006,0.0,0.0,0.0,308.468,95.439,0.0,0.0,35233.793234034885
18-09-2040 09:00:00,14153.43947102533,12709.55839410275,1467.4634026005444,461.60400000000004,2971.6620000000003,0.0,482.44440000000003,0.0,0.0,0.0,309.0445,95.7475,0.0,0.0,36486.91190021655
18-09-2040 10:00:00,14297.237780213345,22422.918299135734,14312.53583082631,440.36,2681.4590000000003,0.0,478.7758500000001,0.0,0.0,0.0,307.397,95.84700000000001,0.0,0.0,37175.4625909693
18-09-2040 11:00:00,15350.4501676941,29508.24321942897,19818.31304664084,438.13300000000004,2651.458,0.0,477.17610000000013,0.0,0.0,0.0,308.5385,95.2345,0.0,0.0,37677.60909353811
18-09-2040 12:00:00,17785.282743348802,33280.29129324499,19197.148687544443,443.662,2155.822,0.0,471.80115000000006,0.0,0.0,0.0,304.573,94.209,0.0,0.0,38215.97873542235
18-09-2040 13:00:00,18897.054845714327,35001.838030411694,19381.36485315256,440.855,1843.977,0.0,465.6804,0.0,0.0,0.0,306.7015,94.0765,0.0,-11032.691371464354,38620.14308920642
18-09-2040 14:00:00,21234.31110231296,34766.75766132101,18585.085994692126,446.46,1407.056,0.0,473.2644,0.0,0.0,0.0,301.8155,94.0065,0.0,-12200.0,37367.299203268725
18-09-2040 15:00:00,23973.498716830825,32586.58030806047,18631.559063555072,440.631,1250.714,0.0,473.6412,0.0,0.0,0.0,299.0075,94.9825,0.0,-12200.0,36389.0441497375
18-09-2040 16:00:00,26099.648380895593,29653.743409224127,19762.085408280767,449.19599999999997,1212.096,0.0,476.8749,0.0,0.0,0.0,285.545,94.355,0.0,-12200.0,36341.60137790341
18-09-2040 17:00:00,26997.86568390325,24165.946108034015,19929.092213517324,463.327,1197.5230000000001,0.0,477.9520500000001,0.0,0.0,0.0,298.4745,95.2585,0.0,-12200.0,36435.604260134874
18-09-2040 18:00:00,27135.054221429014,15668.029804522092,19023.92468416686,466.626,1355.733,0.0,480.4053000000001,0.0,0.0,0.0,293.356,95.169,0.0,-12200.0,36116.36606811579
18-09-2040 19:00:00,24490.170914951264,4737.874266766416,13721.989710850772,466.221,1891.511,0.0,483.7510500000001,0.0,0.0,0.0,292.7045,95.6895,0.0,-11075.715538984965,36033.96676304315
18-09-2040 20:00:00,20365.29050280343,87.3195831263975,7607.0829944103325,462.13300000000004,2564.944,5101.172343465816,482.43495,0.0,0.0,0.0,291.313,95.77799999999999,0.0,0.0,38040.44238627461
18-09-2040 21:00:00,18915.95979825093,3.785687364578115,5623.338780663046,466.074,3036.403,8000.0,483.72480000000013,0.0,0.0,0.0,292.20099999999996,95.38799999999999,0.0,0.0,38730.2323920052
18-09-2040 22:00:00,17268.150297815955,7.3009684888292234,5422.273813196252,463.319,2654.3909999999996,7548.6157190340455,482.49270000000007,0.0,0.0,0.0,290.9615,94.9845,0.0,0.0,35053.44916524472
18-09-2040 23:00:00,14791.837440664713,7.1062759957937764,4759.654969943232,462.56199999999995,2188.839,6289.459229140586,478.31595000000004,0.0,0.0,0.0,291.624,95.19200000000001,0.0,0.0,31788.528625307023
19-09-2040 00:00:00,13058.32909851408,2.2822286683599495,3934.4827063289636,464.06800000000004,1998.7220000000002,2574.4868333790564,465.6243000000001,0.0,0.0,0.0,293.82099999999997,96.149,0.0,0.0,30205.350285553362
19-09-2040 01:00:00,11602.578135939739,5.483838553831727,2884.7896822613006,463.93199999999996,1899.5079999999998,0.0,462.80850000000004,0.0,0.0,0.0,275.406,95.17200000000001,0.0,0.0,28777.92710818835
19-09-2040 02:00:00,10666.875808385274,1.0275437132426313,1751.4470832052702,463.939,1773.65,0.0,461.78115,0.0,0.0,0.0,283.797,93.919,0.0,0.0,27847.65204990694
19-09-2040 03:00:00,10933.35132491957,3.94793110877432,1444.1927612827183,464.496,1428.882,0.0,460.35360000000014,0.0,0.0,0.0,292.20099999999996,93.79799999999999,0.0,0.0,27513.777977928123
19-09-2040 04:00:00,11507.805845236591,1.0599924620818724,1051.680968300845,457.445,1297.247,0.0,463.5348000000001,0.0,0.0,0.0,295.16200000000003,94.555,0.0,0.0,27233.204543963595
19-09-2040 05:00:00,12099.950883741505,3.6775248684473123,776.4773747260023,439.816,1158.393,0.0,465.7128000000001,0.0,0.0,0.0,283.7565,94.0495,0.0,0.0,27655.077830231618
19-09-2040 06:00:00,12199.232825561203,6.414036020556635,631.8057076387139,439.009,1633.6589999999999,0.0,467.17125000000004,0.0,0.0,0.0,295.3395,93.9215,0.0,0.0,29922.9868545711
19-09-2040 07:00:00,12065.749473086595,71.50622619207407,293.7382501018547,432.406,2357.945,0.0,474.66450000000003,2246.3054864510013,0.0,0.0,294.2495,92.9635,0.0,0.0,33868.636007650435
19-09-2040 08:00:00,11355.297643840628,2992.1099467160243,297.9675040097008,434.37699999999995,2755.822,0.0,481.46040000000005,1534.2303183664444,0.0,0.0,298.16,93.99700000000001,0.0,0.0,35848.826937832
19-09-2040 09:00:00,10772.028805432175,14425.4374164722,1204.2946674961854,435.26199999999994,2838.303,0.0,478.05795000000006,0.0,0.0,0.0,292.3515,94.3965,0.0,0.0,36853.57903159488
19-09-2040 10:00:00,11315.062737695313,24597.784873836245,10598.46156893896,439.04699999999997,2609.0879999999997,0.0,480.25575000000003,0.0,0.0,0.0,293.445,92.911,0.0,0.0,37672.96212968463
19-09-2040 11:00:00,12300.023141253501,31024.02162395644,18042.9716533387,447.18699999999995,1988.565,0.0,478.30665000000005,0.0,0.0,0.0,293.395,90.649,0.0,0.0,38254.37768564906
19-09-2040 12:00:00,12644.500925127872,34738.14868109441,19036.58321141638,462.298,2241.294,0.0,477.3717000000001,0.0,0.0,0.0,295.47,90.057,0.0,0.0,38720.95267062379
19-09-2040 13:00:00,13265.64541823988,36598.65177704036,19065.65202341432,463.51099999999997,1867.1670000000001,0.0,481.93545000000006,0.0,0.0,0.0,295.34,90.54,0.0,0.0,38893.91057168644
19-09-2040 14:00:00,14273.59111904133,36636.04355195278,19522.255528266942,460.042,1644.767,0.0,479.2575000000001,0.0,0.0,0.0,299.1845,95.2125,0.0,-12200.0,37721.70141564935
19-09-2040 15:00:00,15163.767629020429,34889.32740193643,19711.003037347746,458.74199999999996,1684.261,0.0,470.1313500000001,0.0,0.0,0.0,297.9195,95.1265,0.0,-12200.0,37122.740299944635
19-09-2040 16:00:00,15987.587291480999,31188.114946836475,19890.63913535981,460.70300000000003,1583.7720000000002,0.0,468.7545000000001,0.0,0.0,0.0,300.686,95.587,0.0,-12200.0,37053.44446092701
19-09-2040 17:00:00,16015.824823901165,25017.368828826853,19799.944052133258,441.57300000000004,1475.4720000000002,0.0,472.2390000000001,0.0,0.0,0.0,301.038,95.634,0.0,-12200.0,37085.59786182664
19-09-2040 18:00:00,14827.945590599604,15667.53225703989,18738.33310749118,439.829,1602.059,0.0,477.8022000000001,0.0,0.0,0.0,291.1695,96.1855,0.0,-12200.0,36594.473224771
19-09-2040 19:00:00,12606.694887679974,4370.6301436534995,12853.657618762196,461.405,2432.408,8000.0,482.51010000000014,0.0,0.0,0.0,300.3655,96.3295,0.0,0.0,36466.64096907713
19-09-2040 20:00:00,12006.273131002317,64.42158269550644,7094.320064970347,460.087,3081.888,8000.0,484.55415000000005,0.0,0.0,0.0,299.2155,95.3555,0.0,0.0,38577.37195537016
19-09-2040 21:00:00,11654.891635941813,9.604829656415331,5583.80402696689,438.772,3524.991,8000.0,488.6635500000001,0.0,0.0,0.0,295.9045,88.8505,0.0,0.0,39497.84950908936
19-09-2040 22:00:00,10959.241208773916,2.3903911644907527,4995.655133860781,444.884,2911.118,7730.0,486.9612000000001,0.0,0.0,0.0,298.835,86.64200000000001,0.0,0.0,35673.522002250305
19-09-2040 23:00:00,10107.427674287983,6.457301019008956,4265.348738432877,458.902,2453.139,0.0,484.23495,2413.7653881636616,0.0,0.0,302.982,92.57,0.0,0.0,32523.962059587146
20-09-2040 00:00:00,9425.758712631508,1.8171299349974954,2727.566680995888,460.533,2080.971,0.0,470.2869,2062.470213048593,0.0,0.0,309.328,95.915,0.0,0.0,30878.4676728629
20-09-2040 01:00:00,8163.303928018401,4.845679826659987,1523.476654817824,460.33099999999996,2254.718,0.0,469.49025000000006,1713.5697871187367,0.0,0.0,312.72,97.54700000000001,0.0,0.0,29275.3728124069
20-09-2040 02:00:00,7553.657884965992,1.871211183062897,964.6401943264639,449.153,1860.4229999999998,0.0,469.1109000000001,1841.5626078274981,0.0,0.0,309.654,97.515,0.0,0.0,28297.55105180457
20-09-2040 03:00:00,6247.502801925898,1.8928436822890575,448.22295563430686,448.077,1859.844,0.0,470.53020000000004,2792.389932681628,0.0,0.0,312.8575,98.0285,0.0,0.0,27879.673855370012
20-09-2040 04:00:00,5248.263125707079,2.6067161567523596,446.4591423685922,448.077,1822.2820000000002,0.0,471.4134,3719.0157326929366,0.0,0.0,312.2535,97.3195,0.0,0.0,27768.136628918408
20-09-2040 05:00:00,4623.216198652877,4.142623601809765,445.0363979664136,449.975,1867.819,0.0,472.3618500000001,4525.160592140997,0.0,0.0,309.541,98.40700000000001,0.0,0.0,28012.802453534685
20-09-2040 06:00:00,3784.761442002755,5.992202285646502,379.93122432973206,446.42,2354.862,0.0,471.1341000000001,6995.094465390208,0.0,0.0,307.062,97.359,0.0,0.0,30189.608929156366
20-09-2040 07:00:00,3490.4467584556755,66.62809761657483,231.84886860708383,446.55,2940.07,0.0,481.0548000000001,10547.643895907971,0.0,0.0,307.385,97.41,0.0,0.0,34201.225902570826
20-09-2040 08:00:00,3274.053122117067,2561.482600870457,245.22851288236652,446.028,3152.953,0.0,490.7139000000001,9433.696833715818,0.0,0.0,298.7605,97.1185,0.0,0.0,35651.30181370684
20-09-2040 09:00:00,2533.6813434391897,13245.168258692875,888.7182653033557,441.93199999999996,3123.8779999999997,0.0,489.11865,612.6027192595884,0.0,0.0,300.5595,97.3365,0.0,0.0,36870.877476040914
20-09-2040 10:00:00,1934.6674023759651,23518.604384940765,10261.076249129172,447.07199999999995,3105.406,0.0,490.01595000000003,0.0,0.0,0.0,300.1805,96.6695,0.0,0.0,37668.39965608304
20-09-2040 11:00:00,2087.194941898498,30189.007153826635,18052.102554056793,437.68300000000005,2743.0409999999997,0.0,486.24165000000005,0.0,0.0,0.0,295.9755,93.6435,0.0,0.0,38128.67936959121
20-09-2040 12:00:00,2845.098666126382,33907.276834566415,19426.89267402228,443.208,2485.36,0.0,484.82745000000006,0.0,0.0,0.0,296.205,92.757,0.0,0.0,38578.469954793945
20-09-2040 13:00:00,3425.57121143255,35441.29143594153,19517.636481372196,453.92199999999997,2416.481,0.0,484.8558000000001,0.0,0.0,0.0,286.947,93.124,0.0,0.0,38747.38914704652
20-09-2040 14:00:00,3911.375891919056,35597.78093534358,19461.720677401638,458.425,1867.0120000000002,0.0,484.2505500000001,0.0,0.0,0.0,284.1605,93.2675,0.0,0.0,37919.564874632735
20-09-2040 15:00:00,4586.408008536085,34004.958384822145,19646.852856528967,453.958,1620.2520000000002,0.0,479.8836000000001,0.0,0.0,0.0,289.3975,95.0185,0.0,0.0,37166.81056486623
20-09-2040 16:00:00,4941.026705984713,30459.067274166024,19586.68830900122,456.589,1571.533,0.0,483.18315,0.0,0.0,0.0,294.955,94.60700000000001,0.0,0.0,37135.644129740846
20-09-2040 17:00:00,5349.900451343224,24292.65847225125,18724.41749785891,456.23800000000006,1825.743,1727.0649738599304,487.9134,0.0,0.0,0.0,294.631,95.995,0.0,0.0,37317.91016483598
20-09-2040 18:00:00,5695.414758801841,15156.659155314883,16830.968829526602,459.626,1876.88,8000.0,488.8350000000001,0.0,0.0,0.0,287.406,95.917,0.0,0.0,37035.24129785467
20-09-2040 19:00:00,5891.592317622274,3968.0060680561974,11527.708560055062,454.02,2346.996,8000.0,491.2645500000001,0.0,0.0,0.0,273.4,94.179,0.0,0.0,36866.6118398729
20-09-2040 20:00:00,6123.189589071643,39.58747358387401,6688.935358596159,453.64599999999996,2951.598,6002.935026140069,493.5658500000001,5763.540488551371,0.0,0.0,278.8395,96.0555,0.0,0.0,38924.49940752353
20-09-2040 21:00:00,6419.349129893674,862.9852916292272,5412.967505634057,457.38699999999994,3053.49,0.0,498.34815000000003,11023.395394351352,0.0,0.0,289.5695,96.2415,0.0,0.0,39251.58808980481
20-09-2040 22:00:00,6004.588858806704,2.4120236637169135,4782.116790813244,449.155,2673.1259999999997,0.0,498.69495000000006,9242.249737965663,0.0,0.0,290.1815,96.8785,0.0,0.0,35623.23086214592
20-09-2040 23:00:00,5733.448986143287,8.771978436208146,3836.332832227983,438.656,1998.898,0.0,496.02615000000003,7291.21331700942,0.0,0.0,282.8245,96.5285,0.0,0.0,32515.973618426946
21-09-2040 00:00:00,5376.772712027418,1.4385611985396838,2436.75187829577,451.202,2035.719,0.0,482.7594,6255.534213906543,0.0,0.0,283.0375,96.3015,0.0,0.0,30932.87789967183
21-09-2040 01:00:00,5379.027537585691,4.542824837493738,1409.5986336954982,451.389,2116.275,0.0,480.9103500000001,4714.875281676999,0.0,0.0,282.54,97.385,0.0,0.0,29320.849129706054
21-09-2040 02:00:00,5254.02588742548,1.3303987024088806,409.6821740547416,448.591,1928.289,0.0,480.3366000000001,4012.912334459168,0.0,0.0,283.8915,96.5745,0.0,0.0,28171.056433815254
21-09-2040 03:00:00,5459.365850615639,2.001006178419861,346.3213240344298,449.57199999999995,1680.351,0.0,481.75095000000005,3596.5787250212597,0.0,0.0,285.557,96.931,0.0,0.0,27697.874012062905
21-09-2040 04:00:00,5180.10396479206,0.9626462155641495,343.0373181198119,454.0,1549.662,0.0,481.54740000000004,3903.674942859827,0.0,0.0,281.7405,96.7525,0.0,0.0,27591.325448979038
21-09-2040 05:00:00,5038.664907045805,4.294051096392891,319.07479425024155,453.004,1590.661,0.0,483.1854000000001,4370.540822032217,0.0,0.0,282.2305,97.6625,0.0,0.0,27974.088347191406
21-09-2040 06:00:00,4897.825331223277,5.8299585414502975,97.68212251670343,444.316,1888.225,0.0,486.7692,6284.7908518285585,0.0,0.0,282.2245,97.4355,0.0,0.0,30089.633034737682
21-09-2040 07:00:00,4331.2568989222445,66.44422137315246,99.35823236036595,445.551,2520.357,0.0,495.93465000000003,10013.706190208417,0.0,0.0,283.15,96.09700000000001,0.0,0.0,34069.565789845925
21-09-2040 08:00:00,3794.6006808024945,2398.2113129610098,101.33643176887463,445.43,2551.299,0.0,507.92595000000006,24253.00088470646,0.0,0.0,282.572,96.529,0.0,0.0,35543.68216844758
21-09-2040 09:00:00,3650.8178421157363,12796.185737253909,404.99491338729007,451.30300000000005,2820.755,0.0,506.5633500000001,14750.48557701812,0.0,0.0,280.793,95.84,0.0,0.0,36671.54366236436
21-09-2040 10:00:00,2766.643886624529,22776.96659772069,9298.346040438511,444.305,2673.633,0.0,503.9113500000001,0.0,0.0,0.0,279.36400000000003,96.891,0.0,0.0,37410.4056811578
21-09-2040 11:00:00,3435.306024348802,29148.884142283983,17805.607213967014,439.452,2514.051,0.0,499.8525000000001,0.0,0.0,0.0,274.366,95.90700000000001,0.0,0.0,38088.37340708638
21-09-2040 12:00:00,4206.707760923813,32900.14338434367,18761.564769510314,425.38199999999995,2545.001,0.0,497.74845000000005,0.0,0.0,0.0,272.9735,95.4275,0.0,0.0,38941.48979901582
21-09-2040 13:00:00,5245.582861364225,34410.67590780879,18487.842389285684,442.95,2309.5570000000002,0.0,493.25985000000014,0.0,0.0,0.0,276.291,93.244,0.0,0.0,39210.843600461696
21-09-2040 14:00:00,6274.073387835571,33741.0527105126,18107.813716709228,436.694,1896.8110000000001,0.0,489.8473500000001,0.0,0.0,0.0,278.8325,92.3685,0.0,0.0,38385.831806653696
21-09-2040 15:00:00,7817.0509041247415,30989.387992695352,15550.372184845088,444.01800000000003,1648.355,0.0,483.29415000000006,0.0,0.0,0.0,281.8065,94.5995,0.0,0.0,37578.195470530154
21-09-2040 16:00:00,9150.569436263953,26186.627044500066,14073.963033195227,448.092,1511.862,0.0,485.01495000000006,0.0,0.0,0.0,286.1035,94.6765,0.0,0.0,37434.714573405974
21-09-2040 17:00:00,11214.87577155205,19571.700819879694,14266.218679158123,453.168,1522.4070000000002,1534.5712873832945,486.9342000000001,0.0,0.0,0.0,296.784,94.742,0.0,0.0,37507.08496035044
21-09-2040 18:00:00,13120.795114966355,11047.814701046766,12845.34528331659,458.624,1497.729,7843.858699513081,488.99190000000004,0.0,0.0,0.0,298.8625,95.2515,0.0,0.0,37050.16466898121
21-09-2040 19:00:00,15742.600301193308,2788.3642527544307,6789.9891904495325,448.991,2041.729,8000.0,492.25395000000003,0.0,0.0,0.0,303.3565,95.2945,0.0,0.0,36861.756641195105
21-09-2040 20:00:00,18488.157894603926,45.958244605978315,3370.072206124959,440.436,2544.151,5448.264965524089,491.3932500000001,0.0,0.0,0.0,305.586,95.59299999999999,0.0,0.0,39186.30591160227
21-09-2040 21:00:00,20464.41000435993,7.8634134687094,2087.7214930023974,450.869,2427.652,0.0,492.68745000000007,0.0,0.0,0.0,306.0065,96.5835,0.0,0.0,39467.43825232148
21-09-2040 22:00:00,20700.594279432127,0.9301974667249082,1794.6848702769596,444.352,1876.5379999999998,0.0,491.3533500000001,0.0,0.0,0.0,303.507,95.348,0.0,0.0,35728.622357399814
21-09-2040 23:00:00,20736.396886967184,7.647088476447793,1847.1997304368272,441.958,1524.1370000000002,0.0,487.23765000000003,0.0,0.0,0.0,299.595,86.57,0.0,0.0,32673.48027121414
22-09-2040 00:00:00,20857.619867195266,0.6489749767848197,1622.4548390159644,441.749,1166.879,0.0,477.08865000000003,0.0,0.0,0.0,302.785,89.866,0.0,0.0,31025.894563830487
22-09-2040 01:00:00,21557.62910809245,6.089548532164224,1062.4782340379268,438.774,933.822,0.0,471.55860000000007,0.0,0.0,0.0,306.4055,91.6965,0.0,0.0,29189.117611502796
22-09-2040 02:00:00,19754.97922819695,1.5899886931228084,595.2528702923298,437.60699999999997,1106.7930000000001,0.0,470.3890500000001,0.0,0.0,0.0,305.2235,91.2885,0.0,0.0,28180.515977369934
22-09-2040 03:00:00,17670.963474306864,1.7738649365451737,281.2843641704554,435.86699999999996,1107.646,0.0,472.55730000000005,0.0,0.0,0.0,294.937,88.789,0.0,0.0,27956.400350345113
22-09-2040 04:00:00,17043.340708793294,0.6814237256240607,219.0928931108384,436.051,1034.05,0.0,472.6339500000001,0.0,0.0,0.0,301.379,83.624,0.0,0.0,27719.367061049237
22-09-2040 05:00:00,16359.718596353061,3.0826311397278934,226.21635994640405,438.452,1034.042,0.0,474.67590000000007,0.0,0.0,0.0,304.5585,83.8835,0.0,0.0,28137.072660025347
22-09-2040 06:00:00,15658.170040580762,5.58118480034945,216.96852133224286,439.37,1220.812,0.0,477.9252,0.0,0.0,0.0,301.8735,84.3015,0.0,0.0,30413.915967725276
22-09-2040 07:00:00,16204.518527738304,62.626085259735106,214.74670130692277,424.681,1558.297,0.0,483.4743000000001,0.0,0.0,0.0,301.988,84.07,0.0,0.0,34497.74145074321
22-09-2040 08:00:00,16628.990405989643,1662.100629293215,205.14804900455317,428.217,1864.614,0.0,494.2719,0.0,0.0,0.0,297.547,85.476,0.0,0.0,36198.066272431795
22-09-2040 09:00:00,15125.760475056182,9942.253379344987,382.25049260177667,432.787,2007.069,0.0,495.8878500000001,0.0,0.0,0.0,284.4475,84.4375,0.0,0.0,37385.85004746607
22-09-2040 10:00:00,13917.208784449353,18544.189555385896,5463.601614632139,426.31,2191.139,0.0,495.42285000000015,0.0,0.0,0.0,280.965,83.902,0.0,0.0,38292.62447865229
22-09-2040 11:00:00,13251.938554125776,24679.869392149907,15982.438221172462,413.702,2152.0,0.0,494.11965000000004,0.0,0.0,0.0,289.42400000000004,81.32300000000001,0.0,0.0,38842.77041670585
22-09-2040 12:00:00,12315.574862642556,28671.552230609137,18587.30781471745,413.038,2529.405,0.0,492.2010000000001,0.0,0.0,0.0,298.7785,86.3165,0.0,0.0,39525.658765179855
22-09-2040 13:00:00,11756.440006195728,30777.000115292904,18610.15942857436,424.973,2482.824,0.0,490.4589,0.0,0.0,0.0,305.2715,87.1385,0.0,0.0,39529.35801757971
22-09-2040 14:00:00,12451.796493839734,30809.037846646846,18248.39255743409,421.68199999999996,1912.129,0.0,492.18300000000005,0.0,0.0,0.0,311.85200000000003,91.475,0.0,0.0,38159.796830278596
22-09-2040 15:00:00,13094.3096168136,29163.637506756233,18476.294772048823,419.411,1778.5279999999998,0.0,491.0010000000001,0.0,0.0,0.0,308.024,91.25399999999999,0.0,0.0,36998.126150835735
22-09-2040 16:00:00,13831.598898115928,26020.781489182707,19585.411736969134,422.62199999999996,1696.4170000000001,0.0,488.85690000000005,0.0,0.0,0.0,307.9975,92.0395,0.0,-4367.981190858838,36594.60295095419
22-09-2040 17:00:00,15300.534595386933,20395.596185407245,19347.725718383244,428.654,1654.7779999999998,0.0,494.70615000000004,0.0,0.0,0.0,296.776,91.124,0.0,-4737.907886524168,36582.6150553045
22-09-2040 18:00:00,16629.802607305657,11881.271631232283,16573.851630543846,426.434,1597.096,2405.6987561822643,495.9775500000001,0.0,0.0,0.0,301.6935,90.9505,0.0,0.0,36404.77578601699
22-09-2040 19:00:00,17845.923240652697,2727.9987636638293,10313.844474730528,433.532,1789.125,8000.0,494.44095000000004,0.0,0.0,0.0,315.844,93.17200000000001,0.0,0.0,36432.305401804784
22-09-2040 20:00:00,18528.470153255534,26.964910285409264,6400.205948375947,434.51800000000003,2585.871,8000.0,494.0290500000001,0.0,0.0,0.0,306.964,82.331,0.0,0.0,38285.45963052264
22-09-2040 21:00:00,18772.815117741044,7.8417809694832386,5305.131275808653,438.55699999999996,2480.835,5324.301243817736,498.7431000000001,0.0,0.0,0.0,296.1275,73.6465,0.0,0.0,38130.73891294352
22-09-2040 22:00:00,18750.24365640642,1.2655012047303984,4259.2972023112825,432.06300000000005,2023.266,0.0,493.28700000000003,0.0,0.0,0.0,292.5625,72.4055,0.0,0.0,34985.27712134728
22-09-2040 23:00:00,18617.92059152612,7.030562248502214,3782.336758717902,434.07599999999996,1460.9070000000002,0.0,483.82515,0.0,0.0,0.0,282.6395,72.4495,0.0,0.0,32409.64787034363
23-09-2040 00:00:00,17208.697161483567,0.6489749767848197,2346.885105166377,430.60699999999997,1568.145,0.0,462.87945,0.0,0.0,0.0,295.841,77.422,0.0,0.0,30847.386101840028
23-09-2040 01:00:00,15653.049304664548,6.749339758562126,1830.136542435356,430.531,1394.4070000000002,0.0,460.4983500000001,0.0,0.0,0.0,302.578,81.079,0.0,0.0,29345.4200912753
23-09-2040 02:00:00,14904.49749844679,1.4926424466050854,715.474772276425,431.931,1389.8120000000001,0.0,456.6472500000001,0.0,0.0,0.0,307.5345,80.9305,0.0,0.0,28093.399424517454
23-09-2040 03:00:00,14557.699139383805,2.0550874264852625,577.5855031611662,430.689,1360.1029999999998,0.0,459.7179,0.0,0.0,0.0,309.067,82.955,0.0,0.0,27207.130328842057
23-09-2040 04:00:00,13250.851751412441,1.016727463629551,354.43876298658597,430.195,1367.1370000000002,0.0,458.25000000000006,0.0,0.0,0.0,299.606,88.35799999999999,0.0,0.0,26862.17008903448
23-09-2040 05:00:00,13118.215408881677,4.7807823289815055,267.2323269927732,433.827,1255.546,0.0,456.05565,0.0,0.0,0.0,309.6805,89.8625,0.0,0.0,26623.842528712008
23-09-2040 06:00:00,13599.738628145182,6.468117268622036,269.94138825171615,435.98699999999997,1200.072,0.0,456.9156000000001,0.0,0.0,0.0,313.318,88.89399999999999,0.0,0.0,27022.56062590579
23-09-2040 07:00:00,14377.661181000209,62.4638415155389,283.5354186697929,426.909,1211.368,0.0,458.78220000000005,0.0,0.0,0.0,301.225,82.25200000000001,0.0,0.0,28334.121872245025
23-09-2040 08:00:00,14057.936199137765,1861.5522721584164,283.67184621520727,411.423,1350.025,0.0,458.0271000000001,0.0,0.0,0.0,265.0535,77.4875,0.0,0.0,29312.141399852855
23-09-2040 09:00:00,13220.699744461668,11025.749551836081,492.5229285952939,405.69699999999995,1668.131,0.0,462.18225000000007,0.0,0.0,0.0,263.41200000000003,77.012,0.0,0.0,31806.934789294315
23-09-2040 10:00:00,12688.522236455949,20680.83150395379,7993.591975393974,408.33099999999996,1695.8729999999998,0.0,459.55815,0.0,0.0,0.0,250.521,78.264,0.0,0.0,33745.18042177416
23-09-2040 11:00:00,12842.763133992745,27595.562535349527,16173.865557038194,405.036,1535.754,0.0,454.0483500000001,0.0,0.0,0.0,251.428,73.083,0.0,0.0,34416.55977730939
23-09-2040 12:00:00,11374.059494240602,31754.086024090517,17707.81789837891,397.065,1547.612,0.0,447.6553500000001,0.0,0.0,0.0,252.1335,71.7995,0.0,0.0,34791.82996035273
23-09-2040 13:00:00,10182.649119027028,33953.408139166204,18584.06278810152,398.345,1529.665,0.0,446.43915000000004,0.0,0.0,0.0,247.422,71.877,0.0,0.0,34946.85274927484
23-09-2040 14:00:00,11049.882875641326,33954.71690536939,18874.517032288757,401.92699999999996,1311.525,0.0,442.72215000000006,0.0,0.0,0.0,239.231,71.67,0.0,-10202.798133516164,34178.889446468354
23-09-2040 15:00:00,12061.278498223188,32380.2927954398,19183.350015808246,399.964,1150.017,0.0,441.03795,0.0,0.0,0.0,232.59799999999998,71.648,0.0,-12200.0,32577.076519966777
23-09-2040 16:00:00,11544.149920315658,29162.490984297252,19993.183925388068,399.784,1156.731,0.0,441.34845000000007,0.0,0.0,0.0,232.7655,71.6085,0.0,-12200.0,31829.354240245975
23-09-2040 17:00:00,11741.77010337835,23356.01452075694,19722.589633883297,395.43300000000005,1018.677,0.0,441.68745000000007,0.0,0.0,0.0,234.7555,71.2395,0.0,-8662.047797094094,31430.42005736374
23-09-2040 18:00:00,10658.386370820248,13883.911063343721,17906.32972178152,386.181,1234.628,0.0,442.04595000000006,0.0,0.0,0.0,238.15,71.32300000000001,0.0,-11681.66493980984,31688.48842857272
23-09-2040 19:00:00,9704.568086293306,3142.3801025905495,11563.569514849703,374.29400000000004,1823.5829999999999,8000.0,444.66315000000003,0.0,0.0,0.0,239.3455,71.9965,0.0,0.0,32064.09918957827
23-09-2040 20:00:00,9037.456866320093,19.955980536133207,6537.227928095357,370.14099999999996,2893.7670000000003,8000.0,446.51880000000006,0.0,0.0,0.0,244.005,71.399,0.0,0.0,34343.75123737727
23-09-2040 21:00:00,9036.126403211952,9.074833425374397,5244.840045560166,371.066,2810.986,8000.0,448.9870500000001,0.0,0.0,0.0,246.6945,71.9525,0.0,0.0,34991.16489558125
23-09-2040 22:00:00,9055.313692396508,1.3736637008612018,4291.2602272369395,369.565,2380.549,6803.600428361897,450.25275000000005,0.0,0.0,0.0,246.8785,72.3005,0.0,0.0,32533.321037311045
23-09-2040 23:00:00,9687.66656366954,7.171173493472257,3291.0221883819927,368.718,2237.075,0.0,449.77725000000004,1380.2436873713523,0.0,0.0,246.7135,72.3575,0.0,0.0,30558.712071513717
24-09-2040 00:00:00,10337.694482629213,0.6057099783324984,2024.9843117611229,366.57199999999995,1715.3229999999999,0.0,443.50155000000007,0.0,0.0,0.0,241.8665,72.9295,0.0,0.0,28771.98736871097
24-09-2040 01:00:00,10008.153467718916,6.92239975237141,812.1336882025206,365.351,1492.8429999999998,0.0,443.2341000000001,0.0,0.0,0.0,234.8385,73.5335,0.0,0.0,27160.9747248718
24-09-2040 02:00:00,9697.482596717393,1.7522324373190132,294.2644706341674,363.98,1277.739,0.0,443.0907000000001,0.0,0.0,0.0,241.641,73.257,0.0,0.0,25983.86700347897
24-09-2040 03:00:00,9463.379104064317,2.3146774171991904,287.07279002589456,364.49800000000005,1220.9089999999999,0.0,443.6154,0.0,0.0,0.0,234.518,73.105,0.0,0.0,25302.77986754285
24-09-2040 04:00:00,9263.631727078726,1.254684955117318,295.9113460038126,367.037,1124.505,0.0,444.1054500000001,0.0,0.0,0.0,253.09799999999998,73.643,0.0,0.0,24723.794340946668
24-09-2040 05:00:00,9044.03182935451,4.6942523320768625,302.4793578330482,364.601,1127.607,0.0,443.4138000000001,0.0,0.0,0.0,253.8425,73.9085,0.0,0.0,24658.241121006853
24-09-2040 06:00:00,9017.627551333355,6.868318504306009,297.1879180359044,366.01800000000003,1059.282,0.0,444.38400000000007,0.0,0.0,0.0,252.8755,73.7375,0.0,0.0,24905.28276664395
24-09-2040 07:00:00,9243.021151778486,65.79524639636763,295.5410426662592,364.583,1143.329,0.0,444.8115,0.0,0.0,0.0,251.775,73.278,0.0,0.0,25418.455247083264
24-09-2040 08:00:00,9278.293894645476,2316.213324644248,285.5038732536291,361.09,1199.397,0.0,446.21175000000005,0.0,0.0,0.0,241.226,64.366,0.0,0.0,25465.03853622233
24-09-2040 09:00:00,8664.99681329631,13272.998468947331,679.9256518713038,367.55,1388.769,0.0,436.5303000000001,0.0,0.0,0.0,241.57,63.38,0.0,0.0,27532.02562923048
24-09-2040 10:00:00,7657.847843309617,23450.45119612875,10319.61341093662,375.19599999999997,1382.2910000000002,0.0,427.6635000000001,0.0,0.0,0.0,234.5995,62.2375,0.0,0.0,29242.210388543448
24-09-2040 11:00:00,7929.146288610922,30029.013189549954,18719.165037360457,365.525,1229.483,0.0,424.08570000000003,0.0,0.0,0.0,241.4655,61.7075,0.0,0.0,30304.085743442225
24-09-2040 12:00:00,9295.497092043764,33702.25482315048,19724.519109168446,367.36199999999997,1180.9189999999999,0.0,423.26595000000003,0.0,0.0,0.0,258.2935,62.1555,0.0,0.0,30703.015066265718
24-09-2040 13:00:00,11956.991849246706,35242.44550305467,19750.06029463495,368.00199999999995,1021.448,0.0,419.46870000000007,0.0,0.0,0.0,260.183,62.06399999999999,0.0,-7624.024531275178,31378.959886207893
24-09-2040 14:00:00,12620.800117201452,35088.96292104506,19812.08610367514,362.598,1087.4560000000001,0.0,416.8335,0.0,0.0,0.0,263.4525,61.4785,0.0,-12200.0,31326.58116395083
24-09-2040 15:00:00,12406.75799705398,33360.104399139906,19955.724819347146,362.26,965.197,0.0,415.13910000000004,0.0,0.0,0.0,263.3935,61.1095,0.0,-12200.0,30005.936841683673
24-09-2040 16:00:00,12641.155429230947,29570.14461596463,20089.365344905214,364.06,1064.053,0.0,415.3623000000001,0.0,0.0,0.0,269.092,60.91,0.0,-12200.0,29408.19485302051
24-09-2040 17:00:00,13794.45035697147,23007.569039471564,19677.02283371489,364.525,987.0110000000001,0.0,415.09350000000006,0.0,0.0,0.0,271.9805,60.9905,0.0,-12200.0,29241.607367409444
24-09-2040 18:00:00,14182.199132862932,13662.567331261645,17858.151308600896,365.25699999999995,1125.11,0.0,418.12890000000004,0.0,0.0,0.0,268.165,60.257,0.0,-12200.0,29493.723662068835
24-09-2040 19:00:00,12069.775671038846,2980.4283971338978,11338.405595967924,366.381,1675.145,0.0,426.59220000000005,0.0,0.0,0.0,269.094,61.07899999999999,0.0,-9.331523305456358,30022.609460104726
24-09-2040 20:00:00,11308.236379015461,18.820274326759773,6616.287690662996,368.9,2533.97,8000.0,433.05180000000007,0.0,0.0,0.0,272.718,61.031000000000006,0.0,0.0,33223.540597463776
24-09-2040 21:00:00,12347.490506736678,9.51829965951069,5454.75331382955,372.80800000000005,2790.027,8000.0,437.58555000000007,0.0,0.0,0.0,273.0205,61.7645,0.0,0.0,34573.721739776935
24-09-2040 22:00:00,12841.850374418555,1.276317454343479,4729.904020218222,370.745,2290.394,8000.0,443.5195500000001,0.0,0.0,0.0,277.658,61.964,0.0,0.0,32783.72808669785
24-09-2040 23:00:00,12984.264073744029,7.095459746180695,3710.332249213121,370.533,1741.5770000000002,4563.855572115059,444.96840000000003,0.0,0.0,0.0,277.1275,61.5615,0.0,0.0,30459.775108112604
25-09-2040 00:00:00,12668.24814455806,0.6381587271717395,2595.339155015326,362.07199999999995,1282.103,0.0,440.0053500000001,0.0,0.0,0.0,268.857,61.611000000000004,0.0,0.0,28575.102650786976
25-09-2040 01:00:00,12676.88455188503,6.003018535259583,1657.575187135497,361.158,927.698,0.0,437.29755000000006,0.0,0.0,0.0,274.017,61.842,0.0,0.0,27135.641855632904
25-09-2040 02:00:00,12417.838743579627,2.2065149210683868,771.4393003703424,373.605,855.403,0.0,436.68240000000003,0.0,0.0,0.0,273.5155,61.4485,0.0,0.0,26269.03880070958
25-09-2040 03:00:00,12254.091223020127,2.152433673002985,432.44608448959985,367.64599999999996,914.308,0.0,438.05250000000007,0.0,0.0,0.0,272.8305,62.3155,0.0,0.0,25849.346185411596
25-09-2040 04:00:00,12322.969762243616,0.9518299659510692,430.14630586690026,370.996,870.437,0.0,439.2933000000001,0.0,0.0,0.0,271.5945,62.3295,0.0,0.0,25887.90701297933
25-09-2040 05:00:00,12141.51238536965,4.640171084011461,438.28323446840136,367.029,923.3489999999999,0.0,435.30465000000004,0.0,0.0,0.0,271.42900000000003,62.181000000000004,0.0,0.0,26275.369587989946
25-09-2040 06:00:00,12808.840192360467,6.414036020556635,278.68249598290953,367.844,1271.629,0.0,440.73345000000006,0.0,0.0,0.0,269.4305,62.3955,0.0,0.0,28945.529598374003
25-09-2040 07:00:00,13903.969902998288,64.85423268002965,181.92613181008946,364.228,1862.943,0.0,451.86585000000014,279.456324061699,0.0,0.0,277.1275,61.3895,0.0,0.0,33094.44510034908
25-09-2040 08:00:00,14898.792751108105,2151.0491930525113,176.31311279875453,371.376,2063.841,0.0,469.93095000000005,0.0,0.0,0.0,276.8815,62.6965,0.0,0.0,35152.32033092754
25-09-2040 09:00:00,13241.34126076442,13194.353518010625,591.5108576181065,371.12300000000005,2253.4210000000003,0.0,472.17285000000015,0.0,0.0,0.0,263.582,62.893,0.0,0.0,36365.9513937255
25-09-2040 10:00:00,12013.567472345207,23389.512445808654,10886.508841432104,375.325,2325.842,0.0,468.6771000000001,0.0,0.0,0.0,260.9915,61.8965,0.0,0.0,37295.32584573794
25-09-2040 11:00:00,12633.652236121081,29912.284223725583,18468.96666389514,377.11800000000005,2357.444,0.0,467.57400000000007,0.0,0.0,0.0,255.7245,61.6305,0.0,0.0,38099.349662817556
25-09-2040 12:00:00,13331.54588597131,33684.64596878039,19587.263253656896,372.288,1971.789,0.0,465.3640500000001,0.0,0.0,0.0,260.258,60.846000000000004,0.0,0.0,38875.54515742239
25-09-2040 13:00:00,14452.778199855766,34906.481973822774,19506.809981161092,378.204,1897.729,0.0,464.78115,0.0,0.0,0.0,263.143,60.896,0.0,0.0,39082.360844598494
25-09-2040 14:00:00,15457.068994735144,34755.53039422263,19527.088961304475,367.73400000000004,1457.66,0.0,467.84790000000004,0.0,0.0,0.0,262.0585,57.8685,0.0,-12200.0,38088.86464686944
25-09-2040 15:00:00,17365.146473074863,32930.93724699211,19790.637744571064,353.726,1298.119,0.0,466.00440000000003,0.0,0.0,0.0,264.807,57.373000000000005,0.0,-12200.0,37406.89185869129
25-09-2040 16:00:00,19943.986209684557,29191.867918246367,20008.083762312257,350.039,1189.51,0.0,464.97255000000007,0.0,0.0,0.0,263.448,57.851000000000006,0.0,-12200.0,37378.528182054164
25-09-2040 17:00:00,22346.164424810093,22869.023698177614,19726.682460245727,326.482,1158.182,0.0,467.37465000000003,0.0,0.0,0.0,269.0805,57.7145,0.0,-12200.0,37426.81922106312
25-09-2040 18:00:00,24329.161673114337,13967.715365345866,18935.646317459075,330.086,1057.597,0.0,470.8840500000001,0.0,0.0,0.0,272.5895,58.2955,0.0,-12200.0,36920.932342520544
25-09-2040 19:00:00,24735.0882879833,3530.5212199559373,12494.638788179556,345.543,1377.839,0.0,475.53435000000013,0.0,0.0,0.0,263.51099999999997,58.373999999999995,0.0,-7362.9972535829365,36884.54657816278
25-09-2040 20:00:00,22252.026424658496,27.33266277225399,6250.311055264223,385.934,2283.363,6359.644078477726,476.8102500000001,0.0,0.0,0.0,257.865,58.365,0.0,0.0,39370.53354117359
25-09-2040 21:00:00,21407.414408507906,9.994214642486225,4871.0578055987535,395.126,2205.0389999999998,8000.0,483.4230000000001,0.0,0.0,0.0,258.46299999999997,58.354,0.0,0.0,39274.42027189844
25-09-2040 22:00:00,20312.01396409808,2.044271176872182,4744.696664071011,394.6,1723.0439999999999,6763.256534656473,484.4358000000001,0.0,0.0,0.0,264.9185,58.0935,0.0,0.0,35585.4827859392
25-09-2040 23:00:00,18807.952493722034,6.435668519782796,4269.344116548586,390.959,1080.231,5936.2212070384485,474.8436000000001,0.0,0.0,0.0,263.7095,57.7115,0.0,0.0,32332.147130626723
26-09-2040 00:00:00,18259.22928462147,0.7138724744633017,3483.385027416283,387.546,851.207,0.0,462.7813500000001,0.0,0.0,0.0,260.131,58.656000000000006,0.0,0.0,30592.942960597862
26-09-2040 01:00:00,17075.18673563176,6.965664750823732,2768.066172334617,386.145,829.8960000000001,0.0,459.79320000000007,0.0,0.0,0.0,249.642,60.235,0.0,0.0,29149.760482003603
26-09-2040 02:00:00,15309.580970997225,1.9144761815152183,1352.9422230498362,382.985,851.42,0.0,457.55715000000004,0.0,0.0,0.0,259.993,60.21,0.0,0.0,28296.069107740583
26-09-2040 03:00:00,13408.070720441296,2.466104911782315,942.1588838071069,384.241,832.002,0.0,456.1377,0.0,0.0,0.0,266.4575,61.3135,0.0,0.0,27783.071963266462
26-09-2040 04:00:00,11865.518642936706,1.7197836884797724,461.58311026024467,383.598,870.0310000000001,0.0,451.6473000000001,0.0,0.0,0.0,266.3545,62.2105,0.0,0.0,27605.51121272965
26-09-2040 05:00:00,10818.741983979053,4.532008587880657,180.3084909144617,388.784,938.2669999999999,0.0,450.4140000000001,0.0,0.0,0.0,273.7265,62.6755,0.0,0.0,28027.487307932483
26-09-2040 06:00:00,10116.43150601982,6.089548532164224,271.8123945888277,388.14599999999996,1034.726,0.0,453.62250000000006,2260.9312088865263,0.0,0.0,274.5555,62.9185,0.0,0.0,30331.97575127789
26-09-2040 07:00:00,9095.258526643249,64.67035643660729,297.72388339288943,386.431,1608.11,0.0,463.4128500000001,6719.894559170676,0.0,0.0,274.543,62.338,0.0,0.0,34531.140148231374
26-09-2040 08:00:00,7663.657016531791,2180.231434508602,460.053172786669,381.608,2070.4410000000003,0.0,469.9458000000001,7236.1019490909275,0.0,0.0,275.0345,62.8205,0.0,0.0,36285.22207960481
26-09-2040 09:00:00,6065.500089882606,13266.065252945345,1154.64478579002,375.73900000000003,1982.879,0.0,464.47710000000006,0.0,0.0,0.0,272.387,61.133,0.0,0.0,37448.999033733984
26-09-2040 10:00:00,4642.84439712327,23286.95276697743,13131.92108728419,383.645,1750.4370000000001,0.0,466.53420000000006,0.0,0.0,0.0,269.0665,58.2835,0.0,0.0,37943.35635755081
26-09-2040 11:00:00,3140.9101206701207,29451.804028947918,19701.930605577687,376.059,1714.6429999999998,0.0,466.2757500000001,0.0,0.0,0.0,268.193,58.372,0.0,0.0,38374.50637439485
26-09-2040 12:00:00,1848.369078736584,33485.994728386555,20192.757934679976,378.12800000000004,1760.068,0.0,465.68895000000003,0.0,0.0,0.0,256.52299999999997,57.883,0.0,0.0,39077.29815879768
26-09-2040 13:00:00,1464.847617313722,35010.50184635177,20041.18693172459,375.121,1665.829,0.0,464.0508000000001,0.0,0.0,0.0,257.2465,57.4795,0.0,0.0,39355.695408000276
26-09-2040 14:00:00,1733.0867709913664,35035.26024171611,19946.69136687578,369.79,1370.8370000000002,0.0,467.69520000000006,0.0,0.0,0.0,256.9495,57.3605,0.0,0.0,38335.495804468665
26-09-2040 15:00:00,2243.31163771276,33174.7787782694,20073.978266747403,367.69800000000004,1433.57,0.0,468.15315000000004,0.0,0.0,0.0,256.108,56.946000000000005,0.0,0.0,37692.567232777146
26-09-2040 16:00:00,2646.5657234895016,29692.37905284205,20362.04502888989,374.87699999999995,1455.376,0.0,468.4407000000001,0.0,0.0,0.0,259.0965,56.8585,0.0,0.0,37634.86188614488
26-09-2040 17:00:00,3400.2073246209584,23261.458866639397,20206.176558253952,374.298,1365.132,0.0,468.32070000000004,0.0,0.0,0.0,265.1815,56.9985,0.0,0.0,37731.75126941517
26-09-2040 18:00:00,4513.286684342738,14202.211656957446,18530.475997227684,397.31300000000005,1258.226,8000.0,471.0558000000001,0.0,0.0,0.0,269.5135,58.5165,0.0,0.0,37215.14534440384
26-09-2040 19:00:00,5289.205807284925,3318.046812556587,11992.82904167141,406.235,1818.2620000000002,8000.0,472.2274500000001,0.0,0.0,0.0,272.3235,60.5005,0.0,0.0,37191.57705033699
26-09-2040 20:00:00,6334.071859337285,17.60885437009478,6542.051616308224,409.976,2855.225,8000.0,472.78425000000004,4617.39818245951,0.0,0.0,272.8455,61.1295,0.0,0.0,39775.621306117624
26-09-2040 21:00:00,6294.792256644614,8.360960950911094,5031.555067954111,410.327,2957.667,7730.0,473.7219,4976.453768086318,0.0,0.0,269.3025,61.4535,0.0,0.0,39709.875179231036
26-09-2040 22:00:00,6078.073739779599,1.3412149520219607,4980.560400443147,403.93800000000005,2035.013,0.0,473.2695000000001,10073.889220528508,0.0,0.0,270.348,61.644,0.0,0.0,35797.84716478973
26-09-2040 23:00:00,6504.73856158418,6.349138522878155,4895.575784474653,398.371,1260.075,0.0,468.8020500000001,7326.678560897253,0.0,0.0,258.93,61.363,0.0,0.0,32570.540862518144
27-09-2040 00:00:00,6988.988456694312,0.5732612294932574,4085.741874894833,399.505,1383.6070000000002,0.0,454.57245,5310.603459429054,0.0,0.0,255.412,61.285,0.0,0.0,30982.341334388315
27-09-2040 01:00:00,7985.331281552673,5.6028172995756105,3570.3478427932837,398.392,1048.5919999999999,0.0,450.04650000000004,3248.1837945731822,0.0,0.0,255.5265,61.4365,0.0,0.0,29477.54228343085
27-09-2040 02:00:00,9245.720754247912,1.481826196992005,2296.4069133630524,396.76099999999997,950.943,0.0,450.48480000000006,1153.5027639322616,0.0,0.0,256.9915,61.3755,0.0,0.0,28384.096734680857
27-09-2040 03:00:00,10947.220629296873,2.271412418746869,1533.874382743335,397.796,941.7230000000001,0.0,450.76095000000004,0.0,0.0,0.0,256.2745,61.3195,0.0,0.0,27912.966379267327
27-09-2040 04:00:00,12237.812388071972,1.871211183062897,577.4685652650968,398.73199999999997,909.842,0.0,450.9895500000001,0.0,0.0,0.0,258.2535,62.1345,0.0,0.0,27784.929253405167
27-09-2040 05:00:00,13215.165172636813,2.95283614437093,398.65103252552086,400.214,1002.2410000000001,0.0,453.64245000000005,0.0,0.0,0.0,266.8285,62.2215,0.0,0.0,28187.56567949262
27-09-2040 06:00:00,13853.458716392706,4.867312325886148,290.1326649730459,393.79400000000004,1176.7730000000001,0.0,457.0035000000001,0.0,0.0,0.0,279.099,62.21,0.0,0.0,30528.64662661746
27-09-2040 07:00:00,14024.044198508002,60.79813907512454,75.84397042572854,393.411,1615.8120000000001,0.0,466.44120000000004,1957.3710382203608,0.0,0.0,279.4185,60.9895,0.0,0.0,34687.5058087675
27-09-2040 08:00:00,12762.034190806047,1723.5369270955114,89.96422137611796,395.57199999999995,2114.3979999999997,0.0,475.5024,2886.775483743055,0.0,0.0,279.6575,61.4975,0.0,0.0,36596.253875521914
27-09-2040 09:00:00,10817.887238784577,10188.095916800688,171.625852131303,387.471,2273.885,0.0,472.2205500000001,0.0,0.0,0.0,273.468,61.602,0.0,0.0,37514.4531832457
27-09-2040 10:00:00,9126.14538240375,17996.13018749112,1348.946844934129,394.786,2221.616,0.0,470.45490000000007,0.0,0.0,0.0,269.54,61.023,0.0,0.0,38392.78206449764
27-09-2040 11:00:00,8157.537298674685,22699.771024232134,3195.8444858061107,395.974,2076.577,0.0,466.76925000000006,0.0,0.0,0.0,258.3595,60.1805,0.0,0.0,38806.35324889161
27-09-2040 12:00:00,7735.873316401577,25905.588430803396,3997.960494245345,401.223,2043.658,0.0,463.8153000000001,0.0,0.0,0.0,255.625,58.493,0.0,0.0,39292.853726984795
27-09-2040 13:00:00,7781.93673389564,26985.23401843224,3796.0867063307383,386.485,1874.98,0.0,464.1312000000001,0.0,0.0,0.0,269.03700000000003,57.745,0.0,0.0,39587.68395632759
27-09-2040 14:00:00,8576.5635604834,26546.818972865258,4167.276822929275,385.32099999999997,1673.639,0.0,465.84075000000007,0.0,0.0,0.0,273.5115,58.8965,0.0,0.0,38363.571989938995
27-09-2040 15:00:00,8721.514422015096,24264.092757023107,2153.9180870023943,404.73800000000006,1465.516,738.845358586259,466.3368000000001,0.0,0.0,0.0,273.113,64.27600000000001,0.0,0.0,37650.061532918044
27-09-2040 16:00:00,8539.337666832656,20382.55178837387,2226.624223883591,406.57599999999996,1439.504,0.0,464.40225000000004,0.0,0.0,0.0,277.527,72.26,0.0,0.0,37378.72108900094
27-09-2040 17:00:00,8358.789181907563,14778.598782588884,2041.6966860743853,406.351,1605.221,0.0,470.58270000000005,0.0,0.0,0.0,275.555,71.771,0.0,0.0,37583.66864436885
27-09-2040 18:00:00,9437.605248969403,8231.490443042523,2563.5125576350833,412.171,1679.496,0.0,472.5399,3523.2305460245425,0.0,0.0,272.7555,70.4605,0.0,0.0,37067.15692972686
27-09-2040 19:00:00,9933.396138017592,1809.8722315071186,2172.1214194905424,411.895,2067.395,0.0,476.9448000000001,18634.29446061352,0.0,0.0,278.6625,70.3435,0.0,0.0,37003.02770699686
27-09-2040 20:00:00,10066.55074234048,13.412149520219607,313.00376847930113,419.584,2756.759,0.0,481.48935000000006,24247.721489233936,0.0,0.0,285.914,69.468,0.0,0.0,39678.77117716786
27-09-2040 21:00:00,9726.02180391208,7.960759715227122,103.81161723567854,421.71,2733.663,0.0,484.0203000000001,24562.0,0.0,0.0,293.5025,70.6365,87.46831138400375,0.0,39442.675879208145
27-09-2040 22:00:00,9648.677032875446,1.2006037070519164,89.65238698659932,409.704,2008.211,0.0,481.84770000000003,21820.547914197316,0.0,0.0,293.332,70.839,0.0,0.0,35650.192224912214
27-09-2040 23:00:00,9119.411846731444,5.213432313504719,90.96793831738096,407.496,1547.74,0.0,474.82320000000004,19945.105706546172,0.0,0.0,292.668,70.319,0.0,0.0,32676.953717808083
28-09-2040 00:00:00,9018.87292668458,0.5191799814278558,86.85562230560434,412.83099999999996,1597.316,0.0,460.8553500000001,18283.800501178663,0.0,0.0,292.0265,68.0895,0.0,0.0,30867.98789082423
28-09-2040 01:00:00,10618.043171166128,5.473022304218647,86.29042247460187,409.55300000000005,1009.5939999999999,0.0,458.7624,15798.78587299949,0.0,0.0,287.572,67.751,0.0,0.0,29338.324405519965
28-09-2040 02:00:00,11245.685274806265,1.5899886931228084,88.14193916236859,406.695,668.0189999999999,0.0,454.75845000000004,14671.381300599696,0.0,0.0,288.08299999999997,68.158,0.0,0.0,28462.03301043069
28-09-2040 03:00:00,11111.29303038278,1.95774117996754,83.22080270277807,409.289,676.822,0.0,459.65625000000006,14157.258153477642,0.0,0.0,284.6495,68.4025,0.0,0.0,27808.887099872278
28-09-2040 04:00:00,11498.701455246579,1.2655012047303984,88.1614288117135,407.532,658.9810000000001,0.0,459.3537,13608.178248009877,0.0,0.0,287.70599999999996,68.7,0.0,0.0,27632.693895093795
28-09-2040 05:00:00,11568.78669356815,4.056093604905123,86.1247604551701,404.485,617.127,0.0,462.7440000000001,13928.191400165779,0.0,0.0,289.825,68.403,0.0,0.0,27999.30793967668
28-09-2040 06:00:00,11687.43770296218,5.386492307314004,84.40967131281776,394.43699999999995,955.6619999999999,0.0,467.34540000000004,15691.656894220412,0.0,0.0,290.9195,70.5085,0.0,0.0,30287.626593754925
28-09-2040 07:00:00,11625.354581416022,58.959376640900885,92.21527587545538,395.225,1887.289,0.0,477.7141500000001,18756.19512920915,0.0,0.0,290.4415,71.5365,0.0,0.0,34412.26685004232
28-09-2040 08:00:00,10679.492002160725,1323.2816101634737,105.68262357279019,403.667,2141.009,0.0,486.5616000000001,19764.28796895048,0.0,0.0,290.43,71.653,0.0,0.0,36093.16900776629
28-09-2040 09:00:00,9580.08469792522,8953.215514724921,105.00048584571826,398.635,2420.811,0.0,483.72045,13857.93098077412,0.0,0.0,293.8685,71.1375,0.0,0.0,37055.60756091546
28-09-2040 10:00:00,8924.742661783614,18035.15521609511,1432.2748407083038,404.92900000000003,2554.325,0.0,477.55455000000006,4688.81532934644,0.0,0.0,294.615,71.015,0.0,0.0,37945.704887472566
28-09-2040 11:00:00,9312.325129786557,25178.822986801308,6961.683256353542,396.82,2195.748,0.0,474.6883500000001,0.0,0.0,0.0,281.0825,70.2555,0.0,0.0,38612.57223924691
28-09-2040 12:00:00,10091.284206225831,29634.825788650844,9422.485361940937,369.527,1872.592,0.0,473.54235000000006,0.0,0.0,0.0,274.1955,68.2535,0.0,0.0,39359.074644224864
28-09-2040 13:00:00,11096.650200942604,31995.136962967626,10119.250070846243,407.473,1509.9920000000002,0.0,475.8666000000001,0.0,0.0,0.0,287.9145,68.3915,0.0,0.0,39561.07102238765
28-09-2040 14:00:00,12174.928668085746,32070.6127527677,10007.701062820637,408.905,1104.556,0.0,475.9386000000001,0.0,0.0,0.0,283.8345,67.3715,0.0,0.0,38406.93044318106
28-09-2040 15:00:00,12308.918679476537,29930.747561815115,10998.038359808366,406.092,960.922,0.0,474.9234000000001,0.0,0.0,0.0,281.678,67.092,0.0,0.0,37735.418744507886
28-09-2040 16:00:00,12685.265695941258,26047.44354447895,9980.123208997582,404.161,1068.724,0.0,477.03765000000004,0.0,0.0,0.0,278.151,68.0,0.0,0.0,37562.026055113674
28-09-2040 17:00:00,13126.360627793725,19960.815399710256,8674.267978765058,400.12699999999995,1071.03,568.3573336703084,480.5958000000001,0.0,0.0,0.0,275.703,68.801,0.0,0.0,37727.59143298737
28-09-2040 18:00:00,13149.260837280068,11368.23527958466,7233.710037085164,403.61800000000005,1156.0439999999999,8000.0,487.0986000000001,0.0,0.0,0.0,277.6505,68.8155,0.0,0.0,37170.322518079425
28-09-2040 19:00:00,12642.025644926678,2141.0008971619595,4340.354653936775,402.685,1700.109,8000.0,494.8431000000001,0.0,0.0,0.0,280.865,69.315,0.0,0.0,37095.46452876316
28-09-2040 20:00:00,13426.596645697093,6.727707259335965,1852.510659883316,409.218,2427.732,7161.642666329688,495.28470000000004,0.0,0.0,0.0,280.616,68.959,0.0,0.0,39496.968716906056
28-09-2040 21:00:00,14746.423784223462,8.317695952458774,1278.0727350913533,412.20599999999996,2055.44,0.0,494.34435000000013,5106.801388829757,0.0,0.0,282.788,69.85600000000001,0.0,0.0,39309.89533601912
28-09-2040 22:00:00,15253.70152045531,1.2006037070519164,197.7907063768486,402.652,1200.432,0.0,493.1781000000001,2050.210389231568,0.0,0.0,287.1495,71.3015,0.0,0.0,35660.655183670635
28-09-2040 23:00:00,15330.814233973078,5.25669731195704,88.65841487000877,402.785,800.961,0.0,487.39395,0.0,0.0,0.0,286.7415,71.5525,0.0,0.0,32611.896223859385
29-09-2040 00:00:00,15494.070566117654,0.7030562248502215,95.81111617959182,398.215,777.211,0.0,476.4817500000001,2158.9514193739014,0.0,0.0,288.563,70.935,0.0,0.0,30910.63864474409
29-09-2040 01:00:00,15817.659305669149,7.311784738442302,100.1767976328523,398.702,623.393,0.0,472.0956000000001,11051.09806928552,0.0,0.0,287.0135,70.8085,0.0,0.0,29426.52699457474
29-09-2040 02:00:00,15058.769336986103,1.3303987024088806,91.82548288855713,398.374,614.2330000000001,0.0,471.6282000000001,10723.410997835246,0.0,0.0,288.0955,70.9185,0.0,0.0,28288.662378226105
29-09-2040 03:00:00,13741.432949162183,1.8279461846105756,92.28348964816259,398.19699999999995,601.0,0.0,472.68870000000004,11725.640364593044,0.0,0.0,295.1305,71.4845,0.0,0.0,27956.966734113248
29-09-2040 04:00:00,12976.339309474899,1.243868705504238,90.82176594729411,394.86,633.264,0.0,472.21590000000003,12391.513173452031,0.0,0.0,292.6365,71.2355,0.0,0.0,27878.413978605222
29-09-2040 05:00:00,10903.887755274753,4.077726104131284,92.18604140143802,404.349,671.653,0.0,473.89545000000004,14723.995561493872,0.0,0.0,288.5315,71.9785,0.0,0.0,28205.4263953494
29-09-2040 06:00:00,9433.350861123601,6.013834784872664,104.93227207301105,406.42400000000004,810.451,0.0,478.36425,18154.464966205225,0.0,0.0,288.231,71.777,0.0,0.0,30395.25595913167
29-09-2040 07:00:00,8656.391346971852,63.934851462917834,170.6123903653675,408.11300000000006,1492.8220000000001,0.0,490.11645000000004,22221.56392993932,0.0,0.0,288.0005,71.9385,0.0,0.0,34626.57300928345
29-09-2040 08:00:00,7861.516992363972,1785.3626098838783,222.64975411628495,416.81699999999995,2134.78,0.0,498.1993500000001,21935.998060623544,0.0,0.0,280.6665,71.0945,0.0,0.0,36041.25946810266
29-09-2040 09:00:00,6508.17688048865,11540.873439659032,359.17474777739983,418.033,2269.598,0.0,493.6393500000001,14292.090593529814,0.0,0.0,290.3325,74.0655,0.0,0.0,37160.87531159693
29-09-2040 10:00:00,5760.414069835024,21017.61706815627,3544.163498898393,422.426,1784.943,0.0,491.0620500000001,3462.1191875828704,0.0,0.0,292.6585,74.3135,0.0,0.0,38125.07582296343
29-09-2040 11:00:00,5338.0113711268705,27797.73987311722,8458.371388146785,414.971,1640.955,0.0,492.16005000000007,0.0,0.0,0.0,294.784,72.392,0.0,0.0,38769.9476704482
29-09-2040 12:00:00,4764.75968228262,31951.536660777296,10785.552457825454,413.07300000000004,1583.6770000000001,0.0,493.47375000000005,0.0,0.0,0.0,294.339,71.918,0.0,0.0,39270.90233707452
29-09-2040 13:00:00,4613.6206202479425,33931.64584494469,13246.783335698434,413.88,1484.875,0.0,488.7171000000001,0.0,0.0,0.0,295.0825,72.0065,0.0,0.0,39531.913660773804
29-09-2040 14:00:00,5406.093179535603,34211.65691492811,15687.189523246374,415.966,957.556,0.0,486.6825000000001,0.0,0.0,0.0,298.64,72.737,0.0,0.0,38431.022128188735
29-09-2040 15:00:00,6676.905902453048,32128.62029944265,17200.765436196984,419.404,669.4810000000001,0.0,489.7600500000001,0.0,0.0,0.0,305.6875,72.6725,0.0,0.0,37164.968602605106
29-09-2040 16:00:00,7614.414411029322,27925.901614782608,17454.510925843075,417.31300000000005,771.3489999999999,0.0,486.2766000000001,0.0,0.0,0.0,303.1875,73.6035,0.0,0.0,37105.15174737712
29-09-2040 17:00:00,8027.670175869005,21365.3594932168,18034.5521248217,405.06300000000005,713.1080000000001,3170.042738197999,487.8619500000001,0.0,0.0,0.0,294.27099999999996,70.23100000000001,0.0,0.0,37252.72144930142
29-09-2040 18:00:00,8648.582611462152,11487.246474077381,16106.733459869642,423.48400000000004,785.427,8000.0,489.7525500000001,0.0,0.0,0.0,295.032,69.87899999999999,0.0,0.0,37000.54608623583
29-09-2040 19:00:00,8285.381653440954,1931.4144284093018,9051.4706521865,434.036,1239.3980000000001,5327.9724458041455,491.01795000000004,2387.856166326015,0.0,0.0,296.1595,68.4475,0.0,0.0,37359.121219817804
29-09-2040 20:00:00,8168.339576177703,7.582190978769311,4259.648015999492,446.148,1847.473,0.0,491.7915000000001,11457.880208057715,0.0,0.0,299.0015,69.8225,0.0,0.0,39249.06123311251
29-09-2040 21:00:00,9087.511673138579,8.447490947815735,1981.0838766117067,458.593,2099.0,0.0,494.8483500000001,9345.842599544765,0.0,0.0,301.353,69.687,0.0,0.0,38040.05619853041
29-09-2040 22:00:00,9250.187861486002,1.2979499535696395,1556.6382931781934,447.36300000000006,1374.4070000000002,0.0,494.5633500000001,6590.832939714452,0.0,0.0,303.144,70.298,0.0,0.0,34557.78485947845
29-09-2040 23:00:00,8725.084240180253,6.446484769395876,1548.93013686228,446.67800000000005,1200.819,0.0,488.5464,5071.499002623485,0.0,0.0,301.77,69.98100000000001,0.0,0.0,32249.8125017203
30-09-2040 00:00:00,7238.140879445576,0.627342477558659,1120.4112167156802,446.76300000000003,958.069,0.0,476.2327500000001,5481.820134471429,0.0,0.0,300.2005,69.5485,0.0,0.0,30799.13880335971
30-09-2040 01:00:00,6383.910079138166,3.374669879281063,520.7731753207452,445.76199999999994,917.2189999999999,0.0,473.26785000000007,5119.094864107425,0.0,0.0,300.9745,70.4895,0.0,0.0,29429.112545822572
30-09-2040 02:00:00,6078.866602969044,1.3412149520219607,430.4094161330565,445.63,972.2260000000001,0.0,474.43995000000007,3903.223399409155,0.0,0.0,306.0635,70.8025,0.0,0.0,27925.972644147652
30-09-2040 03:00:00,5754.678381493825,1.2330524558911575,187.850985210943,447.93199999999996,742.921,0.0,474.5323500000001,18126.023550525686,0.0,0.0,305.436,71.071,0.0,0.0,27189.76160046967
30-09-2040 04:00:00,6090.8717119448265,0.9193812171118281,189.1275572430348,448.566,794.074,0.0,475.4415000000001,17711.438312833438,0.0,0.0,305.09,70.99600000000001,0.0,0.0,26642.25467431007
30-09-2040 05:00:00,5860.31483170502,2.9420198947578498,191.4273358657345,445.223,1280.106,0.0,474.1191000000001,17133.181832557344,0.0,0.0,307.2,71.096,0.0,0.0,26327.436144935862
30-09-2040 06:00:00,4677.765186086652,4.737517330529183,192.57722517708436,445.852,813.079,0.0,476.36595,19343.652616229774,0.0,0.0,300.4375,71.3825,0.0,0.0,26922.38472137755
30-09-2040 07:00:00,4306.859918439242,60.45201908750595,191.48580481376922,443.708,752.247,0.0,474.59535000000005,20945.358409377048,0.0,0.0,307.301,71.195,0.0,0.0,28203.194132986646
30-09-2040 08:00:00,3990.727960493841,1415.8362581026022,194.5749142349379,450.87800000000004,807.003,0.0,474.43500000000006,20817.295412912066,0.0,0.0,305.04200000000003,71.442,0.0,0.0,29242.510216782433
30-09-2040 09:00:00,3641.833348510471,8469.83731951636,321.2966142755615,453.341,1476.9920000000002,0.0,472.78770000000003,15816.987875642717,0.0,0.0,305.366,71.187,0.0,0.0,31853.53078935623
30-09-2040 10:00:00,3100.1066736035914,15587.729967394587,3117.661757458992,452.069,1975.568,0.0,465.97860000000014,7498.65695999563,0.0,0.0,308.064,71.082,0.0,0.0,33740.58542316411
30-09-2040 11:00:00,2940.4588358773162,21039.8877261096,7042.994073420518,443.462,1605.54,0.0,462.0708000000001,0.0,0.0,0.0,306.444,71.26100000000001,0.0,0.0,34298.9059800125
30-09-2040 12:00:00,2115.8153692247843,24458.709536311253,6723.090969073118,444.046,1721.2839999999999,0.0,460.54575000000006,0.0,0.0,0.0,311.723,71.352,0.0,0.0,34651.78811556062
30-09-2040 13:00:00,2193.693872554797,26454.772688657944,6961.137546171885,435.89099999999996,1721.1770000000001,0.0,458.8708500000001,0.0,0.0,0.0,312.2525,70.9475,0.0,0.0,34958.57595864871
30-09-2040 14:00:00,3336.7434608375756,26522.201188745887,9874.71344051562,436.908,1143.067,0.0,455.47830000000005,0.0,0.0,0.0,311.0355,70.7435,0.0,0.0,34070.59724385007
30-09-2040 15:00:00,4252.210372747293,23888.5093054585,11313.643996475213,433.473,839.664,50.70290664670574,452.3157000000001,0.0,0.0,0.0,309.289,70.993,0.0,0.0,32586.814956122795
30-09-2040 16:00:00,4872.589076047058,20195.57128131255,12618.553978714512,432.32099999999997,706.062,0.0,451.6969500000001,0.0,0.0,0.0,310.296,71.075,0.0,0.0,31699.895360278046
30-09-2040 17:00:00,5920.599507479996,15384.178965926028,12902.820259234737,427.75300000000004,763.7189999999999,0.0,450.18240000000003,0.0,0.0,0.0,299.832,70.509,0.0,0.0,31362.39007672168
30-09-2040 18:00:00,7110.412553438738,8226.255378229793,10174.512971563745,436.663,802.347,0.0,456.8571000000001,0.0,0.0,0.0,304.157,70.895,0.0,0.0,31422.12580635383
30-09-2040 19:00:00,7862.982822358116,1364.4698886900837,5352.1208203792385,445.718,1218.035,0.0,457.92585000000014,3656.7459875104832,0.0,0.0,306.2115,71.0595,0.0,0.0,31856.36270819694
30-09-2040 20:00:00,9230.114886104457,4.683436082463783,2062.2777557826134,444.585,1962.014,0.0,459.42930000000007,5831.923054332856,0.0,0.0,309.115,71.337,0.0,0.0,34507.11351324063
30-09-2040 21:00:00,10463.485128353554,5.224248563117799,1386.9808956307268,445.50800000000004,2040.124,0.0,459.5406000000001,4885.779051482612,0.0,0.0,309.7935,71.6095,0.0,0.0,34761.634789273245
30-09-2040 22:00:00,11645.864598458089,1.276317454343479,649.1709852050313,445.51300000000003,1892.733,0.0,455.7114,11715.877347485117,0.0,0.0,310.056,71.61399999999999,0.0,0.0,32411.74517261378
30-09-2040 23:00:00,12853.248266219984,3.5260973738641876,175.3093958574915,439.214,1192.975,0.0,453.84900000000005,13975.17335839076,0.0,0.0,307.605,71.678,0.0,0.0,30187.784911727478
