Date time,Wind (MW),PV (MW),CSP (new) (MW),Other renewables (MW),Hydraulic (MW),Pumped hydropower (MW),Cogeneration (MW),Combined cycle (MW),Fuel & Gas (MW),Nuclear (MW),No renewable residues (MW),Renewable residues (MW),Import (MW),Export (MW),Demand (MW)
01-02-2050 00:00:00,22727.935581737707,2.688807204944649,142.39092485748895,457.036,1461.0539999999999,0.0,334.0454999999999,0.0,0.0,0.0,270.472,93.979,0.0,0.0,34415.51418754787
01-02-2050 01:00:00,22155.379294827337,5.263197082019313,139.07001782454427,453.501,1126.0330000000001,0.0,329.24029999999993,0.0,0.0,0.0,268.322,93.853,0.0,0.0,31765.667384627362
01-02-2050 02:00:00,19601.59340988118,0.5434823073824291,139.59066850343814,449.527,1033.26,0.0,329.40049999999997,0.0,0.0,0.0,270.444,94.005,0.0,0.0,30291.678687196505
01-02-2050 03:00:00,18291.74482471272,7.465730643516526,132.59706343829612,448.069,977.97,0.0,327.9740999999999,381.0949609694708,0.0,0.0,277.527,92.756,0.0,0.0,29360.243253691955
01-02-2050 04:00:00,19633.245006784167,3.346706840197063,145.05046481183874,452.23199999999997,900.9810000000001,0.0,327.11189999999993,6869.643482785052,0.0,0.0,278.35400000000004,91.943,0.0,0.0,29162.337160823557
01-02-2050 05:00:00,23297.461755771226,5.534938235710528,120.83317242328863,449.861,811.841,0.0,328.15099999999995,4067.596655247653,0.0,0.0,279.28700000000003,92.646,0.0,0.0,29930.637616841574
01-02-2050 06:00:00,25838.92461898983,1.9450945737897463,120.1718053446937,450.61699999999996,1045.573,0.0,330.91919999999993,4268.065390040933,0.0,0.0,294.865,92.572,0.0,0.0,32996.15806717664
01-02-2050 07:00:00,27883.64310020008,47.282960742271335,138.43679402588953,448.54900000000004,1821.76,0.0,341.3205999999999,7253.545916034741,0.0,0.0,292.4225,91.6855,0.0,0.0,39001.16816533577
01-02-2050 08:00:00,28118.291158787113,903.1674797077109,140.99783250044857,440.921,2712.252,0.0,345.3786999999999,8998.727887939967,0.0,0.0,285.2955,91.4735,0.0,0.0,42781.012360632565
01-02-2050 09:00:00,26706.17415391865,7817.821365704438,139.33737898397627,435.16900000000004,2962.31,0.0,340.2272999999999,4402.673092957087,0.0,0.0,283.322,91.743,0.0,0.0,43955.13511305411
01-02-2050 10:00:00,25314.516741288277,14925.297053494056,929.9102557843956,434.352,3261.386,0.0,337.85939999999994,0.0,0.0,0.0,285.2385,91.7885,0.0,0.0,44202.877983878134
01-02-2050 11:00:00,25997.16572265306,20190.33911492527,1950.7092341356977,431.017,3192.243,0.0,336.52139999999997,0.0,0.0,0.0,289.3695,90.8145,0.0,0.0,44080.455426809
01-02-2050 12:00:00,28291.9149385452,25539.86407082249,2252.4614816546214,431.409,2488.9320000000002,0.0,337.5950999999999,0.0,0.0,0.0,288.5245,90.6095,0.0,0.0,43676.365339718046
01-02-2050 13:00:00,29840.72886011827,27497.658968005806,2301.0930693913033,447.37300000000005,2177.3360000000002,0.0,340.47999999999996,0.0,0.0,0.0,284.0755,90.3395,0.0,0.0,43476.00436672814
01-02-2050 14:00:00,31007.470025156046,26712.584472825904,1903.569240235847,448.772,1701.866,0.0,341.6750999999999,0.0,0.0,0.0,286.842,89.749,0.0,0.0,42075.04432497504
01-02-2050 15:00:00,31277.504569080622,24640.872823582034,2659.6243841895994,450.15,1322.0339999999999,0.0,339.3150999999999,0.0,0.0,0.0,288.5665,91.0455,0.0,-3101.690027648369,41202.47925102256
01-02-2050 16:00:00,31333.110094519783,17448.156226529278,4469.898651423653,451.51800000000003,1334.2620000000002,0.0,340.7997,0.0,0.0,0.0,287.6825,91.4055,0.0,-10966.360262393562,40755.05092168421
01-02-2050 17:00:00,31132.71328399469,6966.198892202156,4083.7728506439803,456.285,1546.195,0.0,343.48999999999995,0.0,0.0,0.0,291.7905,91.8395,0.0,-1235.307959828653,40586.74446630444
01-02-2050 18:00:00,31010.006373121203,485.0865636707855,2046.6215321719305,453.884,2444.4610000000002,5813.6288204513585,345.59239999999994,0.0,0.0,0.0,292.007,90.865,0.0,0.0,41863.207858258895
01-02-2050 19:00:00,33187.39146769708,7.665960967289,481.91145405617397,452.764,2921.6259999999997,6442.88587515492,344.8064999999999,0.0,0.0,0.0,292.07599999999996,92.234,0.0,0.0,44634.595001844995
01-02-2050 20:00:00,35172.6007265168,10.855343981664834,132.38598883874454,456.843,2520.0389999999998,5645.322600437146,343.41749999999996,0.0,0.0,0.0,291.781,91.90100000000001,0.0,0.0,45414.51595731442
01-02-2050 21:00:00,36665.34911944239,2.1310227315784718,131.7105501201795,459.35699999999997,2240.404,3681.7951110050853,343.51039999999995,0.0,0.0,0.0,289.6145,89.2705,0.0,0.0,44610.23796971907
01-02-2050 22:00:00,38461.12568090422,5.97830538120672,178.48468138080742,456.115,1728.4389999999999,0.0,341.07159999999993,0.0,0.0,0.0,290.9325,89.0825,0.0,0.0,41176.12750599497
01-02-2050 23:00:00,40142.30658072557,1.07266244878111,379.84984935300497,455.102,997.482,0.0,334.1552999999999,0.0,0.0,0.0,284.172,89.12299999999999,0.0,0.0,37249.5819224226
02-02-2050 00:00:00,40036.607127921285,2.0595119016597314,257.01850405396146,443.255,1244.347,0.0,319.8025999999999,0.0,0.0,0.0,279.6985,88.6075,0.0,0.0,34226.922649428925
02-02-2050 01:00:00,41321.66618239533,4.13332596930321,133.44136183650235,450.07099999999997,943.977,0.0,315.62479999999994,0.0,0.0,0.0,277.676,88.537,0.0,0.0,31634.738610956687
02-02-2050 02:00:00,41898.24433221884,0.48627364344743657,126.64475973094186,435.647,706.579,0.0,314.9889999999999,0.0,0.0,0.0,277.85200000000003,89.37899999999999,0.0,-12200.0,30016.294345627153
02-02-2050 03:00:00,44872.91205171627,5.835283721369238,114.09285687760848,430.89,608.17,0.0,312.8530999999999,0.0,0.0,0.0,280.0815,89.4285,0.0,-12200.0,29499.115118749844
02-02-2050 04:00:00,46139.507674663575,2.674505038960901,108.77377696890896,432.63300000000004,597.03,0.0,311.69949999999994,0.0,0.0,0.0,279.34,89.09299999999999,0.0,-12200.0,29434.12150930934
02-02-2050 05:00:00,47420.27055238465,3.8901891475794925,112.36204516128564,437.35,570.182,0.0,313.34379999999993,0.0,0.0,0.0,279.72700000000003,89.14299999999999,0.0,-12200.0,29947.483431000113
02-02-2050 06:00:00,50277.73029844388,0.9153386229598807,141.51848317934247,437.76800000000003,1146.0430000000001,0.0,314.6719999999999,0.0,0.0,0.0,277.51099999999997,88.595,0.0,-12200.0,32859.279736112076
02-02-2050 07:00:00,51234.612935589044,39.13072613153489,129.57166084472362,441.86400000000003,1339.443,0.0,329.15939999999995,0.0,0.0,0.0,282.7685,88.6865,0.0,-12200.0,38643.91021182567
02-02-2050 08:00:00,51423.45480313808,419.23939148160906,138.0005731868163,445.54900000000004,1692.515,0.0,333.2104999999999,0.0,0.0,0.0,286.1955,88.7955,0.0,-12200.0,42022.32472317263
02-02-2050 09:00:00,52655.46578120271,2144.953041246643,139.35145062394633,444.671,1847.3339999999998,0.0,334.4822999999999,0.0,0.0,0.0,285.5865,87.7835,0.0,-12200.0,43150.00280988583
02-02-2050 10:00:00,53840.04578625502,4580.468886619113,135.18624519279538,429.454,1932.997,0.0,332.7545999999999,0.0,0.0,0.0,285.9535,88.2085,0.0,-12200.0,43616.536920659615
02-02-2050 11:00:00,55231.09126801194,7732.809291097038,139.8721013028402,444.017,1821.731,0.0,330.46989999999994,0.0,0.0,0.0,285.7005,89.7165,0.0,-12200.0,43619.59382997051
02-02-2050 12:00:00,55690.946768883085,9948.171895481673,145.9229064899852,443.796,1794.757,0.0,329.42299999999994,0.0,0.0,0.0,288.149,89.68,0.0,-12200.0,44014.79966385407
02-02-2050 13:00:00,56861.2751149032,12928.585962668963,153.62009355363247,445.14099999999996,1593.3729999999998,0.0,331.42169999999993,0.0,0.0,0.0,289.2105,89.8405,0.0,-12200.0,44294.2221594379
02-02-2050 14:00:00,58039.9805835703,14179.210262785853,142.7708591366818,443.575,1293.435,0.0,333.45099999999996,0.0,0.0,0.0,287.8935,89.2585,0.0,-12200.0,42816.377252845516
02-02-2050 15:00:00,58397.03591791347,13562.901326214178,135.94611375118103,444.07300000000004,1433.1979999999999,0.0,331.9751999999999,0.0,0.0,0.0,288.9575,88.8115,0.0,-12200.0,42154.81162069182
02-02-2050 16:00:00,58461.59673516972,10722.433953177862,143.60108589491796,443.358,1414.14,0.0,331.8442999999999,0.0,0.0,0.0,276.6995,88.1265,0.0,-12200.0,41706.428375602656
02-02-2050 17:00:00,57037.91212668644,4959.662213346227,204.77050484496286,446.001,1547.085,0.0,334.28889999999996,0.0,0.0,0.0,282.2655,89.3185,0.0,-12200.0,41482.9328984295
02-02-2050 18:00:00,58293.180698155404,365.43464305074855,207.76776415859516,447.028,1703.9460000000001,0.0,338.8140999999999,0.0,0.0,0.0,286.279,89.835,0.0,-12200.0,42477.47254428408
02-02-2050 19:00:00,55826.03156425209,5.29180141398681,135.73503915162945,449.126,2317.29,0.0,339.8902999999999,0.0,0.0,0.0,287.9045,89.6795,0.0,-12200.0,44795.51834729636
02-02-2050 20:00:00,54018.70428002714,4.3764627910269285,134.4123049944396,452.281,2230.397,0.0,342.3447999999999,0.0,0.0,0.0,291.764,90.085,0.0,-12200.0,45383.0666126492
02-02-2050 21:00:00,52340.64633776689,2.660202872977153,127.62977452884917,455.974,2017.125,0.0,344.0856999999999,0.0,0.0,0.0,287.81,89.86399999999999,0.0,-12200.0,44166.238691755796
02-02-2050 22:00:00,50591.77322270236,2.7317137028958935,112.79826600035886,457.241,1282.153,0.0,340.3569999999999,0.0,0.0,0.0,285.5015,88.6745,0.0,-12200.0,41092.13893250246
02-02-2050 23:00:00,50729.411246888216,1.816375079936013,137.25477626840075,443.13300000000004,1160.017,0.0,331.44859999999994,0.0,0.0,0.0,285.5085,89.3075,0.0,-12200.0,37057.79711459543
03-02-2050 00:00:00,48495.29383002344,1.9593967397734942,137.47992250792242,430.212,1292.1960000000001,0.0,320.7126999999999,0.0,0.0,0.0,282.7995,89.0985,0.0,-12200.0,34445.30873788114
03-02-2050 01:00:00,47325.79264573571,10.783833151746094,142.65828601692093,425.902,1253.627,0.0,317.9415999999999,0.0,0.0,0.0,277.9235,89.4105,0.0,-12200.0,31803.462006917347
03-02-2050 02:00:00,45757.29143088899,1.3157992705048283,144.69867381258612,415.944,1128.327,0.0,317.46569999999997,0.0,0.0,0.0,277.005,89.09,0.0,-12200.0,30117.574753598023
03-02-2050 03:00:00,45202.55288292854,8.824436411972599,111.7006780826907,394.148,1074.755,0.0,312.3467999999999,0.0,0.0,0.0,279.5155,89.4195,0.0,-12200.0,29588.395418785698
03-02-2050 04:00:00,44602.63695565523,1.8878859098547538,113.93806883793735,398.35699999999997,1282.2089999999998,0.0,312.8202999999999,0.0,0.0,0.0,277.932,89.831,0.0,-12200.0,29244.86703173707
03-02-2050 05:00:00,40392.869062235426,6.192837870962943,137.26884790837084,399.681,1487.765,0.0,308.7325999999999,0.0,0.0,0.0,275.382,89.94,0.0,-12200.0,30105.250052901607
03-02-2050 06:00:00,39183.11970732587,1.6590512541147835,119.22900546669668,398.741,1759.741,0.0,314.76199999999994,0.0,0.0,0.0,269.865,83.145,0.0,-9559.688337070922,33001.43525385052
03-02-2050 07:00:00,42600.23454939781,45.738326816026536,115.03565675560554,406.673,2033.4779999999998,0.0,330.2840999999999,0.0,0.0,0.0,278.754,86.227,0.0,-7879.366328959972,38572.5756474243
03-02-2050 08:00:00,46399.61205758645,345.61184099727365,135.29881831255622,411.6,2937.14,0.0,329.21569999999997,0.0,0.0,0.0,283.409,89.03200000000001,0.0,-9336.561477536918,42194.66736771963
03-02-2050 09:00:00,52569.27215251651,4437.876291761144,136.43862115013468,413.907,2780.63,0.0,329.2444,0.0,0.0,0.0,285.991,88.649,0.0,-12200.0,43303.03650779449
03-02-2050 10:00:00,54784.48301549791,13048.709854766463,140.67418478113618,423.57599999999996,2394.975,0.0,334.15489999999994,0.0,0.0,0.0,284.427,88.191,0.0,-12200.0,43998.85964426573
03-02-2050 11:00:00,56871.75390358454,20328.097577680735,160.48705385904353,426.087,2263.871,0.0,335.6106999999999,0.0,0.0,0.0,279.0665,88.0175,0.0,-12200.0,43745.92211035125
03-02-2050 12:00:00,59556.85171354887,24563.21206229028,398.01633655441,427.974,1924.12,0.0,333.90039999999993,0.0,0.0,0.0,279.8845,88.7045,0.0,-12200.0,43302.79758237205
03-02-2050 13:00:00,59974.8680235272,25879.483304272573,480.2510005397016,431.92699999999996,1980.6760000000002,0.0,334.2937999999999,0.0,0.0,0.0,275.1565,87.7305,0.0,-12200.0,43269.14878772444
03-02-2050 14:00:00,60015.26812181416,22503.499930306778,1010.9910452921387,429.00300000000004,1663.8129999999999,0.0,333.50819999999993,0.0,0.0,0.0,270.153,88.166,0.0,-12200.0,41767.28676757581
03-02-2050 15:00:00,60461.58517963667,16935.523691173792,1055.9921499165332,399.49699999999996,1698.152,0.0,334.7614999999999,0.0,0.0,0.0,267.3125,88.7215,0.0,-12200.0,40718.99401027903
03-02-2050 16:00:00,59685.89316401588,10262.09013665896,1223.1773044013466,400.441,1870.474,0.0,335.68269999999995,0.0,0.0,0.0,266.6165,88.6815,0.0,-12200.0,40360.423145853936
03-02-2050 17:00:00,54104.61937466061,3661.26867884362,1151.791874833006,399.069,2272.904,0.0,337.2370999999999,0.0,0.0,0.0,272.298,89.333,0.0,-12200.0,40247.49276572329
03-02-2050 18:00:00,48227.23856595851,229.99313118465375,202.46275588986572,409.153,2616.229,0.0,337.7729999999999,0.0,0.0,0.0,271.063,88.945,0.0,-11745.374112792211,41223.41351928455
03-02-2050 19:00:00,45136.56141349228,5.120175422181831,144.51574249297474,402.176,2765.2540000000004,0.0,338.9300999999999,0.0,0.0,0.0,268.243,88.91799999999999,0.0,-6317.972644423571,43535.20678546099
03-02-2050 20:00:00,44327.5001743099,10.526394164038626,137.47992250792242,423.749,2638.218,0.0,338.10839999999996,0.0,0.0,0.0,267.807,85.619,0.0,-5426.342150874334,43517.74833193807
03-02-2050 21:00:00,42577.8885219843,4.033210807416974,153.1275861546788,428.474,2417.234,0.0,338.2460999999999,0.0,0.0,0.0,268.572,80.972,0.0,-4149.946939604422,42779.027864936455
03-02-2050 22:00:00,39174.74258467889,4.962851596360603,158.93917346233204,428.60900000000004,2203.35,0.0,331.4061999999999,0.0,0.0,0.0,273.6385,80.3205,0.0,-3095.43794081112,40124.12354526173
03-02-2050 23:00:00,37998.14300225906,1.4588209303423094,114.65572247641268,418.80800000000005,2595.891,0.0,323.12319999999994,0.0,0.0,0.0,274.318,80.687,0.0,-5347.9963040558905,36975.75766954896
04-02-2050 00:00:00,38293.85754180425,2.1310227315784718,126.53218661118103,415.07099999999997,2057.317,0.0,310.62429999999995,0.0,0.0,0.0,269.423,80.92399999999999,0.0,-7664.846665439614,34325.52221984758
04-02-2050 01:00:00,38745.002523207695,7.136780825890319,130.93660992182376,407.376,1740.2520000000002,0.0,302.55389999999994,0.0,0.0,0.0,268.79900000000004,81.156,0.0,-10208.231662377711,31852.336402702676
04-02-2050 02:00:00,39724.69963140052,0.6006909713174217,129.8530936441257,398.719,1446.386,0.0,297.1099999999999,0.0,0.0,0.0,265.3385,81.7765,0.0,-12200.0,29876.21802922101
04-02-2050 03:00:00,42772.10272058101,3.2036851803595816,130.6551771224217,392.966,1524.764,0.0,294.0174999999999,0.0,0.0,0.0,266.8955,82.2405,0.0,-12200.0,28968.929389189463
04-02-2050 04:00:00,46164.96399899942,2.5028790471559232,129.59980412466385,381.48900000000003,1022.01,0.0,294.36639999999994,0.0,0.0,0.0,265.76,81.264,0.0,-12200.0,28283.163519718317
04-02-2050 05:00:00,47243.21151930936,2.8461310307658785,127.9815655281018,380.024,936.887,0.0,292.52239999999995,0.0,0.0,0.0,266.7945,82.3885,0.0,-12200.0,28359.797277082438
04-02-2050 06:00:00,49721.71724618146,1.373007934439821,126.36332693153976,397.923,1118.826,0.0,288.0632999999999,0.0,0.0,0.0,264.6585,82.3275,0.0,-12200.0,28945.135875247335
04-02-2050 07:00:00,53933.1268024273,40.27489941023475,122.8032020191033,404.09,1505.17,0.0,289.92319999999995,0.0,0.0,0.0,267.98900000000003,82.3,0.0,-12200.0,30712.648776787722
04-02-2050 08:00:00,54199.2956313168,533.1990500401141,128.54443112690598,403.805,1629.934,0.0,292.4964,0.0,0.0,0.0,268.7455,81.6265,0.0,-12200.0,32539.914647253132
04-02-2050 09:00:00,52187.99279601025,4511.603957407366,120.28437846445455,412.366,1966.299,0.0,298.76739999999995,0.0,0.0,0.0,271.7795,82.1575,0.0,-12200.0,35339.923720349325
04-02-2050 10:00:00,52313.26559633935,10719.430498321275,134.4123049944396,413.712,2102.272,0.0,301.2731999999999,0.0,0.0,0.0,275.376,82.139,0.0,-12200.0,37817.537910167346
04-02-2050 11:00:00,49962.37488796716,16247.78973767928,609.8930195842757,420.35900000000004,2683.21,0.0,303.4094999999999,0.0,0.0,0.0,274.652,83.26799999999999,0.0,-12200.0,38507.13876845009
04-02-2050 12:00:00,50275.42606218933,18765.11397247879,1149.3574811181777,425.215,2580.666,0.0,303.46109999999993,0.0,0.0,0.0,275.008,83.101,0.0,-12200.0,38285.322056744975
04-02-2050 13:00:00,51840.17972796276,19123.05428055405,1292.5504894539629,427.779,2427.411,0.0,301.9559999999999,0.0,0.0,0.0,275.3345,82.8015,0.0,-12200.0,38335.89840319563
04-02-2050 14:00:00,52795.965109748606,16181.270363688865,1224.9081161176694,440.61800000000005,2259.593,0.0,299.73339999999996,0.0,0.0,0.0,275.2205,83.4385,0.0,-12200.0,37356.515195856526
04-02-2050 15:00:00,53060.26860452727,11921.856499072934,1218.2944453317202,442.796,2180.795,0.0,301.49099999999993,0.0,0.0,0.0,274.967,84.49700000000001,0.0,-12200.0,35732.97843949219
04-02-2050 16:00:00,51555.20985051289,8681.672191122825,1683.1229284641875,447.591,2169.974,0.0,295.61229999999995,0.0,0.0,0.0,275.04900000000004,84.861,0.0,-12200.0,35052.694886745056
04-02-2050 17:00:00,53127.26448463858,4217.708748607324,1282.1515475160554,450.095,2255.987,0.0,294.2185999999999,0.0,0.0,0.0,273.6725,84.3105,0.0,-12200.0,34915.15675998272
04-02-2050 18:00:00,53333.27839856073,273.0712551277031,644.5936837505537,446.916,2599.615,0.0,296.45109999999994,0.0,0.0,0.0,272.695,83.417,0.0,-12200.0,36221.58328616223
04-02-2050 19:00:00,53525.13771834785,6.078420543092957,142.70050093683128,439.786,3364.952,0.0,297.4069999999999,0.0,0.0,0.0,273.777,83.09899999999999,0.0,-12200.0,38521.572143187186
04-02-2050 20:00:00,55296.234474651195,6.006909713174216,152.63507875572515,437.79900000000004,3156.45,0.0,296.8560999999999,0.0,0.0,0.0,276.8105,84.2745,0.0,-12200.0,38993.48639862931
04-02-2050 21:00:00,56399.351709701055,2.2311378934647093,135.20031683276545,449.385,3396.551,0.0,301.2031999999999,0.0,0.0,0.0,280.5615,85.1525,0.0,-12200.0,38703.231700300275
04-02-2050 22:00:00,55596.536385640866,5.7208663934992545,132.2312007990734,447.086,3229.067,0.0,303.37539999999996,0.0,0.0,0.0,277.4715,84.5545,0.0,-12200.0,36845.32836004259
04-02-2050 23:00:00,53927.640525630784,0.84382779304114,120.14366206475351,440.875,2537.3289999999997,0.0,301.51219999999995,0.0,0.0,0.0,277.0455,85.0015,0.0,-12200.0,34561.45478697836
05-02-2050 00:00:00,53081.76214893086,0.9725472868948731,1.5760236766517206,422.03,2519.8579999999997,0.0,292.46549999999996,0.0,0.0,0.0,274.5215,85.7705,0.0,-12200.0,31902.625095519765
05-02-2050 01:00:00,54292.169857056,2.7746202008471377,0.0,401.244,2431.311,0.0,279.6889999999999,0.0,0.0,0.0,269.76099999999997,85.145,0.0,-12200.0,29523.035561822657
05-02-2050 02:00:00,54689.98400778437,0.45766931147994033,0.0,372.343,2132.355,0.0,266.5987999999999,0.0,0.0,0.0,258.298,84.65299999999999,0.0,-12200.0,27918.6717846688
05-02-2050 03:00:00,53452.41922951648,5.205988418084321,0.0,369.037,2130.68,0.0,259.4934999999999,0.0,0.0,0.0,259.0725,85.5715,0.0,-12200.0,26854.955762603542
05-02-2050 04:00:00,52007.8994298452,2.0738140676434793,0.0,367.42199999999997,2241.149,0.0,261.12719999999996,0.0,0.0,0.0,260.482,84.713,0.0,-12200.0,26440.620176148455
05-02-2050 05:00:00,50783.24428290081,4.047512973400723,0.0,360.603,2220.821,0.0,259.6436999999999,0.0,0.0,0.0,261.3165,86.3935,0.0,-12200.0,26486.23803414495
05-02-2050 06:00:00,51206.56118030714,1.7448642500172722,0.0,357.39,2359.909,0.0,257.2179999999999,0.0,0.0,0.0,261.8585,86.7295,0.0,-12200.0,26885.09809089543
05-02-2050 07:00:00,53965.16243870605,45.20914667462785,0.0,361.577,2365.5370000000003,0.0,259.81999999999994,0.0,0.0,0.0,259.866,85.727,0.0,-12200.0,27892.469368030193
05-02-2050 08:00:00,56229.21804602814,837.8780919919006,0.0,364.401,2232.8179999999998,0.0,260.19069999999994,0.0,0.0,0.0,259.531,85.71700000000001,0.0,-12200.0,28425.989050360047
05-02-2050 09:00:00,55720.34899229949,9614.702593404603,0.0,364.961,2658.467,0.0,265.9935999999999,0.0,0.0,0.0,262.55400000000003,86.719,0.0,-12200.0,30791.432077014782
05-02-2050 10:00:00,57811.6501837251,21249.257182196005,0.45029247904334885,368.463,2663.28,0.0,274.02359999999993,0.0,0.0,0.0,274.514,87.905,0.0,-12200.0,33567.63466817716
05-02-2050 11:00:00,60053.22471682022,29674.262702574477,779.7236423834688,370.05199999999996,2857.1440000000002,0.0,275.49089999999995,0.0,0.0,0.0,275.88599999999997,87.68700000000001,0.0,-12200.0,34590.48697658876
05-02-2050 12:00:00,60992.0701639436,34260.0090884416,1833.4080433449049,372.341,3035.25,0.0,278.00579999999997,0.0,0.0,0.0,271.9935,86.6895,0.0,-12200.0,34976.22342576163
05-02-2050 13:00:00,60004.70914908734,35571.03143550785,2488.3725257534256,373.267,3026.704,0.0,282.3377999999999,0.0,0.0,0.0,275.024,87.898,0.0,-12200.0,35383.99367170289
05-02-2050 14:00:00,57499.738466991425,34527.08773602211,3435.8019733006013,370.60699999999997,2998.485,0.0,282.0345999999999,0.0,0.0,0.0,275.5195,88.1655,0.0,-12200.0,34927.965599035095
05-02-2050 15:00:00,56277.96150525873,30800.17211531309,4090.30209159011,369.57199999999995,3192.679,0.0,278.16499999999996,0.0,0.0,0.0,273.165,88.788,0.0,-12200.0,33224.339312009295
05-02-2050 16:00:00,56212.40471775327,23004.390387389605,5358.43828569594,372.805,3166.005,0.0,278.6284999999999,0.0,0.0,0.0,273.328,88.83,0.0,-12200.0,32085.42151323665
05-02-2050 17:00:00,55385.4497757884,10844.245500861443,6583.684121172892,395.069,3290.3720000000003,0.0,284.6723999999999,0.0,0.0,0.0,276.8505,88.4495,0.0,-12200.0,31797.804818790366
05-02-2050 18:00:00,54841.50653247833,1093.8725609350086,2982.962527422664,421.648,3564.098,0.0,297.67029999999994,0.0,0.0,0.0,288.599,87.62799999999999,0.0,-12200.0,33603.96469334646
05-02-2050 19:00:00,52706.07879475705,7.59445013737026,96.02487115599413,420.399,4051.7070000000003,0.0,301.11619999999994,0.0,0.0,0.0,289.7235,86.8015,0.0,-12200.0,37369.29967080333
05-02-2050 20:00:00,53572.87676690339,9.997214022639946,0.0,422.767,4032.947,0.0,299.6402999999999,0.0,0.0,0.0,290.676,88.03399999999999,0.0,-12200.0,39010.29016505728
05-02-2050 21:00:00,54765.3823318202,1.68765558608228,0.0,415.02,3666.2870000000003,0.0,303.9084,0.0,0.0,0.0,291.596,88.28399999999999,0.0,-12200.0,39241.23359211721
05-02-2050 22:00:00,55893.37350182288,3.5469371639695373,0.0,412.579,3687.5190000000002,0.0,304.8850999999999,0.0,0.0,0.0,289.6215,86.9625,0.0,-12200.0,37831.013618367535
05-02-2050 23:00:00,54982.05650357926,1.1584754446835988,0.0,412.709,3262.765,0.0,305.1649,0.0,0.0,0.0,289.453,86.57799999999999,0.0,-12200.0,34840.33419878955
06-02-2050 00:00:00,54421.6670905184,1.8735837438710057,0.0,402.13599999999997,2856.09,0.0,306.16809999999987,0.0,0.0,0.0,290.3535,86.9845,0.0,-12200.0,31646.215283591286
06-02-2050 01:00:00,52855.66002150764,8.023515116882704,0.0,398.13199999999995,2534.9770000000003,0.0,300.98089999999996,0.0,0.0,0.0,290.315,88.24600000000001,0.0,-12200.0,29575.173568846847
06-02-2050 02:00:00,49711.386164952324,0.629295303284918,0.0,388.801,2239.995,0.0,296.7197999999999,0.0,0.0,0.0,286.62,88.19200000000001,0.0,-12200.0,28276.60171592948
06-02-2050 03:00:00,47228.08627620266,7.89479562302897,0.0,383.899,2047.74,0.0,296.3644999999999,0.0,0.0,0.0,284.7455,85.1555,0.0,-12200.0,27758.557956273697
06-02-2050 04:00:00,46481.517949945526,3.189383014375834,0.0,385.0,2353.2129999999997,0.0,296.26929999999993,0.0,0.0,0.0,287.8695,87.2145,0.0,-12200.0,27658.665123412316
06-02-2050 05:00:00,46642.67100052384,7.994910784915207,0.0,390.07099999999997,2329.42,0.0,296.24749999999995,0.0,0.0,0.0,285.709,87.49700000000001,0.0,-12200.0,28526.71733626102
06-02-2050 06:00:00,46781.71435561219,2.5028790471559232,0.0,394.591,2597.416,0.0,300.69019999999995,0.0,0.0,0.0,288.2065,86.6905,0.0,-12200.0,32043.986422010305
06-02-2050 07:00:00,46258.04923538463,48.57015568080867,25.1178773466368,408.064,2755.8070000000002,0.0,312.4162999999999,0.0,0.0,0.0,289.2085,86.8915,0.0,-12200.0,37995.21943759105
06-02-2050 08:00:00,47189.73720139501,1465.1281855411426,90.73393452723478,389.936,3277.52,0.0,325.78129999999993,0.0,0.0,0.0,285.874,85.993,0.0,-11815.40572816605,41928.36808674397
06-02-2050 09:00:00,48039.41798993621,13908.01259140202,103.42655378026917,405.151,3706.778,0.0,327.1919,0.0,0.0,0.0,285.265,87.005,0.0,-12200.0,43449.45142134479
06-02-2050 10:00:00,49574.31786951073,26284.3633211065,1820.1807017730068,422.061,3502.031,0.0,328.51239999999996,0.0,0.0,0.0,288.6265,86.3235,0.0,-12200.0,43990.66308758663
06-02-2050 11:00:00,51241.08674220893,33733.57496291179,8260.742172809965,419.914,3260.6940000000004,0.0,327.48599999999993,0.0,0.0,0.0,287.119,84.027,0.0,-12200.0,43726.86427118807
06-02-2050 12:00:00,51877.77760487057,37259.10178440367,12688.735480402644,415.79900000000004,2778.998,0.0,326.18489999999997,0.0,0.0,0.0,285.2905,83.8465,0.0,-12200.0,43082.92960614358
06-02-2050 13:00:00,52856.352136426576,38573.97141411955,14097.714718969255,428.325,2590.124,0.0,326.89519999999993,0.0,0.0,0.0,284.7565,86.5315,0.0,-12200.0,42838.38157690557
06-02-2050 14:00:00,53375.45098627426,36623.78526923959,16053.57417333401,431.514,2356.6479999999997,0.0,327.36499999999995,0.0,0.0,0.0,283.14799999999997,86.139,0.0,-12200.0,41412.03374417296
06-02-2050 15:00:00,53806.765187164754,32769.89501892684,18416.343240714283,433.235,2337.886,0.0,326.1839,0.0,0.0,0.0,283.4495,86.9615,0.0,-12200.0,40692.60257533751
06-02-2050 16:00:00,54584.58419009744,26194.98908587406,20561.621040716618,428.522,2383.3779999999997,0.0,325.5174999999999,0.0,0.0,0.0,289.346,88.14399999999999,0.0,-12200.0,40162.140981226876
06-02-2050 17:00:00,52674.51160211248,14166.338313400478,19207.690057713055,423.096,2719.454,0.0,328.8775999999999,0.0,0.0,0.0,290.938,88.595,0.0,-12200.0,39896.47084433227
06-02-2050 18:00:00,49941.4890542241,1539.613865984503,9406.525457375734,430.03,3288.6290000000004,0.0,332.8202999999999,0.0,0.0,0.0,291.1665,88.4155,0.0,-12200.0,40698.556848364686
06-02-2050 19:00:00,48889.06501677407,11.513243616917249,1843.4692659235295,432.564,3998.262,0.0,334.92369999999994,0.0,0.0,0.0,286.1475,87.4135,0.0,-11285.10739262496,43733.13527758777
06-02-2050 20:00:00,47969.40465758681,8.838738577956345,812.8482828730952,439.978,4573.803,0.0,336.1658999999999,0.0,0.0,0.0,284.895,86.10799999999999,0.0,-10120.801334302363,44498.4770666561
06-02-2050 21:00:00,47315.8371634565,4.490880118896914,342.74293475183896,433.569,3800.3459999999995,0.0,339.0722999999999,0.0,0.0,0.0,289.718,85.45200000000001,0.0,-9457.793561638231,43650.70207715767
06-02-2050 22:00:00,45738.60010786454,7.766076129175236,140.3223937818836,423.673,3343.417,0.0,338.59849999999994,0.0,0.0,0.0,293.149,85.20100000000001,0.0,-10574.753512274328,40374.56218647687
06-02-2050 23:00:00,45117.78146599651,1.701957752066028,138.366435826039,427.75199999999995,2920.934,0.0,337.1860999999999,0.0,0.0,0.0,292.0245,87.1855,0.0,-12200.0,36521.88503428579
07-02-2050 00:00:00,43341.10136799948,2.4742747151884275,142.2924233776982,422.18800000000005,2563.536,0.0,327.54089999999997,0.0,0.0,0.0,285.884,88.038,0.0,-12200.0,33639.24313228153
07-02-2050 01:00:00,41761.36594635866,11.384524123063514,143.43222621527667,425.426,2136.035,0.0,323.3827999999999,0.0,0.0,0.0,284.70099999999996,87.47,0.0,-12200.0,31460.41147071356
07-02-2050 02:00:00,39972.7848479261,1.0011516188623695,138.6056537055308,424.80300000000005,2039.415,0.0,324.3569,0.0,0.0,0.0,286.67900000000003,87.77799999999999,0.0,-12200.0,29895.534049309423
07-02-2050 03:00:00,37199.17651238227,9.296407889436287,124.49179881551585,419.50300000000004,2076.187,0.0,322.0019,0.0,0.0,0.0,286.9555,86.8835,0.0,-11532.008511123982,29320.0692014139
07-02-2050 04:00:00,34848.86819339309,4.862736434474366,127.24984024965634,423.254,2026.856,0.0,322.1255999999999,0.0,0.0,0.0,286.58799999999997,87.36399999999999,0.0,-9333.244093938,29118.983199798382
07-02-2050 05:00:00,34225.939445064854,5.506333903743032,131.0069681216743,419.525,2164.6639999999998,0.0,324.2901999999999,0.0,0.0,0.0,288.6105,87.5975,0.0,-8169.147843016166,29816.73895999902
07-02-2050 06:00:00,34325.59555296713,3.3896133381483073,130.7677502421825,427.05199999999996,2458.631,0.0,324.40189999999996,0.0,0.0,0.0,287.3725,86.9885,0.0,-5433.766371901271,33025.3450867483
07-02-2050 07:00:00,32031.454047735522,53.790446264876735,133.00514099742915,422.264,3631.798,1111.1590254459625,337.48689999999993,0.0,0.0,0.0,291.524,86.27600000000001,0.0,0.0,38634.32922379265
07-02-2050 08:00:00,30661.3239412121,1075.5514863098272,131.0069681216743,434.04400000000004,4369.224,3961.4643510369533,339.06009999999986,0.0,0.0,0.0,293.8105,86.4825,0.0,0.0,41944.896774560584
07-02-2050 09:00:00,28789.115103548946,7864.8325852930175,152.33957431635295,436.773,4818.126,0.0,333.58419999999995,0.0,0.0,0.0,293.9855,86.8165,0.0,0.0,42913.279981201624
07-02-2050 10:00:00,28091.475925890903,15520.22425192003,1348.4711866951584,438.10400000000004,4784.606,0.0,332.52219999999994,0.0,0.0,0.0,290.6575,85.7485,0.0,-1592.461935459578,42953.35736299624
07-02-2050 11:00:00,30247.59114734798,22572.26474435664,2990.2234936472382,443.537,4356.82,0.0,333.8832999999999,0.0,0.0,0.0,288.8285,86.0015,0.0,-12200.0,42812.2196361198
07-02-2050 12:00:00,33230.868101203014,27407.827063461882,4045.512061565267,440.731,3724.5440000000003,0.0,336.3374999999999,0.0,0.0,0.0,288.3565,85.5405,0.0,-12200.0,42323.74446936653
07-02-2050 13:00:00,35010.987672730174,28992.621471789043,4853.125694369482,442.975,3293.795,0.0,334.60939999999994,0.0,0.0,0.0,288.725,85.76100000000001,0.0,-12200.0,42216.03783206529
07-02-2050 14:00:00,38350.04545662642,27319.453979848306,3609.6430134912744,440.86199999999997,2956.7740000000003,0.0,336.8997999999999,0.0,0.0,0.0,293.555,86.791,0.0,-12200.0,40884.49859351754
07-02-2050 15:00:00,40979.42801561567,22259.50497862403,2130.291503434173,438.543,2823.992,0.0,333.6604999999999,0.0,0.0,0.0,290.89799999999997,86.39200000000001,0.0,-12200.0,40129.892729680425
07-02-2050 16:00:00,43381.4086216022,14753.2133923776,1476.3542507434697,437.908,2684.6290000000004,0.0,336.75999999999993,0.0,0.0,0.0,289.464,85.84700000000001,0.0,-12200.0,39835.5295358063
07-02-2050 17:00:00,44539.093209712795,7179.730230339515,977.1065362441267,446.528,2834.172,0.0,340.9282999999999,0.0,0.0,0.0,289.7865,87.2945,0.0,-12200.0,39953.76814719693
07-02-2050 18:00:00,46154.746863519125,871.3737647258389,358.2780252788345,450.99699999999996,3013.776,0.0,342.5387999999999,0.0,0.0,0.0,291.782,87.16,0.0,-11222.9673680493,40764.732902864525
07-02-2050 19:00:00,49205.41217728708,8.123630278768939,133.11771411719002,448.423,3673.2470000000003,0.0,343.3626999999999,0.0,0.0,0.0,292.8645,87.8285,0.0,-11077.714518226829,43829.09723709309
07-02-2050 20:00:00,51100.684478560215,12.285560580039649,141.41998169955176,450.87300000000005,3837.875,0.0,347.5199999999999,0.0,0.0,0.0,296.9685,88.6095,0.0,-12200.0,44500.58770554399
07-02-2050 21:00:00,52111.134278303965,3.804376151677004,140.88525938068776,459.82,3555.258,0.0,349.2822999999999,0.0,0.0,0.0,297.14599999999996,89.36,0.0,-12200.0,43655.00352070016
07-02-2050 22:00:00,52232.30925188735,5.778075057434245,137.66285382753378,455.986,3168.933,0.0,348.3257999999999,0.0,0.0,0.0,296.5535,88.8015,0.0,-12200.0,40256.53656452531
07-02-2050 23:00:00,51348.96382488012,1.8735837438710057,135.43953471225726,450.73900000000003,2697.008,0.0,344.3785999999999,0.0,0.0,0.0,296.7155,88.5265,0.0,-12200.0,36702.58260219811
08-02-2050 00:00:00,49856.24075323206,2.0452097356759835,130.05009660370717,440.17400000000004,2785.88,0.0,333.6613999999999,0.0,0.0,0.0,287.377,87.757,0.0,-12200.0,33522.49583993382
08-02-2050 01:00:00,49160.49645117529,10.998365641502316,132.80813803784767,439.097,2148.5679999999998,0.0,331.43199999999996,0.0,0.0,0.0,285.022,89.02,0.0,-12200.0,31333.14870899315
08-02-2050 02:00:00,50697.59506168133,1.1584754446835988,132.09048439937234,423.462,1864.389,0.0,331.6555999999999,0.0,0.0,0.0,280.4355,88.4985,0.0,-12200.0,29853.34288487133
08-02-2050 03:00:00,50316.590019014904,11.069876471421056,129.38872952511224,416.17699999999996,1854.76,0.0,330.82609999999994,0.0,0.0,0.0,277.534,88.219,0.0,-12200.0,29270.086238824846
08-02-2050 04:00:00,48643.31357799346,3.7757718197095076,126.92619253034394,416.57599999999996,2074.0,0.0,329.8262,0.0,0.0,0.0,275.2295,88.3145,0.0,-12200.0,29096.339121482222
08-02-2050 05:00:00,48607.08727028477,9.453731715257517,123.8022884569807,411.82300000000004,2041.293,0.0,331.4319,0.0,0.0,0.0,276.29400000000004,87.824,0.0,-12200.0,29889.960563674194
08-02-2050 06:00:00,49241.51187860817,2.960548358635864,135.32696159249645,394.12300000000005,2451.2329999999997,0.0,334.5737999999999,0.0,0.0,0.0,276.379,87.93,0.0,-12200.0,32910.57639555502
08-02-2050 07:00:00,48979.33959135429,55.64972784276399,125.27981065384168,393.499,3199.768,0.0,344.0815999999999,0.0,0.0,0.0,285.0695,87.7265,0.0,-12200.0,38848.688947313676
08-02-2050 08:00:00,47085.730053971805,2258.4264261617,144.16395149372212,393.666,3744.008,0.0,352.65939999999995,0.0,0.0,0.0,285.6865,86.6225,0.0,-12200.0,42393.57946236666
08-02-2050 09:00:00,44624.47233730537,19091.417889398002,219.63015665339339,408.634,4013.52,0.0,352.9416999999999,0.0,0.0,0.0,291.0235,86.3285,0.0,-12200.0,43644.3548346857
08-02-2050 10:00:00,43663.16691701964,34414.94445254355,3440.0938234914834,407.157,3923.8959999999997,0.0,352.0949999999999,0.0,0.0,0.0,289.848,87.78,0.0,-12200.0,43901.28218737291
08-02-2050 11:00:00,43903.778136463196,41581.64540967186,13428.608238390778,405.335,3577.505,0.0,349.75089999999994,0.0,0.0,0.0,291.73,86.713,0.0,-12200.0,43586.4417487011
08-02-2050 12:00:00,43315.07531491939,45779.77449304743,18640.054172959004,407.48400000000004,3360.403,0.0,350.0605999999999,0.0,0.0,0.0,292.149,86.42399999999999,0.0,-12200.0,43421.333671632354
08-02-2050 13:00:00,42826.1003448975,46995.75894715169,18544.409236082207,412.651,3260.438,0.0,350.7790999999999,0.0,0.0,0.0,291.3825,87.5155,0.0,-12200.0,43106.275920857566
08-02-2050 14:00:00,42490.80020815897,45150.89395257605,18974.21340732908,409.10900000000004,3127.923,0.0,349.9241999999999,0.0,0.0,0.0,294.138,87.756,0.0,-12200.0,41569.43254667413
08-02-2050 15:00:00,41363.906293515596,40166.68922240171,20380.251673141935,404.779,3079.824,0.0,351.23089999999996,0.0,0.0,0.0,291.3845,87.8095,0.0,-12200.0,40723.025090843475
08-02-2050 16:00:00,39995.70482429679,31362.71920995185,21862.445654473,405.504,3164.1890000000003,0.0,351.0412999999999,0.0,0.0,0.0,292.3715,88.0775,0.0,-12200.0,40285.22176211597
08-02-2050 17:00:00,37789.85439357282,16813.91237381398,20711.793582477574,410.499,3446.086,0.0,349.4720999999999,0.0,0.0,0.0,293.5,87.541,0.0,-12200.0,40154.87065352913
08-02-2050 18:00:00,35051.581900811485,2201.990079189831,10971.784329450325,413.779,4435.169,0.0,353.99869999999993,0.0,0.0,0.0,294.70599999999996,88.25299999999999,0.0,-12200.0,40863.143062010786
08-02-2050 19:00:00,35999.49658550078,14.488094141536857,4186.692825385327,413.13800000000003,5123.285,0.0,354.70989999999995,0.0,0.0,0.0,295.1905,88.3265,0.0,-2931.28179146372,44284.98619857741
08-02-2050 20:00:00,35160.184860105,11.87079776651095,3400.439942055729,410.278,5129.927,0.0,355.72999999999996,0.0,0.0,0.0,297.089,88.1,0.0,-314.96396620677115,45319.93332056025
08-02-2050 21:00:00,34589.13096899429,3.518332832002041,2173.618082902125,409.611,4598.583,1098.848841144165,353.8180999999999,0.0,0.0,0.0,307.619,87.779,0.0,0.0,44394.78775598874
08-02-2050 22:00:00,33153.7732515732,7.723169631223993,1225.1895489170715,411.365,3817.085,1111.3892415397058,351.9876999999999,0.0,0.0,0.0,310.3065,88.9325,0.0,0.0,41168.124290282714
08-02-2050 23:00:00,31060.585624972173,1.1441732786998506,916.7673440523181,406.805,3230.6940000000004,310.3472605447678,348.55799999999994,0.0,0.0,0.0,304.357,88.932,0.0,0.0,37259.70795907551
09-02-2050 00:00:00,29371.901186578358,3.2322895123270783,464.6736950927957,400.49199999999996,2584.469,204.5383575021915,336.3949999999999,0.0,0.0,0.0,300.7565,88.6495,0.0,0.0,34277.09659516815
09-02-2050 01:00:00,26953.72762361626,11.141387301339796,373.8553307257404,407.22,2304.058,672.9067078341359,333.52469999999994,0.0,0.0,0.0,299.996,88.26799999999999,0.0,0.0,31918.787928783295
09-02-2050 02:00:00,25567.60291012453,0.7008061332036586,377.8938913971604,428.695,1979.318,866.7262784701416,332.04729999999995,0.0,0.0,0.0,304.4775,88.3165,0.0,0.0,30394.629608277144
09-02-2050 03:00:00,26016.28750739538,9.653962039029992,372.58888312843095,433.663,1566.529,212.02106289220683,332.56569999999994,0.0,0.0,0.0,308.691,87.47200000000001,0.0,0.0,29778.359992144677
09-02-2050 04:00:00,26040.355381680412,4.676808276685641,351.8472858124967,430.675,1502.016,118.52994454532018,333.01179999999994,0.0,0.0,0.0,315.8695,88.8695,0.0,0.0,29625.663854989103
09-02-2050 05:00:00,25972.692707927676,7.337011149662794,128.95250868603898,429.296,1915.7939999999999,608.2700131700221,333.74769999999995,0.0,0.0,0.0,315.41,88.81200000000001,0.0,0.0,30265.201584916023
09-02-2050 06:00:00,25474.424829055068,2.8890375287171226,136.98741510896875,426.842,2764.743,3230.32888659084,338.7055999999999,0.0,0.0,0.0,315.6415,88.5295,0.0,0.0,33319.757008833614
09-02-2050 07:00:00,24533.616982923708,55.349382357105284,142.8693606164725,425.69699999999995,4304.097,8497.00226661334,347.7705999999999,0.0,0.0,0.0,313.3995,87.6525,0.0,0.0,39371.21963208992
09-02-2050 08:00:00,22870.258042265203,2359.7429699905724,142.54571289716012,429.129,5569.706999999999,10000.0,351.9760999999999,0.0,0.0,0.0,310.1675,87.3365,0.0,0.0,42915.785554381466
09-02-2050 09:00:00,19861.849720469196,15743.9530344038,174.34761922959663,426.87300000000005,5957.289000000001,745.775085190835,349.49789999999996,0.0,0.0,0.0,309.506,87.655,0.0,0.0,44419.020609770145
09-02-2050 10:00:00,17554.773262636572,27650.09145306059,4006.463260648226,429.88599999999997,5820.6990000000005,0.0,349.4367999999999,0.0,0.0,0.0,308.0205,86.6805,0.0,0.0,44928.22766552132
09-02-2050 11:00:00,17067.693168215937,36390.845891862285,7259.221341217706,429.335,5059.992,0.0,348.86019999999996,0.0,0.0,0.0,308.806,87.236,0.0,-489.73970668323454,44369.43847601473
09-02-2050 12:00:00,16217.881553074198,41442.01336317253,8882.69458784862,428.515,4328.555,0.0,347.3120999999999,0.0,0.0,0.0,304.383,86.26899999999999,0.0,-12200.0,43641.359228608155
09-02-2050 13:00:00,16802.689118092483,42422.727186844124,8613.701118180099,432.351,4072.039,0.0,346.4215999999999,0.0,0.0,0.0,301.596,86.177,0.0,-12200.0,43306.350026152795
09-02-2050 14:00:00,18520.433942656153,39345.60187327473,7700.77533183962,432.67400000000004,3876.3070000000002,0.0,343.88339999999994,0.0,0.0,0.0,302.2875,86.2935,0.0,-12200.0,41785.62743750227
09-02-2050 15:00:00,18073.977617807275,31621.96027057327,5579.925898825387,429.414,4108.223,0.0,342.50699999999995,0.0,0.0,0.0,305.8125,86.9605,0.0,-12200.0,41333.02173572905
09-02-2050 16:00:00,17472.01066705465,21707.21253699562,3884.5465719472395,431.685,4555.973,0.0,342.8059999999999,0.0,0.0,0.0,298.818,86.735,0.0,-8312.575390342794,41067.847919243206
09-02-2050 17:00:00,17537.04414815798,9058.977631940084,1803.280662168911,434.0,4798.524,6212.890075209343,340.84939999999995,0.0,0.0,0.0,298.3745,86.7625,0.0,0.0,41240.59807310447
09-02-2050 18:00:00,19467.036141127217,786.0613446327814,833.1536593499562,432.853,5297.805,10000.0,345.2969999999999,0.0,0.0,0.0,305.568,86.76299999999999,0.0,0.0,42063.670217365536
09-02-2050 19:00:00,24390.34919470204,9.296407889436287,560.1357006499857,430.44300000000004,5989.437,10000.0,352.5264999999999,0.0,0.0,0.0,298.9305,87.1715,0.0,0.0,45111.46303010799
09-02-2050 20:00:00,27059.000834915587,11.742078272657219,149.117168763199,430.57,5731.7519999999995,3467.109924790653,352.9255999999999,0.0,0.0,0.0,305.1395,87.8555,0.0,0.0,45909.312430556296
09-02-2050 21:00:00,28771.453512477085,3.074965686505849,146.8094198081018,432.85400000000004,4872.867,0.0,353.6752999999999,0.0,0.0,0.0,296.1725,87.5685,0.0,0.0,44954.95862606311
09-02-2050 22:00:00,30791.593473638943,6.979457000069089,154.8583978710017,427.05,3760.6079999999997,0.0,351.57419999999996,0.0,0.0,0.0,286.288,87.70700000000001,0.0,0.0,41800.19442185061
09-02-2050 23:00:00,33433.10070434848,0.8295256270573917,132.1608425992229,425.921,2835.837,0.0,348.3397999999999,0.0,0.0,0.0,283.144,87.941,0.0,0.0,37832.763904274565
10-02-2050 00:00:00,33065.86621644131,1.9450945737897463,134.45451991434993,424.673,2498.686,0.0,337.38669999999996,0.0,0.0,0.0,286.06,88.675,0.0,0.0,34707.60208833678
10-02-2050 01:00:00,31966.648458129897,5.992607547190468,137.02963002887907,429.17199999999997,2155.76,0.0,335.3082999999999,0.0,0.0,0.0,285.204,87.796,0.0,0.0,32349.26041251857
10-02-2050 02:00:00,30505.28578869331,0.6006909713174217,146.93606456783277,430.074,2279.387,0.0,334.04339999999996,0.0,0.0,0.0,282.0475,87.6055,0.0,0.0,30769.773173096648
10-02-2050 03:00:00,30145.567499997363,7.966306452947712,138.78858502514214,429.355,2357.862,0.0,333.9058999999999,0.0,0.0,0.0,284.767,86.42200000000001,0.0,0.0,30262.978949736385
10-02-2050 04:00:00,28904.786919484133,3.418217670115804,140.111319182332,435.32,2198.1639999999998,0.0,334.42099999999994,0.0,0.0,0.0,287.7325,87.1255,0.0,0.0,30031.99779760974
10-02-2050 05:00:00,25982.542684883883,5.406218741856795,145.07860809177893,432.955,2256.756,741.9505554952157,334.7347999999999,0.0,0.0,0.0,287.925,86.932,0.0,0.0,30745.267598520582
10-02-2050 06:00:00,24592.024729742017,2.1167205655947243,143.88251869432003,432.42199999999997,2778.93,4903.586774307012,338.0699999999999,0.0,0.0,0.0,291.182,87.271,0.0,0.0,34117.10105057593
10-02-2050 07:00:00,23728.202007704553,51.07303472796459,148.84980760376698,432.51800000000003,4783.444,7340.657236735358,346.9745999999999,0.0,0.0,0.0,296.6855,86.4755,0.0,0.0,39865.0698349088
10-02-2050 08:00:00,22533.95349485162,1251.153480258287,144.93789169207793,435.105,5473.29,0.0,353.9222999999999,0.0,0.0,0.0,293.7355,86.5375,0.0,0.0,43389.86428552547
10-02-2050 09:00:00,19400.339896133253,9205.603437605469,146.65463176843068,433.62199999999996,6108.405,0.0,353.5995999999999,0.0,0.0,0.0,290.7755,85.1545,0.0,0.0,44715.50741052384
10-02-2050 10:00:00,16932.87002604799,17198.69784744074,208.85128043629322,433.56300000000005,6372.982,0.0,352.5252999999999,0.0,0.0,0.0,293.1785,85.8615,0.0,0.0,45428.36066382322
10-02-2050 11:00:00,16004.380981431272,21443.723733077022,544.6850399628108,432.397,6384.201999999999,0.0,353.4195999999999,0.0,0.0,0.0,293.71299999999997,85.84100000000001,0.0,0.0,45424.37398880599
10-02-2050 12:00:00,14833.077766226548,23665.37929049451,1266.7149584688505,428.19199999999995,6210.026999999999,0.0,352.8219999999999,0.0,0.0,0.0,292.594,85.45299999999999,0.0,0.0,45139.18466662009
10-02-2050 13:00:00,14001.822427295796,23730.13949806892,654.5986197692982,434.92199999999997,5838.6140000000005,0.0,353.7124999999999,0.0,0.0,0.0,296.3865,86.0985,0.0,0.0,45136.83235152367
10-02-2050 14:00:00,13038.305615439775,23200.2013418731,1186.1688912799716,433.665,5633.036,0.0,352.94089999999994,0.0,0.0,0.0,292.228,85.355,0.0,0.0,43617.964578652514
10-02-2050 15:00:00,13161.016746526182,19861.403599465048,900.8382476061595,433.315,5325.085,2052.7226758768993,354.47919999999993,0.0,0.0,0.0,299.6855,85.3305,0.0,0.0,42502.52238154114
10-02-2050 16:00:00,13046.349341266052,12682.660218578414,860.5229990918097,434.035,5115.16,0.0,355.1758999999999,0.0,0.0,0.0,298.307,87.00200000000001,0.0,0.0,41914.69707272976
10-02-2050 17:00:00,14085.517689933125,4832.916418398251,548.62509915444,436.44599999999997,5788.331,0.0,356.1929999999999,0.0,0.0,0.0,298.844,88.272,0.0,0.0,41618.70344862924
10-02-2050 18:00:00,15743.014754845197,431.2532109079575,219.15172089440986,436.082,6289.892,0.0,357.8789999999999,0.0,0.0,0.0,304.528,87.331,0.0,0.0,42283.032834888014
10-02-2050 19:00:00,19956.863594159033,5.549240401694275,197.2421774609569,434.339,6419.648,0.0,359.30839999999995,0.0,0.0,0.0,307.8825,88.7485,0.0,0.0,44516.013721098534
10-02-2050 20:00:00,22203.67119127545,4.748319106604381,145.28968269133048,439.923,6079.706999999999,0.0,360.1921999999999,0.0,0.0,0.0,312.874,88.63,0.0,0.0,44980.42736874835
10-02-2050 21:00:00,22800.928384408908,1.902188075838502,143.066363576054,440.355,5019.793,0.0,360.1209999999999,0.0,0.0,0.0,313.96,88.671,0.0,0.0,44084.831534546014
10-02-2050 22:00:00,23690.198990356374,4.304951961108189,152.15664299674157,438.272,4401.724,0.0,357.9445999999999,0.0,0.0,0.0,314.496,88.21600000000001,0.0,0.0,41170.52454765138
10-02-2050 23:00:00,24136.756600315337,1.3873101004235688,145.28968269133048,433.73,3806.903,0.0,353.5392999999999,0.0,0.0,0.0,317.0105,88.4785,0.0,0.0,37919.12011867186
11-02-2050 00:00:00,25182.411416241062,1.8878859098547538,150.1021835611063,412.249,3149.047,0.0,335.54249999999996,0.0,0.0,0.0,309.7535,87.5805,0.0,0.0,35289.22555337079
11-02-2050 01:00:00,26497.433982449937,2.3741595533021904,134.21530203485815,414.173,2795.116,0.0,331.7614999999999,0.0,0.0,0.0,311.504,88.406,0.0,0.0,32686.02383057542
11-02-2050 02:00:00,27137.260463311442,1.1298711127161027,142.01099057829614,423.777,2714.632,0.0,330.5557999999999,0.0,0.0,0.0,310.671,88.738,0.0,0.0,30701.607121328485
11-02-2050 03:00:00,28362.43047623213,2.5743898770746645,147.54114508654726,430.69199999999995,2640.16,0.0,329.63739999999996,0.0,0.0,0.0,311.9545,88.7165,0.0,0.0,29662.52674672552
11-02-2050 04:00:00,28049.40462328746,2.960548358635864,150.89019539943214,427.05300000000005,2255.303,0.0,330.3429999999999,0.0,0.0,0.0,313.1495,88.7825,0.0,0.0,29183.00931846586
11-02-2050 05:00:00,26512.251150013453,2.2740443914159534,138.70415518532155,424.43,2357.2039999999997,0.0,326.4137999999999,0.0,0.0,0.0,311.5685,87.8355,0.0,0.0,29213.85113236945
11-02-2050 06:00:00,26638.14432164184,1.6733534200985316,154.26738899225728,426.917,2478.26,0.0,322.4094999999999,0.0,0.0,0.0,307.94,87.656,0.0,0.0,29543.329289889632
11-02-2050 07:00:00,27453.97900256146,40.432223236055975,114.96529855575498,429.1,2824.81,0.0,322.4300999999999,0.0,0.0,0.0,310.4475,86.4305,0.0,0.0,31495.829020832087
11-02-2050 08:00:00,27669.640323219628,455.7671234041017,113.34705995919293,429.55699999999996,2877.696,642.1099300855931,325.06139999999994,0.0,0.0,0.0,312.0315,86.1585,0.0,0.0,33409.44481818365
11-02-2050 09:00:00,29326.373529593107,4107.982531180009,119.91851582523184,429.459,3556.5840000000003,0.0,326.0524,0.0,0.0,0.0,310.6385,86.7675,0.0,0.0,36899.83086421595
11-02-2050 10:00:00,29170.428221758568,9680.135002780251,470.4712107604788,428.733,4344.055,0.0,326.0922999999999,0.0,0.0,0.0,311.965,87.148,0.0,0.0,40064.09274693926
11-02-2050 11:00:00,28755.931569355864,14583.089128000915,2136.2015922216165,428.462,4491.505,0.0,324.28869999999995,0.0,0.0,0.0,310.718,86.59,0.0,0.0,40701.293880547535
11-02-2050 12:00:00,30911.029719499114,16367.41305396735,2462.536994768314,425.594,3618.534,0.0,322.73849999999993,0.0,0.0,0.0,304.6915,86.9565,0.0,0.0,40393.85423542914
11-02-2050 13:00:00,31784.48296742093,16766.200348092196,1306.4954846643363,434.861,3226.192,0.0,321.15219999999994,0.0,0.0,0.0,304.185,86.602,0.0,0.0,40359.10394742782
11-02-2050 14:00:00,32216.21918960346,15097.766873092076,848.0977409982073,436.782,3287.861,0.0,316.50699999999995,0.0,0.0,0.0,304.031,85.324,0.0,0.0,39633.503551278845
11-02-2050 15:00:00,33044.71028907135,12684.376478496464,577.260886493603,438.54900000000004,2971.855,0.0,316.83609999999993,0.0,0.0,0.0,302.248,84.934,0.0,-492.70554933827225,37817.241611206024
11-02-2050 16:00:00,34734.62702963792,8716.025993815787,1877.2974884116613,427.68199999999996,2571.157,0.0,317.7856999999999,0.0,0.0,0.0,300.49,84.73899999999999,0.0,-10758.023471757653,36714.571706988725
11-02-2050 17:00:00,36214.90469338373,3796.08089540643,389.6437107721978,430.83,2594.744,0.0,318.59989999999993,0.0,0.0,0.0,306.7075,84.9875,0.0,-7898.710564973473,36540.846202965535
11-02-2050 18:00:00,38464.5356129439,313.26034154203546,161.16249257760856,438.911,3548.155,0.0,318.0207,0.0,0.0,0.0,307.10400000000004,85.264,0.0,-6634.96161951375,37583.96512455246
11-02-2050 19:00:00,39805.736159898006,6.192837870962943,139.02780290463394,437.457,4724.345,0.0,319.7432999999999,0.0,0.0,0.0,310.98400000000004,85.32700000000001,0.0,-6382.555712623747,40120.230004002915
11-02-2050 20:00:00,41095.34038368732,2.4170660512534345,140.92747430059808,438.256,4145.587,0.0,319.1859999999999,0.0,0.0,0.0,310.507,85.035,0.0,-6423.604672570036,40794.17063694195
11-02-2050 21:00:00,43336.12995717925,1.2728927725535841,122.49362593976097,437.656,3105.863,0.0,318.57679999999993,0.0,0.0,0.0,312.163,85.82600000000001,0.0,-8060.937045836887,40319.80228731716
11-02-2050 22:00:00,45861.10022830493,1.4302165983748136,133.96201251539628,436.782,2573.751,0.0,315.42689999999993,0.0,0.0,0.0,313.344,87.47399999999999,0.0,-11839.98245405205,38453.67409658031
11-02-2050 23:00:00,46013.34440940829,0.6865039672199105,151.76263707757866,437.13199999999995,1988.4379999999999,0.0,314.58089999999993,0.0,0.0,0.0,312.89799999999997,86.804,0.0,-12200.0,35733.019701283876
12-02-2050 00:00:00,46635.22232471934,0.84382779304114,146.73906160825126,429.57800000000003,1959.4229999999998,0.0,309.2830999999999,0.0,0.0,0.0,313.2565,86.8845,0.0,-12200.0,33019.8973513354
12-02-2050 01:00:00,49000.86689746124,8.910249407875089,93.4638326814351,432.461,1729.2479999999998,0.0,305.5449999999999,0.0,0.0,0.0,307.001,86.139,0.0,-12200.0,30515.134867425193
12-02-2050 02:00:00,49239.26250512159,0.629295303284918,0.0,423.088,1453.24,0.0,303.5474999999999,0.0,0.0,0.0,305.621,86.527,0.0,-12200.0,28333.05649230451
12-02-2050 03:00:00,47442.371807448784,5.921096717271728,0.0,420.535,1269.743,0.0,303.98389999999995,0.0,0.0,0.0,303.0185,86.6315,0.0,-12200.0,27221.179706965613
12-02-2050 04:00:00,50028.41277974554,1.516029594277302,0.0,417.74300000000005,1199.647,0.0,303.2534999999999,0.0,0.0,0.0,304.183,87.85700000000001,0.0,-12200.0,26798.83068759269
12-02-2050 05:00:00,51205.1431887659,3.246591678310826,0.0,421.72,1080.891,0.0,303.0659999999999,0.0,0.0,0.0,296.1565,88.2035,0.0,-12200.0,26621.569244505434
12-02-2050 06:00:00,52932.67468709197,1.501727428293554,0.0,423.856,1046.987,0.0,302.18319999999994,0.0,0.0,0.0,304.125,86.789,0.0,-12200.0,27082.96410088049
12-02-2050 07:00:00,54414.27327748186,42.17708748607325,0.0,424.543,1180.97,0.0,302.328,0.0,0.0,0.0,305.658,86.406,0.0,-12200.0,28090.66232859329
12-02-2050 08:00:00,54538.95946821501,342.70850130257276,0.0,426.235,1217.573,0.0,303.2412999999999,0.0,0.0,0.0,307.4585,89.2075,0.0,-12200.0,28735.556625021938
12-02-2050 09:00:00,53809.740437273635,3067.9719273397964,0.0,411.361,2043.37,0.0,304.46819999999997,0.0,0.0,0.0,305.6955,89.3105,0.0,-12200.0,31474.250282680696
12-02-2050 10:00:00,56003.833354801376,7363.184113413053,0.0,423.329,2225.552,0.0,303.0396999999999,0.0,0.0,0.0,310.8855,89.3805,0.0,-12200.0,34317.217989540615
12-02-2050 11:00:00,57146.48132427659,11320.02135447681,194.83592702606893,416.745,2682.578,0.0,302.8395999999999,0.0,0.0,0.0,312.9035,91.5105,0.0,-12200.0,35937.88410411088
12-02-2050 12:00:00,58747.11946051215,14997.565898209938,143.23522325569522,411.89099999999996,2484.728,0.0,302.7424,0.0,0.0,0.0,311.059,91.351,0.0,-12200.0,36465.055365060434
12-02-2050 13:00:00,58371.21243505356,16520.81808630903,0.0,404.06199999999995,2474.425,0.0,302.70899999999995,0.0,0.0,0.0,297.9865,90.6615,0.0,-12200.0,36840.86029745553
12-02-2050 14:00:00,58977.99886896128,15571.039847660286,0.0,409.02,2302.999,0.0,302.0725999999999,0.0,0.0,0.0,311.1335,89.5135,0.0,-12200.0,36497.546864693184
12-02-2050 15:00:00,60856.50426430166,13218.648190985361,0.0,409.48,1815.015,0.0,301.52719999999994,0.0,0.0,0.0,309.5855,91.5425,0.0,-12200.0,34632.39716787386
12-02-2050 16:00:00,61380.71379199595,7833.925604602138,0.0,405.585,1825.569,0.0,302.14919999999995,0.0,0.0,0.0,294.9505,90.4565,0.0,-12200.0,33449.00426625011
12-02-2050 17:00:00,61233.42836107407,2577.8510012427314,0.0,409.57199999999995,1977.1779999999999,0.0,303.3624,0.0,0.0,0.0,305.4815,91.4745,0.0,-12200.0,33164.11635162834
12-02-2050 18:00:00,59120.12719969443,155.77919189498468,0.0,409.414,2855.3070000000002,0.0,304.78899999999993,0.0,0.0,0.0,308.573,90.82700000000001,0.0,-12200.0,34657.180964816805
12-02-2050 19:00:00,58446.48415270177,3.5755414959370335,0.0,404.81199999999995,3729.655,0.0,305.63969999999995,0.0,0.0,0.0,309.658,90.223,0.0,-12200.0,37910.26887489774
12-02-2050 20:00:00,60430.651018930155,7.50863714146777,0.0,407.839,3351.478,0.0,307.5520999999999,0.0,0.0,0.0,313.3245,89.7135,0.0,-12200.0,39561.15237492388
12-02-2050 21:00:00,61766.08253482207,1.0440581168136136,0.0,409.225,3316.2,0.0,308.0987999999999,0.0,0.0,0.0,314.4975,90.6475,0.0,-12200.0,39563.80020304277
12-02-2050 22:00:00,61864.45147778363,3.9330956455307375,0.0,398.108,2981.716,0.0,309.1445999999999,0.0,0.0,0.0,304.9045,91.0905,0.0,-12200.0,38084.65456758816
12-02-2050 23:00:00,60180.86083638474,0.6578996352524141,0.0,393.724,2892.115,0.0,308.5859,0.0,0.0,0.0,312.8445,91.2865,0.0,-12200.0,35128.55803102798
13-02-2050 00:00:00,60649.810896099334,0.6578996352524141,0.0,392.00800000000004,2269.026,0.0,303.19969999999995,0.0,0.0,0.0,311.9425,92.0455,0.0,-12200.0,31923.09408795912
13-02-2050 01:00:00,59205.383941112304,7.179687323841564,0.0,384.165,1763.649,0.0,303.08349999999996,0.0,0.0,0.0,314.7515,91.7685,0.0,-12200.0,29489.955000992184
13-02-2050 02:00:00,56966.24025065933,0.6865039672199105,0.0,375.11699999999996,1400.151,0.0,303.53489999999994,0.0,0.0,0.0,314.101,91.41,0.0,-12200.0,28253.338710737775
13-02-2050 03:00:00,55156.524325921426,4.2620454631569435,0.0,376.272,1289.6589999999999,0.0,303.5593999999999,0.0,0.0,0.0,313.8315,91.8805,0.0,-12200.0,27631.362785297802
13-02-2050 04:00:00,51590.28826030724,1.0297559508298657,0.0,377.32,1470.286,0.0,302.9099999999999,0.0,0.0,0.0,314.39799999999997,91.51799999999999,0.0,-12200.0,27597.38114553047
13-02-2050 05:00:00,47380.79890094018,3.2036851803595816,0.0,382.255,1389.4470000000001,0.0,304.4033999999999,0.0,0.0,0.0,315.7775,92.2375,0.0,-12200.0,28498.20779601217
13-02-2050 06:00:00,46071.07692215933,2.245440059448457,0.0,385.728,1944.76,0.0,307.48789999999997,0.0,0.0,0.0,316.535,91.37799999999999,0.0,-12200.0,31942.727627358883
13-02-2050 07:00:00,43415.36445475972,42.77777845739067,7.640900503766824,389.72,3426.245,0.0,320.3564999999999,0.0,0.0,0.0,317.14099999999996,89.887,0.0,-10835.034751699488,37809.29576903272
13-02-2050 08:00:00,42000.31018169866,427.706273743988,87.24416781464883,395.207,4078.895,0.0,331.72599999999994,0.0,0.0,0.0,311.742,89.77,0.0,-6684.8904037888715,41669.8248436998
13-02-2050 09:00:00,40826.352452567,4426.220026484389,111.334815443468,391.384,4363.563,0.0,334.3367999999999,0.0,0.0,0.0,309.194,89.72399999999999,0.0,-8087.352158106518,43414.64611762125
13-02-2050 10:00:00,40659.22358049341,12402.40927612687,155.28054707010483,391.849,4590.816,0.0,337.7104999999999,0.0,0.0,0.0,312.344,90.777,0.0,-12200.0,44386.05322413979
13-02-2050 11:00:00,40524.535485138906,17503.548515384333,1707.312077572797,397.332,3832.759,0.0,338.3761999999999,0.0,0.0,0.0,315.448,90.086,0.0,-12200.0,44145.38891192446
13-02-2050 12:00:00,39820.02580084647,21782.89959938161,2485.2486216800626,399.358,3857.7090000000003,0.0,338.93259999999987,0.0,0.0,0.0,312.1435,88.3055,0.0,-12200.0,43667.63080786905
13-02-2050 13:00:00,42402.623079400175,23678.422865871686,2644.933592060811,399.48,3269.948,0.0,340.88939999999997,0.0,0.0,0.0,313.3865,88.2705,0.0,-12200.0,43619.383984287015
13-02-2050 14:00:00,43558.830592988634,22374.10823465181,1789.7859594375807,398.699,2959.6540000000005,0.0,341.3712999999999,0.0,0.0,0.0,314.531,89.897,0.0,-12200.0,42211.77882922282
13-02-2050 15:00:00,41527.15678991534,20724.010136442852,2363.6977956182986,401.414,3079.22,0.0,339.18799999999993,0.0,0.0,0.0,315.77299999999997,89.464,0.0,-12200.0,41308.15934489711
13-02-2050 16:00:00,36902.385818542374,17743.481651927694,5153.5129928113065,404.431,3514.094,0.0,338.30049999999994,0.0,0.0,0.0,299.1125,89.5215,0.0,-12200.0,40920.58340575332
13-02-2050 17:00:00,33806.64019035873,10357.485583770562,6204.115704619289,403.999,3613.454,0.0,338.3955999999999,0.0,0.0,0.0,294.774,90.133,0.0,-9266.449502902033,40808.96082793488
13-02-2050 18:00:00,28928.55937886473,1609.794594466755,5395.615558496957,409.957,5072.111,3347.787390112764,339.5154999999999,0.0,0.0,0.0,298.6945,89.7515,0.0,0.0,41248.02008700792
13-02-2050 19:00:00,29198.437774911246,10.58360282797362,992.8527013706738,407.75199999999995,5205.957,7864.75573310873,340.1237999999999,0.0,0.0,0.0,297.29200000000003,90.70700000000001,0.0,0.0,44333.97887816562
13-02-2050 20:00:00,27795.887992733326,7.008061332036585,279.80048916556086,406.096,5480.379,10000.0,341.5820999999999,0.0,0.0,0.0,299.58799999999997,91.616,0.0,0.0,45336.69936192151
13-02-2050 21:00:00,26387.76330928756,2.1167205655947243,132.66742163814664,412.24,5342.178000000001,8467.45687677851,341.9296999999999,0.0,0.0,0.0,309.1835,90.0005,0.0,0.0,44494.809482828045
13-02-2050 22:00:00,24782.769913318152,5.97830538120672,123.78821681701062,413.211,4226.175,0.0,343.79939999999993,0.0,0.0,0.0,313.018,92.05,0.0,0.0,40901.2638489399
13-02-2050 23:00:00,23647.511536666545,1.9450945737897463,125.35016885369221,405.54400000000004,3451.85,0.0,340.0565999999999,0.0,0.0,0.0,317.1335,91.8655,0.0,0.0,36832.894806809956
14-02-2050 00:00:00,23181.82792175233,2.4456703832209308,117.66705343001507,404.226,2673.051,0.0,326.34889999999996,0.0,0.0,0.0,317.1745,91.5125,0.0,0.0,33940.45617654751
14-02-2050 01:00:00,23134.86117216123,10.841041815681086,134.77816763366235,403.80199999999996,2400.3160000000003,0.0,323.48439999999994,0.0,0.0,0.0,317.53,92.464,0.0,0.0,31491.186872780985
14-02-2050 02:00:00,22577.94921454677,1.0011516188623695,125.44867033348295,405.906,1783.361,0.0,322.7942999999999,0.0,0.0,0.0,315.9985,92.5765,0.0,0.0,29964.75758185346
14-02-2050 03:00:00,21251.240878761317,9.410825217306272,130.30338612316905,406.52,1848.599,0.0,322.90299999999996,0.0,0.0,0.0,313.2105,91.7465,0.0,0.0,29367.216103520015
14-02-2050 04:00:00,20077.852878373913,3.2608938442945745,133.4695051164426,400.96,1819.346,0.0,321.8285999999999,0.0,0.0,0.0,279.0445,91.6455,0.0,0.0,29372.111716863026
14-02-2050 05:00:00,19433.41792500333,7.337011149662794,143.4181545753066,405.466,2000.195,0.0,323.3005999999999,0.0,0.0,0.0,273.36,91.117,0.0,0.0,30066.336253632915
14-02-2050 06:00:00,18660.363542457788,1.701957752066028,128.19264012765336,412.026,2692.387,0.0,328.6069,0.0,0.0,0.0,275.0165,91.5925,0.0,0.0,33063.43325721352
14-02-2050 07:00:00,18579.094902249686,52.5032513263394,124.85766145473853,418.69199999999995,4179.088,0.0,341.12019999999995,0.0,0.0,0.0,271.9195,89.5565,0.0,0.0,38866.40440285352
14-02-2050 08:00:00,18895.55178829863,2391.6654044662982,126.25075381177895,430.647,5351.9619999999995,0.0,344.10319999999996,0.0,0.0,0.0,252.412,87.132,0.0,0.0,42325.1544437344
14-02-2050 09:00:00,18019.157051971302,12941.944185697783,152.4240041561736,415.949,4506.09,0.0,342.11639999999994,0.0,0.0,0.0,253.7125,86.4315,0.0,0.0,43689.59897874024
14-02-2050 10:00:00,17261.8567242576,23325.373898562862,1505.6091902413173,415.26599999999996,4125.249,0.0,334.3626999999999,0.0,0.0,0.0,254.2095,87.0385,0.0,0.0,43985.762365640854
14-02-2050 11:00:00,19111.62246961008,29357.727165022174,4121.850708403085,409.316,3512.4040000000005,0.0,334.76629999999994,0.0,0.0,0.0,252.88099999999997,87.14399999999999,0.0,0.0,43355.651972694075
14-02-2050 12:00:00,22001.299321103616,32844.83836868169,4145.58956503265,406.83,3045.16,0.0,334.45989999999995,0.0,0.0,0.0,254.9095,87.8375,0.0,0.0,42775.8141608171
14-02-2050 13:00:00,22527.099869068898,35274.8621823164,3542.0287834349224,411.10699999999997,2957.639,0.0,336.3624999999999,0.0,0.0,0.0,255.0185,87.4495,0.0,0.0,42551.952043151956
14-02-2050 14:00:00,20516.902729547495,34293.06139403003,5078.919229329783,416.82599999999996,2992.572,0.0,336.36809999999986,0.0,0.0,0.0,261.5985,87.5505,0.0,0.0,41164.060593254304
14-02-2050 15:00:00,19564.514619162568,28578.71678821937,6290.304499436181,415.545,2977.909,0.0,336.5519999999999,0.0,0.0,0.0,267.5855,87.6715,0.0,-6590.631577879172,40329.738126758784
14-02-2050 16:00:00,18577.29709154559,21500.074267052994,6663.005955684372,417.08,3102.272,0.0,337.5400999999999,0.0,0.0,0.0,269.0715,87.3275,0.0,-5054.470248753863,40143.33149875279
14-02-2050 17:00:00,17293.917681813862,11716.105539230732,7304.0958010823715,420.917,3542.506,5151.646903014593,340.64719999999994,0.0,0.0,0.0,265.3305,83.6895,0.0,0.0,40038.64915429852
14-02-2050 18:00:00,16839.299465176933,1722.3240364268852,3551.6678568144434,427.583,4918.423,10000.0,343.0190999999999,0.0,0.0,0.0,267.223,78.808,0.0,0.0,40978.0929121181
14-02-2050 19:00:00,17020.912107993332,14.731230963260579,601.3656057623924,426.033,5625.335999999999,10000.0,346.81769999999995,0.0,0.0,0.0,262.082,78.913,0.0,0.0,44368.46587663893
14-02-2050 20:00:00,16621.376110393427,12.328467077990892,224.97737984203312,429.725,5699.025,4528.353096985404,348.53439999999995,0.0,0.0,0.0,265.15,79.271,0.0,0.0,45331.7683813285
14-02-2050 21:00:00,17661.30831759909,3.418217670115804,125.73010313288506,448.44800000000004,4997.536,0.0,348.79869999999994,0.0,0.0,0.0,268.7875,79.8955,0.0,0.0,44220.57300500682
14-02-2050 22:00:00,19336.53871720268,7.05096782998783,149.22974188295981,442.871,3551.8590000000004,0.0,351.6737999999999,0.0,0.0,0.0,266.39,80.123,0.0,0.0,40758.38173069809
14-02-2050 23:00:00,19843.23436127732,1.816375079936013,147.21749736723484,438.36400000000003,2693.403,0.0,347.11819999999994,0.0,0.0,0.0,250.81799999999998,79.355,0.0,0.0,36856.80188892162
15-02-2050 00:00:00,20008.776433292842,3.4468220020833007,145.96512140989552,438.958,2435.513,0.0,335.8585999999999,0.0,0.0,0.0,261.618,79.824,0.0,0.0,33722.61670859297
15-02-2050 01:00:00,20280.452640043448,10.955459143551069,143.4603694952169,442.961,2287.615,0.0,332.3940999999999,0.0,0.0,0.0,264.0305,79.6685,0.0,0.0,31199.300565317244
15-02-2050 02:00:00,20097.27007802066,1.1012667807486063,148.17436888520194,440.131,2015.5339999999999,0.0,331.5566999999999,0.0,0.0,0.0,264.344,79.065,0.0,0.0,29656.431397667642
15-02-2050 03:00:00,19966.405495572046,8.409673598443904,142.05320549820647,435.522,1775.622,0.0,331.6730999999999,0.0,0.0,0.0,265.873,79.392,0.0,0.0,29199.96516406894
15-02-2050 04:00:00,19985.50617924977,4.13332596930321,142.71457257680137,439.61699999999996,1805.095,0.0,331.43409999999994,0.0,0.0,0.0,265.97700000000003,80.09899999999999,0.0,0.0,28971.00505379677
15-02-2050 05:00:00,20087.9265266149,5.077268924230587,143.64330081482828,437.327,1834.465,0.0,332.29329999999993,0.0,0.0,0.0,273.5755,88.5465,0.0,0.0,29815.02561321982
15-02-2050 06:00:00,20521.308631836393,1.8306772459197613,125.2375957339314,437.69699999999995,2094.2670000000003,0.0,334.3694,0.0,0.0,0.0,274.1025,91.8585,0.0,0.0,32706.66808738715
15-02-2050 07:00:00,20809.127153007525,55.349382357105284,147.639646566338,434.74699999999996,3031.235,0.0,343.2631999999999,0.0,0.0,0.0,272.664,90.794,0.0,0.0,38290.62675127997
15-02-2050 08:00:00,20865.492316772357,3077.282637395216,141.9265607384755,422.68300000000005,3827.901,0.0,343.3429999999999,0.0,0.0,0.0,271.3245,91.5925,0.0,0.0,41490.24252307171
15-02-2050 09:00:00,20116.792782990422,16295.287230911306,247.88600971336353,413.955,3953.217,0.0,343.5593999999999,0.0,0.0,0.0,250.2025,89.9625,0.0,0.0,42620.52167453992
15-02-2050 10:00:00,18643.178835445928,28438.641374574545,2381.202915741109,419.223,3371.074,0.0,340.48579999999987,0.0,0.0,0.0,248.0455,89.3375,0.0,0.0,42958.279305292046
15-02-2050 11:00:00,17853.353326754717,36664.56074445925,9063.909167383628,426.626,2858.8790000000004,0.0,337.2994999999999,0.0,0.0,0.0,251.1225,88.7725,0.0,0.0,42553.42135590598
15-02-2050 12:00:00,17552.10608807088,40682.22509745189,11170.827676827455,415.13699999999994,2773.98,0.0,337.4594999999999,0.0,0.0,0.0,259.062,90.679,0.0,0.0,42002.302929961406
15-02-2050 13:00:00,16509.190190330497,41038.33472828125,11015.504914837442,421.48900000000003,3077.7470000000003,0.0,340.5799999999999,0.0,0.0,0.0,265.6115,90.5095,0.0,0.0,41895.10793887725
15-02-2050 14:00:00,15723.525811578798,38410.268822269565,8747.297268056273,417.62199999999996,3188.6020000000003,0.0,339.7210999999999,0.0,0.0,0.0,268.45799999999997,90.854,0.0,-12200.0,40531.67608613059
15-02-2050 15:00:00,15264.58609691138,32753.318808551678,5664.510526685686,407.12800000000004,2967.3320000000003,0.0,339.74549999999994,0.0,0.0,0.0,261.6615,90.9245,0.0,-12200.0,39721.97354831959
15-02-2050 16:00:00,15199.915554119207,23507.340356374094,4672.50212371322,412.454,3028.0229999999997,0.0,343.5325999999999,0.0,0.0,0.0,255.1595,91.1365,0.0,-4822.7468609555635,39048.86325981735
15-02-2050 17:00:00,15429.887616790442,10585.390598721588,3666.7738717699,409.98199999999997,3289.165,7279.180398164746,345.6212999999999,0.0,0.0,0.0,255.24400000000003,92.103,0.0,0.0,38665.696830813344
15-02-2050 18:00:00,16407.77425364042,1321.048165420864,1859.8767981286717,422.965,4536.906,10000.0,348.7937999999999,0.0,0.0,0.0,271.664,92.006,0.0,0.0,39650.06799931496
15-02-2050 19:00:00,18453.872744475637,10.183142180428673,1355.0567142011678,446.976,5369.355,10000.0,351.10559999999987,0.0,0.0,0.0,276.2175,92.2585,0.0,0.0,43473.9338107236
15-02-2050 20:00:00,20207.177083106588,12.385675741925885,353.77510048840094,438.246,5414.001,2400.8196018352537,351.92189999999994,0.0,0.0,0.0,274.0305,92.1035,0.0,0.0,44491.06016135542
15-02-2050 21:00:00,21010.25406036784,2.002303237724739,148.2728703649927,437.875,4561.067,0.0,349.85319999999996,0.0,0.0,0.0,280.4635,92.0225,0.0,0.0,43686.60101484604
15-02-2050 22:00:00,20848.919540633953,8.309558436557666,157.08171698627822,449.218,3297.798,0.0,350.4722999999999,0.0,0.0,0.0,279.9045,92.9605,0.0,0.0,40094.38833331462
15-02-2050 23:00:00,20475.139502487244,1.0869646147648582,122.8454169390136,460.36699999999996,2547.778,0.0,347.2274999999999,0.0,0.0,0.0,287.803,92.49,0.0,0.0,36392.54896577475
16-02-2050 00:00:00,20337.11321871271,1.9593967397734942,140.99783250044857,442.23699999999997,2190.841,0.0,335.91819999999996,0.0,0.0,0.0,283.175,92.52600000000001,0.0,0.0,33489.47304561174
16-02-2050 01:00:00,20640.993870258877,11.16999163330729,137.01555838890897,425.94599999999997,2131.153,0.0,331.6262999999999,0.0,0.0,0.0,280.248,92.56700000000001,0.0,0.0,31113.21510686741
16-02-2050 02:00:00,20331.348407863446,0.6722018012361622,136.81855542932752,428.76099999999997,2040.2820000000002,0.0,331.9855999999999,0.0,0.0,0.0,278.203,92.316,0.0,0.0,29664.938007238623
16-02-2050 03:00:00,18529.275288724384,9.296407889436287,145.10675137171916,429.39300000000003,2013.665,0.0,331.63849999999996,0.0,0.0,0.0,277.9675,92.6835,0.0,0.0,29168.10123663948
16-02-2050 04:00:00,16768.357685985044,3.4468220020833007,141.13854890014963,429.341,2102.085,0.0,332.9777999999999,0.0,0.0,0.0,277.9385,92.7365,0.0,0.0,29013.35694273776
16-02-2050 05:00:00,15539.05186440237,6.5789963525241415,138.25386270627817,425.037,2197.415,0.0,332.6664999999999,9739.351914311557,0.0,0.0,276.455,92.463,0.0,0.0,29853.638790863235
16-02-2050 06:00:00,15103.433046333072,2.0452097356759835,127.70013272869969,427.218,2366.998,0.0,336.2914999999999,13534.149572149132,0.0,0.0,282.592,92.33,0.0,0.0,32818.60897045585
16-02-2050 07:00:00,15027.680224411932,50.2149047689397,140.5475400214052,426.06199999999995,3684.2870000000003,0.0,345.8280999999999,17708.7654891876,0.0,0.0,282.4225,92.1685,0.0,0.0,38422.663305815484
16-02-2050 08:00:00,14598.408606574909,1564.8428867798345,142.92564717635292,427.89099999999996,3909.659,0.0,352.4187999999999,19369.084705061414,0.0,0.0,277.177,90.929,0.0,0.0,41465.96840749863
16-02-2050 09:00:00,13873.363366211806,10616.383392408368,226.13125431958173,424.519,4520.6990000000005,0.0,349.42279999999994,11504.483613860235,0.0,0.0,281.9865,91.9815,0.0,0.0,42662.38746027773
16-02-2050 10:00:00,13260.014501212874,23187.37229898568,939.5493291639173,429.967,3993.92,0.0,347.3445999999999,0.0,0.0,0.0,284.9495,92.6595,0.0,0.0,43030.452859458004
16-02-2050 11:00:00,13487.09993824656,31175.704087548358,3901.080748912112,429.88,3156.282,0.0,344.2646999999999,0.0,0.0,0.0,282.29400000000004,91.33,0.0,0.0,42637.93611548503
16-02-2050 12:00:00,12993.284384004972,36256.17669695931,7996.279771211818,428.91,2870.643,0.0,343.2391999999999,0.0,0.0,0.0,280.0465,90.6505,0.0,0.0,42145.873530670455
16-02-2050 13:00:00,11756.973008974439,38213.04195335368,10368.490909012029,425.907,2856.29,0.0,343.3419999999999,0.0,0.0,0.0,280.871,91.035,0.0,0.0,42085.38335106705
16-02-2050 14:00:00,11181.707345369174,36531.822341964085,10827.465589916932,433.708,2788.841,0.0,342.4414999999999,0.0,0.0,0.0,270.41,91.43799999999999,0.0,0.0,40779.222079262756
16-02-2050 15:00:00,10763.77543964926,32387.06894203986,11875.099185691224,433.04400000000004,2586.506,0.0,341.5781999999999,0.0,0.0,0.0,276.801,91.24,0.0,0.0,39960.0336520244
16-02-2050 16:00:00,10481.092917602255,25090.161065795503,12653.429735717651,435.44800000000004,2744.8140000000003,0.0,343.51699999999994,0.0,0.0,0.0,280.9325,91.7555,0.0,0.0,39460.49482352297
16-02-2050 17:00:00,9932.992764565593,13491.40479846142,11584.576106868444,429.116,3172.553,10000.0,344.6508999999999,0.0,0.0,0.0,280.1095,92.3945,0.0,0.0,39352.81962377731
16-02-2050 18:00:00,9613.585949685285,2459.4576712292646,7010.505104746106,432.371,4786.343,10000.0,345.1320999999999,0.0,0.0,0.0,275.9845,92.5695,0.0,0.0,39924.943838422805
16-02-2050 19:00:00,9916.356685233382,18.79304610264505,2605.701859824159,428.44800000000004,5678.467,9680.0,346.95889999999997,0.0,0.0,0.0,273.628,92.766,0.0,0.0,43376.775652228374
16-02-2050 20:00:00,9703.054463597718,10.383372504201146,1684.8396685405398,426.625,5712.198,0.0,349.43369999999993,5233.955097553673,0.0,0.0,275.96,92.78200000000001,0.0,0.0,44548.63529361751
16-02-2050 21:00:00,9447.153412743557,2.946246192652116,900.0220924878935,427.156,5110.857,0.0,349.9197999999999,5527.219598024374,0.0,0.0,276.3565,92.1805,0.0,0.0,43878.8605297625
16-02-2050 22:00:00,9228.31427175633,7.193989489825311,320.1016660399406,428.602,3989.002,0.0,349.3247999999999,7831.346780043426,0.0,0.0,277.2495,92.7135,0.0,0.0,40548.81702034216
16-02-2050 23:00:00,8925.85583196434,1.258590606569836,144.82531857231706,415.555,2891.007,0.0,345.9061999999999,23105.50480103427,0.0,0.0,272.605,91.825,0.0,0.0,36815.77430700954
17-02-2050 00:00:00,8585.82061632913,3.4897285000345444,146.38727060899865,418.75300000000004,2498.895,0.0,335.20539999999994,21273.294710966366,0.0,0.0,270.9185,90.9375,0.0,0.0,34165.045680654934
17-02-2050 01:00:00,8370.307003123175,12.04242375831593,143.55887097500764,422.425,2291.547,0.0,331.7507999999999,19434.208234102145,0.0,0.0,274.9685,92.2515,0.0,0.0,31863.653922712143
17-02-2050 02:00:00,8114.595861850432,0.5577844733661773,126.264825451749,422.48900000000003,2139.583,0.0,331.7055999999999,18182.38596800014,0.0,0.0,277.3535,92.4225,0.0,0.0,30151.371304756867
17-02-2050 03:00:00,7960.030563640862,11.16999163330729,155.42126346980587,423.832,2199.456,0.0,331.9430999999999,17682.78515783377,0.0,0.0,274.914,92.94,0.0,0.0,29587.505735962728
17-02-2050 04:00:00,8195.953126529861,5.191686252100573,136.77634050941722,424.324,2038.5510000000002,0.0,330.7992999999999,17522.911963018792,0.0,0.0,274.1385,92.0065,0.0,0.0,29475.459537082843
17-02-2050 05:00:00,8304.754435830637,8.609903922216377,140.36460870179388,421.42800000000005,2039.05,0.0,331.55179999999996,18104.76711065782,0.0,0.0,273.9805,90.3745,0.0,0.0,30189.42528688038
17-02-2050 06:00:00,8237.965346152421,2.3026487233834496,136.213474910613,420.61,2316.47,0.0,336.29079999999993,20724.644216159875,0.0,0.0,276.8875,90.2845,0.0,0.0,33090.420826802765
17-02-2050 07:00:00,7953.712904899027,53.26126612347805,135.11588699294487,421.04400000000004,3529.757,0.0,346.82419999999996,24562.0,0.0,0.0,274.54,88.87100000000001,450.1536385837535,0.0,38482.786451957494
17-02-2050 08:00:00,7391.977243916559,2247.3565496902793,145.96512140989552,431.531,4348.448,0.0,351.3600999999999,24562.0,0.0,0.0,273.2715,91.1285,920.8689648227119,0.0,41499.859664293675
17-02-2050 09:00:00,6523.448984472852,15455.521253009552,222.21933840789262,449.714,4739.095,0.0,351.46859999999987,14040.066140480296,0.0,0.0,269.5585,90.4575,0.0,0.0,42918.23729074741
17-02-2050 10:00:00,6274.414220040178,28319.933396909437,3506.371247750677,456.595,4412.621,0.0,349.3430999999999,0.0,0.0,0.0,279.633,91.46799999999999,0.0,0.0,43079.83300691878
17-02-2050 11:00:00,6303.259375351097,36936.788171793916,11037.9773238697,460.675,3945.2329999999997,0.0,346.3135999999999,0.0,0.0,0.0,277.3785,92.0855,0.0,0.0,42705.945765414166
17-02-2050 12:00:00,6116.274401487031,41060.989359199484,14736.764176571587,462.384,3466.0440000000003,0.0,345.6304999999999,0.0,0.0,0.0,277.1,91.585,0.0,0.0,42130.69076320218
17-02-2050 13:00:00,5839.057055171941,43138.52198999875,15996.992109014218,464.11,3212.4109999999996,0.0,346.2908999999999,0.0,0.0,0.0,276.92900000000003,91.54700000000001,0.0,0.0,41802.662662933195
17-02-2050 14:00:00,5661.3438890939915,42675.46076194293,17048.016970021305,464.20300000000003,2857.945,0.0,346.72369999999995,0.0,0.0,0.0,272.027,90.54799999999999,0.0,0.0,40128.552703873764
17-02-2050 15:00:00,5194.276044341886,38575.859300029406,18582.47302220134,466.84,2677.095,0.0,347.2416999999999,0.0,0.0,0.0,273.9015,91.2545,0.0,0.0,38947.16276751001
17-02-2050 16:00:00,4891.315399212369,31078.792610842484,21053.9314367107,464.38199999999995,2648.5370000000003,0.0,347.41099999999994,0.0,0.0,0.0,260.186,91.72200000000001,0.0,0.0,38350.08656499919
17-02-2050 17:00:00,4733.002551929488,18136.719705650845,20108.654950078944,462.084,3271.897,8843.237502491713,347.4376999999999,0.0,0.0,0.0,255.2025,91.7235,0.0,0.0,38278.36021006139
17-02-2050 18:00:00,4263.6431315616055,2962.736590031377,10922.660234314691,466.05400000000003,4424.258,10000.0,348.5900999999999,0.0,0.0,0.0,260.7655,91.1265,0.0,0.0,38576.59808266097
17-02-2050 19:00:00,4358.635904186839,27.47446085478017,2710.943655160571,464.37,5675.656999999999,10000.0,350.6277999999999,0.0,0.0,0.0,273.643,91.70700000000001,0.0,0.0,42132.18365412291
17-02-2050 20:00:00,4568.945994861943,11.756380438640967,1904.5542550337543,465.858,5670.512,836.7624975082872,352.6310999999999,8067.582896892709,0.0,0.0,278.14099999999996,92.26299999999999,0.0,0.0,43072.859764121284
17-02-2050 21:00:00,5086.322997838111,4.44797362094567,1545.5585761164443,469.42199999999997,5473.135,0.0,354.97169999999994,8027.761647118121,0.0,0.0,264.8585,92.5975,0.0,0.0,42436.080679696686
17-02-2050 22:00:00,5920.663312413674,8.295256270573917,754.3665471573402,470.341,4338.957,0.0,355.6572999999999,5751.384935344533,0.0,0.0,272.3365,91.4075,0.0,0.0,39723.510844787525
17-02-2050 23:00:00,6107.352871373312,2.3169508893671975,402.32225838526205,460.786,3085.417,0.0,351.1196999999999,3782.2263960928067,0.0,0.0,275.14799999999997,90.374,0.0,0.0,36555.34481063045
18-02-2050 00:00:00,6126.43667419935,3.8472826496282475,136.00240031106142,458.49800000000005,3209.512,0.0,338.1141999999999,1393.3683562191254,0.0,0.0,267.6355,80.2785,0.0,0.0,34187.398961581974
18-02-2050 01:00:00,6256.465654489726,9.88279669476996,143.17893669581483,452.79699999999997,2844.4770000000003,0.0,335.1364999999999,20686.109593936097,0.0,0.0,266.24,81.2,0.0,0.0,31891.657711285585
18-02-2050 02:00:00,6469.95356549389,1.7305620840335243,147.04863768759358,457.106,2444.115,0.0,333.6637999999999,19267.969531316347,0.0,0.0,269.80400000000003,80.987,0.0,0.0,29940.43709588589
18-02-2050 03:00:00,6802.924144700355,6.378766028751668,146.41541388893887,455.61199999999997,2125.6710000000003,0.0,333.1885999999999,18313.172528491574,0.0,0.0,267.1275,81.8735,0.0,0.0,28985.160206166933
18-02-2050 04:00:00,6484.49641921758,4.948549430376855,141.09633398023934,452.69599999999997,2106.026,0.0,332.66139999999996,18189.559824630775,0.0,0.0,263.2,81.36,0.0,0.0,28505.617234893372
18-02-2050 05:00:00,6048.995767110051,3.804376151677004,147.0204944076534,454.556,2121.857,0.0,331.8374999999999,18564.77685700367,0.0,0.0,263.034,80.73899999999999,0.0,0.0,28475.26584685685
18-02-2050 06:00:00,5562.9833865582805,2.1167205655947243,139.68916998322885,452.87199999999996,2122.853,0.0,330.10439999999994,19640.51791952684,0.0,0.0,265.596,81.492,0.0,0.0,29089.172144748427
18-02-2050 07:00:00,4960.239916628307,56.96552711326882,139.14037602439478,448.55699999999996,2350.545,0.0,331.22639999999996,21632.363165558236,0.0,0.0,268.639,81.197,0.0,0.0,30803.442402155397
18-02-2050 08:00:00,4385.666367941987,3274.008930501672,136.14311671076248,448.853,2667.645,0.0,331.6440999999999,20340.30451557969,0.0,0.0,267.763,79.918,0.0,0.0,32544.82637234337
18-02-2050 09:00:00,2901.7339998071143,16319.329171929987,231.37997602843075,449.039,3372.527,0.0,329.22349999999994,11283.817037581915,0.0,0.0,268.8165,80.7115,0.0,0.0,35938.51128334475
18-02-2050 10:00:00,2138.757485715477,27550.84872329937,1565.1885138747402,449.098,3457.92,0.0,328.12019999999995,1519.0433090127271,0.0,0.0,266.5445,80.9235,0.0,0.0,38188.415398694444
18-02-2050 11:00:00,1875.3613367146893,34209.89429883455,4365.655942525118,440.825,3409.7790000000005,0.0,326.07609999999994,0.0,0.0,0.0,264.2935,80.9185,0.0,0.0,38265.1572226559
18-02-2050 12:00:00,1597.527839313221,36748.44294795394,7441.2380042310115,434.528,3389.295,0.0,322.2415999999999,0.0,0.0,0.0,256.3375,81.4485,0.0,0.0,37753.01036248837
18-02-2050 13:00:00,2181.9598053815885,36496.467387652265,6753.528815612056,441.656,3016.34,0.0,324.5372,0.0,0.0,0.0,256.76099999999997,81.634,0.0,0.0,37731.14554258117
18-02-2050 14:00:00,2699.400111551562,34160.78066084636,5861.780847426583,429.163,2991.9429999999998,0.0,322.4731999999999,0.0,0.0,0.0,255.72099999999998,81.377,0.0,0.0,36842.848722846036
18-02-2050 15:00:00,2877.033093584025,27964.610385209195,5536.796322317017,431.82,2498.077,0.0,321.3819,0.0,0.0,0.0,257.4895,81.1765,0.0,0.0,35238.95965278151
18-02-2050 16:00:00,3644.0863333567663,18357.416428946064,2897.1958818048765,432.059,2618.828,7640.574955323007,322.13429999999994,0.0,0.0,0.0,256.367,81.612,0.0,0.0,34202.58644468358
18-02-2050 17:00:00,4056.443337808835,7482.078019235951,2378.2197280674463,430.73400000000004,2661.051,8648.897140712877,324.01219999999995,0.0,0.0,0.0,246.1025,81.8255,0.0,0.0,33968.3102437625
18-02-2050 18:00:00,5795.884276996272,851.6510778342501,967.6363225442464,431.811,3233.21,0.0,324.4198999999999,1519.8042854380874,0.0,0.0,253.3305,81.3645,0.0,0.0,35021.5339816523
18-02-2050 19:00:00,8898.297841594142,17.09108835057902,313.12213261476865,429.625,4109.188,0.0,325.93289999999996,21101.220158422853,0.0,0.0,267.422,81.77199999999999,0.0,0.0,38290.65661695776
18-02-2050 20:00:00,11349.110531282595,11.012667807486064,142.93971881632305,429.685,4275.313,0.0,325.46569999999997,21710.372370030705,0.0,0.0,265.11400000000003,82.31299999999999,0.0,0.0,39394.82255585133
18-02-2050 21:00:00,13535.012015531833,2.459972549204679,144.23430969357267,433.286,4083.8740000000003,0.0,318.67069999999995,19698.49612234186,0.0,0.0,256.7385,82.0015,0.0,0.0,39323.39564363043
18-02-2050 22:00:00,16644.06397505349,8.724321250086362,143.81216049446954,426.774,3060.171,0.0,316.5185999999999,15749.473899431412,0.0,0.0,264.6805,81.5865,0.0,0.0,37383.42063483183
18-02-2050 23:00:00,18823.061190964956,1.0440581168136136,141.70141449895382,420.49,2554.25,0.0,314.07489999999996,11518.588511243413,0.0,0.0,260.9245,81.5985,0.0,0.0,34725.69911720749
19-02-2050 00:00:00,20791.794738543453,3.4468220020833007,114.78236723614364,421.425,2389.325,0.0,311.16949999999997,7051.22769038412,0.0,0.0,255.8505,80.7615,0.0,0.0,31961.899034691614
19-02-2050 01:00:00,22341.338756951747,5.263197082019313,115.21858807521686,422.098,1970.6170000000002,0.0,311.0448999999999,3404.7950721519937,0.0,0.0,255.9155,81.5545,0.0,0.0,29399.781088438947
19-02-2050 02:00:00,23502.116761133,0.5148779754149329,111.0252393641257,408.414,1918.634,0.0,309.7217999999999,672.4210824461244,0.0,0.0,258.6075,80.6585,0.0,0.0,27722.34425006006
19-02-2050 03:00:00,24845.16998155916,6.121327041044202,121.57896934170418,407.38,1642.9920000000002,0.0,309.20179999999993,0.0,0.0,0.0,258.85,80.794,0.0,0.0,26775.22344116737
19-02-2050 04:00:00,25972.228484506428,4.419369288978173,143.88251869432003,408.95300000000003,1497.995,0.0,308.4192999999999,0.0,0.0,0.0,261.3925,81.7105,0.0,0.0,26328.15821559599
19-02-2050 05:00:00,25516.740904007896,6.421672526702912,150.84798047952185,407.611,1595.05,0.0,309.02869999999996,0.0,0.0,0.0,264.8395,81.9985,0.0,0.0,26348.023999937595
19-02-2050 06:00:00,24444.287736037648,1.487425262309806,146.20433928938732,407.444,1792.027,0.0,307.6205999999999,0.0,0.0,0.0,264.777,81.661,0.0,0.0,26756.85172665477
19-02-2050 07:00:00,23722.25994791263,45.55239865823781,143.17893669581483,405.675,2058.2070000000003,65.13110461120596,308.8500999999999,0.0,0.0,0.0,267.82099999999997,80.858,0.0,0.0,27442.095732703274
19-02-2050 08:00:00,23766.51310059592,1425.239444612469,145.81033337022438,403.772,1906.3829999999998,0.0,309.6935999999999,0.0,0.0,0.0,254.9555,81.6175,0.0,0.0,28097.172653384852
19-02-2050 09:00:00,24138.00578333978,10087.761035483056,149.58153288221246,408.534,2413.362,0.0,309.18839999999994,0.0,0.0,0.0,264.12,81.558,0.0,0.0,30765.746022226598
19-02-2050 10:00:00,24100.22643727638,19043.462726854494,827.1169258027812,412.841,2400.022,0.0,308.0420999999999,0.0,0.0,0.0,270.1385,81.3945,0.0,0.0,33171.581985140125
19-02-2050 11:00:00,23676.373572829147,26662.569798380737,4255.432786639288,412.537,2544.814,0.0,306.05589999999995,0.0,0.0,0.0,270.823,81.017,0.0,0.0,34126.93864765637
19-02-2050 12:00:00,22936.84878193616,31252.878575196664,5414.738917216329,412.07099999999997,2876.6020000000003,0.0,305.70589999999993,0.0,0.0,0.0,268.501,81.881,0.0,0.0,34161.06136345439
19-02-2050 13:00:00,21448.71730194549,33888.13847069817,6621.564975972415,403.978,2754.2090000000003,0.0,304.7061999999999,0.0,0.0,0.0,263.4455,81.3595,0.0,-12200.0,34420.07263310726
19-02-2050 14:00:00,21519.671741776136,33346.72997738338,6125.244162586854,411.905,2798.56,0.0,304.4835999999999,0.0,0.0,0.0,266.425,81.455,0.0,-12200.0,34316.02689915352
19-02-2050 15:00:00,23215.028336797102,30249.281285951078,6075.163195933251,410.19800000000004,2169.4410000000003,0.0,302.1415999999999,0.0,0.0,0.0,269.1495,81.0675,0.0,-12200.0,32700.88986467119
19-02-2050 16:00:00,24236.77986674169,23502.234483117893,8096.694994038485,408.195,1953.5320000000002,0.0,302.3847999999999,0.0,0.0,0.0,266.5055,80.4175,0.0,-12200.0,31590.20181190274
19-02-2050 17:00:00,24278.159054426193,13777.991600443765,8530.045218557827,406.296,2077.916,0.0,304.4285999999999,0.0,0.0,0.0,262.89,80.43,0.0,-11115.80018480185,31295.80285780912
19-02-2050 18:00:00,25811.126076483164,2557.513321213841,5984.443333045985,418.25,2695.0679999999998,0.0,309.28369999999995,0.0,0.0,0.0,269.205,79.747,0.0,-853.8020442487978,32382.542566674216
19-02-2050 19:00:00,27768.287800233924,18.86455693256379,1270.5846594606294,415.814,3585.2009999999996,2837.025251511306,310.68049999999994,0.0,0.0,0.0,268.004,80.081,0.0,0.0,36133.7090307998
19-02-2050 20:00:00,29180.041866791234,5.735168559483002,362.3728725101349,417.961,3780.308,3550.4823051417734,312.26249999999993,0.0,0.0,0.0,267.118,78.985,0.0,0.0,38406.610503996504
19-02-2050 21:00:00,29396.79200238287,2.960548358635864,23.56999694992529,419.67900000000003,3561.702,3794.1552838985735,314.4187999999999,0.0,0.0,0.0,263.4195,78.6075,0.0,0.0,38588.79585422676
19-02-2050 22:00:00,29375.37864202477,3.618447993888278,0.0,415.015,2904.038,2899.959698699993,316.2494999999999,0.0,0.0,0.0,259.6385,78.7785,0.0,0.0,36928.42292804825
19-02-2050 23:00:00,28254.950093575437,1.373007934439821,0.0,414.783,2234.151,1940.7217502475542,315.37429999999995,0.0,0.0,0.0,257.3085,77.0895,0.0,0.0,34079.19246714696
20-02-2050 00:00:00,26600.487361753127,3.618447993888278,0.0,405.548,1969.421,810.6829376083697,311.61889999999994,0.0,0.0,0.0,255.1935,78.6195,0.0,0.0,30946.224313188777
20-02-2050 01:00:00,25221.705818742885,0.6578996352524141,0.0,404.914,1651.579,269.4734344595163,311.8363999999999,0.0,0.0,0.0,244.4165,79.7225,0.0,0.0,28649.728954527873
20-02-2050 02:00:00,24279.918883213995,4.791225604555625,0.0,401.45300000000003,1629.701,0.0,311.0710999999999,0.0,0.0,0.0,240.30599999999998,79.597,0.0,0.0,27375.52002827812
20-02-2050 03:00:00,24969.472132916555,0.9010364569761324,0.0,400.89,1461.442,0.0,311.5401999999999,0.0,0.0,0.0,234.722,78.681,0.0,0.0,26883.54861237469
20-02-2050 04:00:00,24210.26426896283,0.9296407889436288,0.0,405.477,1365.5720000000001,0.0,311.06229999999994,0.0,0.0,0.0,239.3055,79.6025,0.0,0.0,26955.722559510094
20-02-2050 05:00:00,25807.89761359906,1.2299862746023396,0.0,412.29900000000004,1470.245,0.0,310.96619999999996,0.0,0.0,0.0,237.4565,78.5525,0.0,0.0,27907.3118239593
20-02-2050 06:00:00,26266.436408039044,3.990304309465729,0.0,408.775,1875.991,1686.716271348254,315.38929999999993,0.0,0.0,0.0,242.38299999999998,77.798,0.0,0.0,31407.23445247739
20-02-2050 07:00:00,25799.83278670818,45.423679164384076,0.0,409.63199999999995,2852.4629999999997,6840.970640919069,329.7006999999999,0.0,0.0,0.0,247.8925,78.8545,0.0,0.0,37252.181022330304
20-02-2050 08:00:00,25250.21757723309,2805.8704335216275,53.75366468579976,412.469,3787.442,6551.53863786385,342.8190999999999,0.0,0.0,0.0,245.3665,78.1815,0.0,0.0,40894.35269531468
20-02-2050 09:00:00,22593.901619385873,14778.614039164739,429.6915981271156,417.157,3773.725,0.0,344.71199999999993,0.0,0.0,0.0,240.571,78.127,0.0,0.0,42464.61104732609
20-02-2050 10:00:00,21922.09858522651,25747.60303173643,3914.505093443592,411.556,3503.255,0.0,344.1019999999999,0.0,0.0,0.0,242.862,78.7,0.0,0.0,42920.850144585704
20-02-2050 11:00:00,22664.463579414925,33909.60602183977,8319.420911485302,412.01099999999997,3274.764,0.0,341.39969999999994,0.0,0.0,0.0,241.5915,78.5205,0.0,0.0,42735.66761640017
20-02-2050 12:00:00,22833.250995166236,38640.1046296284,11017.460872793285,406.556,3144.67,0.0,339.94449999999995,0.0,0.0,0.0,247.8345,79.2505,0.0,-12200.0,42224.866676581
20-02-2050 13:00:00,22842.47638061022,40883.385062013316,12047.561205164828,413.224,3061.922,0.0,334.7774999999999,0.0,0.0,0.0,247.2255,78.5715,0.0,-12200.0,42057.7709600606
20-02-2050 14:00:00,22624.569906678404,40172.753340778814,11889.41004354082,415.499,3064.877,0.0,335.28689999999995,0.0,0.0,0.0,244.574,78.028,0.0,-12200.0,40658.758867845296
20-02-2050 15:00:00,23662.729624457497,36502.97487317486,12518.088702485185,408.272,2707.258,0.0,334.8425999999999,0.0,0.0,0.0,246.18599999999998,79.70100000000001,0.0,-12200.0,39863.788361549385
20-02-2050 16:00:00,25306.42237290695,29210.929733364974,12711.615966994035,409.142,2623.947,0.0,337.44539999999995,0.0,0.0,0.0,254.4055,79.0095,0.0,-12200.0,39322.923687327275
20-02-2050 17:00:00,25784.623139343068,17048.324874287613,11910.559718415889,415.88699999999994,2828.1409999999996,0.0,339.20039999999995,0.0,0.0,0.0,266.553,79.66199999999999,0.0,-9288.289786944319,39029.581428070655
20-02-2050 18:00:00,25483.418102788437,3134.9346684757043,6675.051279498782,423.285,3431.052,4989.851675622627,342.49769999999995,0.0,0.0,0.0,257.22700000000003,79.391,0.0,0.0,39370.39911188925
20-02-2050 19:00:00,28055.64631819673,30.749656865058487,3172.3105148603922,427.514,4207.028,8108.915374083797,344.8316999999999,0.0,0.0,0.0,254.389,79.766,0.0,0.0,42580.0548600255
20-02-2050 20:00:00,30358.920364188074,5.52063606972678,2300.4598455926484,424.38699999999994,3866.45,7758.521459376243,345.9186999999999,0.0,0.0,0.0,262.1055,78.0025,0.0,0.0,44132.65080737213
20-02-2050 21:00:00,31621.797979552513,2.431368217237183,2006.010779218209,428.63300000000004,3021.677,6655.229719811086,346.34569999999997,0.0,0.0,0.0,261.5695,77.3905,0.0,0.0,43384.52658155712
20-02-2050 22:00:00,31316.65548434315,6.321557364816675,1676.3263263586264,428.934,2554.798,2167.4817711062424,346.6678999999999,0.0,0.0,0.0,260.8265,78.9315,0.0,0.0,39906.160291932094
20-02-2050 23:00:00,29814.28500595906,3.37531117216456,1327.6310878994336,427.51199999999994,2382.916,0.0,342.0218999999999,0.0,0.0,0.0,245.3115,77.7775,0.0,0.0,36048.03658323641
21-02-2050 00:00:00,28752.926777756536,3.189383014375834,218.51849709575512,417.85900000000004,2298.1079999999997,0.0,326.9907999999999,0.0,0.0,0.0,238.9385,78.8125,0.0,0.0,33247.84399340951
21-02-2050 01:00:00,28334.374500737325,11.370221957079767,139.59066850343814,416.97,2005.644,0.0,324.7052999999999,0.0,0.0,0.0,245.0275,79.0055,0.0,0.0,30899.558405683052
21-02-2050 02:00:00,28523.735454475573,2.5314833791234195,144.3750260932737,415.945,1872.092,0.0,322.8408999999999,0.0,0.0,0.0,254.4465,79.4405,0.0,0.0,29476.639231356054
21-02-2050 03:00:00,28122.09357062839,14.774137461211822,139.84395802289998,407.57800000000003,1922.0610000000001,0.0,322.6112999999999,0.0,0.0,0.0,248.47799999999998,78.497,0.0,0.0,29048.229837205832
21-02-2050 04:00:00,27882.263090575114,1.0583602827973622,149.37045828266085,408.418,1787.7779999999998,0.0,321.5284999999999,0.0,0.0,0.0,251.9225,78.1435,0.0,0.0,28862.0923932695
21-02-2050 05:00:00,27680.587555535138,14.945763453016799,160.10711957985072,406.871,1693.175,0.0,320.7552999999999,0.0,0.0,0.0,255.579,78.499,0.0,0.0,29516.875372806397
21-02-2050 06:00:00,26611.22780363554,6.378766028751668,161.00770453793743,407.684,2068.955,2590.0917656368547,323.31359999999995,0.0,0.0,0.0,257.4375,78.1745,0.0,0.0,32891.06467668315
21-02-2050 07:00:00,26024.85453962379,57.22296610097629,147.25971228714516,411.148,2749.741,4782.62799854291,335.0305999999999,0.0,0.0,0.0,262.164,77.95,0.0,0.0,38344.00221908576
21-02-2050 08:00:00,25201.98898397879,3997.2551621338307,111.7006780826907,417.583,3108.6479999999997,0.0,342.3982999999999,0.0,0.0,0.0,263.6295,77.4555,0.0,0.0,41444.790498180904
21-02-2050 09:00:00,23559.815512180678,18591.514281768053,224.65373212272073,421.404,3703.7690000000002,0.0,340.5191999999999,0.0,0.0,0.0,267.962,78.179,0.0,0.0,42643.58151452867
21-02-2050 10:00:00,21936.692081505244,31850.423069997665,635.0108969309125,410.60400000000004,3790.5370000000003,0.0,337.6700999999999,0.0,0.0,0.0,265.6485,77.6605,0.0,0.0,42969.228612931765
21-02-2050 11:00:00,21273.624888091108,40349.87136432156,2267.504064782663,417.176,3616.663,0.0,335.37039999999996,0.0,0.0,0.0,258.775,72.017,0.0,0.0,42436.73300897499
21-02-2050 12:00:00,21138.042107597485,45115.05272462077,4189.056860900303,417.75699999999995,3382.478,0.0,334.39219999999995,0.0,0.0,0.0,248.958,65.941,0.0,-12200.0,41844.344146001415
21-02-2050 13:00:00,20295.033475683427,46762.462015624784,5589.156894645777,421.772,3578.368,0.0,333.77489999999995,0.0,0.0,0.0,254.1045,66.6385,0.0,-12200.0,41764.69316924036
21-02-2050 14:00:00,20354.255723595365,45059.71764442966,6574.185764193072,421.901,3166.197,0.0,335.3526999999999,0.0,0.0,0.0,248.581,66.16,0.0,-12200.0,40160.82374764796
21-02-2050 15:00:00,21027.29528014041,39797.33578587142,7443.095460707063,423.852,2824.7340000000004,0.0,334.17019999999997,0.0,0.0,0.0,250.4365,66.9435,0.0,-12200.0,39339.71998733579
21-02-2050 16:00:00,21967.335047520253,30388.083806823353,9252.314354943359,424.601,2783.132,0.0,336.2795999999999,0.0,0.0,0.0,249.114,66.884,0.0,-12200.0,38844.21852690997
21-02-2050 17:00:00,21654.54552649913,16373.405661514538,8579.675892732386,422.726,3189.9990000000003,0.0,337.01349999999996,0.0,0.0,0.0,266.5115,66.7295,0.0,-4914.635551646006,38723.695977106334
21-02-2050 18:00:00,21875.583398417886,2815.2383522409827,3093.4249011879856,424.798,3807.058,8465.301929464149,340.24819999999994,0.0,0.0,0.0,288.405,65.955,0.0,0.0,39061.047670422005
21-02-2050 19:00:00,23379.295904510665,28.289684315853815,212.56619338840085,423.815,4561.265,10000.0,341.72829999999993,0.0,0.0,0.0,291.9535,65.9335,0.0,0.0,42780.785224293504
21-02-2050 20:00:00,23535.86580385742,9.096177565663814,144.54388577291496,425.515,4766.744000000001,10000.0,343.65829999999994,0.0,0.0,0.0,281.9295,66.8095,0.0,0.0,44349.084230653265
21-02-2050 21:00:00,23796.734045318888,4.104721637335714,128.37557144726472,433.464,4287.038,1214.698070535851,344.31249999999994,0.0,0.0,0.0,295.533,66.71,0.0,0.0,43525.25444130267
21-02-2050 22:00:00,23585.947070583785,10.88394831363233,154.04224275273563,435.309,3258.633,0.0,345.60919999999993,0.0,0.0,0.0,293.639,66.45100000000001,0.0,0.0,40219.92438729466
21-02-2050 23:00:00,22110.33274211501,1.501727428293554,155.35090526995535,434.485,2337.002,0.0,341.51019999999994,0.0,0.0,0.0,284.2985,66.4165,0.0,0.0,36351.130772234515
22-02-2050 00:00:00,20546.651010423382,1.6733534200985316,148.8779508837072,425.691,1950.6760000000002,0.0,326.5719999999999,0.0,0.0,0.0,291.289,66.67399999999999,0.0,0.0,33370.31134899534
22-02-2050 01:00:00,19743.936971473282,7.5658458054027635,157.1098602662184,422.055,1892.29,0.0,322.88609999999994,0.0,0.0,0.0,285.1835,66.5215,0.0,0.0,31262.781242395387
22-02-2050 02:00:00,17306.19850141222,1.8878859098547538,148.0055092055607,423.189,1872.76,0.0,322.3787,0.0,0.0,0.0,267.8325,66.1035,0.0,0.0,29898.8621075372
22-02-2050 03:00:00,15483.585605989581,11.227200297242286,154.3236755521377,424.899,1870.7779999999998,0.0,319.90569999999997,0.0,0.0,0.0,269.14,65.181,0.0,0.0,29202.6082765545
22-02-2050 04:00:00,13972.930849642751,1.373007934439821,150.1162552010764,426.69800000000004,1830.622,0.0,319.38399999999996,0.0,0.0,0.0,271.0095,65.8285,0.0,0.0,29167.44890736117
22-02-2050 05:00:00,13042.095366642292,11.298711127161027,148.48394496454426,423.983,1908.979,0.0,321.23009999999994,0.0,0.0,0.0,280.6555,65.8565,0.0,0.0,29826.356887159858
22-02-2050 06:00:00,12254.105650571459,7.008061332036585,146.5561302886399,420.852,2148.962,0.0,324.70989999999995,0.0,0.0,0.0,293.0365,66.1065,0.0,0.0,32764.364254238204
22-02-2050 07:00:00,11540.336819131659,54.94892170956034,145.47261401094187,427.106,3041.7509999999997,0.0,335.0872999999999,0.0,0.0,0.0,294.5,65.486,0.0,0.0,38176.732024131874
22-02-2050 08:00:00,12024.479645359694,3071.00398652835,153.69045175348302,430.20300000000003,3722.7690000000002,0.0,342.74509999999987,0.0,0.0,0.0,288.243,66.03699999999999,0.0,0.0,41138.31362820218
22-02-2050 09:00:00,12118.687458381733,15418.764686431317,143.60108589491796,431.301,3809.8179999999998,0.0,341.7797999999999,0.0,0.0,0.0,286.0785,66.4355,0.0,0.0,42769.32977200888
22-02-2050 10:00:00,11635.063718342908,27834.87543757062,141.70141449895382,425.87,4094.949,0.0,338.78919999999994,0.0,0.0,0.0,292.5525,66.0795,0.0,0.0,42957.16877364111
22-02-2050 11:00:00,11594.870410489038,36207.37770662276,359.43189975638313,427.861,3796.7070000000003,0.0,336.9742999999999,0.0,0.0,0.0,294.3145,65.7315,0.0,0.0,42490.98283379539
22-02-2050 12:00:00,12335.661265258144,40186.44051362526,1385.9017490156368,424.98,3849.062,0.0,334.5639999999999,0.0,0.0,0.0,290.058,65.755,0.0,0.0,41965.06553834411
22-02-2050 13:00:00,12492.315568863309,40627.13315408249,3308.2284853316337,429.788,3507.1679999999997,0.0,335.0927999999999,0.0,0.0,0.0,287.4695,66.1905,0.0,0.0,41604.67994102306
22-02-2050 14:00:00,12371.436010184358,37819.24611515716,4643.3456856951625,433.423,3250.6440000000002,0.0,334.51969999999994,0.0,0.0,0.0,277.39,66.062,0.0,0.0,40424.06572634331
22-02-2050 15:00:00,12033.084659504382,31457.61408125402,4955.6235199117245,430.397,3226.007,0.0,333.0650999999999,0.0,0.0,0.0,274.58,66.311,0.0,0.0,39517.58503149016
22-02-2050 16:00:00,11505.207766782269,22217.74265395149,3976.729885391395,435.496,3366.3759999999997,0.0,333.40199999999993,0.0,0.0,0.0,286.4705,66.7325,0.0,0.0,38896.37854022303
22-02-2050 17:00:00,10409.95700861603,10896.033643888597,2799.0884079333064,446.189,3476.131,10000.0,334.10359999999986,0.0,0.0,0.0,290.3925,66.6175,0.0,0.0,38801.723990060505
22-02-2050 18:00:00,10558.846120447663,1740.5163915582127,653.9935392505838,457.01300000000003,4040.062,10000.0,334.7730999999999,0.0,0.0,0.0,291.1305,65.8525,0.0,0.0,39349.88649984152
22-02-2050 19:00:00,11737.256174210337,20.108845373149876,128.38964308723484,455.45300000000003,5419.026999999999,9680.0,340.26289999999995,0.0,0.0,0.0,292.814,66.148,0.0,0.0,42731.22038119368
22-02-2050 20:00:00,12750.090394254128,7.808982627126482,148.06179576544113,446.736,6007.343000000001,0.0,341.8992999999999,0.0,0.0,0.0,293.7825,66.6365,0.0,0.0,43848.267858486906
22-02-2050 21:00:00,12761.56937339761,3.003454856587108,135.32696159249645,446.191,5174.004,0.0,344.45489999999995,1613.053845693281,0.0,0.0,293.0675,66.3365,0.0,0.0,43297.699196795555
22-02-2050 22:00:00,12147.684541357785,8.89594724189134,137.29699118831107,447.969,3528.966,0.0,341.80439999999993,721.8020935883651,0.0,0.0,282.7015,66.2415,0.0,0.0,39995.18712667602
22-02-2050 23:00:00,12175.85024238852,2.245440059448457,156.5469946674142,440.32300000000004,2923.6659999999997,0.0,341.0989999999999,19162.97558202292,0.0,0.0,275.6005,65.9505,0.0,0.0,36165.27312254289
23-02-2050 00:00:00,13793.09069625292,2.0738140676434793,160.6981284585951,428.009,2194.797,0.0,329.8850999999999,15845.271776962902,0.0,0.0,276.29900000000004,66.415,0.0,0.0,33639.62981421518
23-02-2050 01:00:00,14594.074447905661,6.993759166052837,140.01281770254127,433.539,1952.7220000000002,0.0,326.29369999999994,12759.536706249142,0.0,0.0,271.6585,65.3425,0.0,0.0,31041.191667029365
23-02-2050 02:00:00,14345.723357966091,2.159627063545968,137.47992250792242,449.07,1639.1170000000002,0.0,325.7086999999999,11988.49969887017,0.0,0.0,269.3915,64.9245,0.0,0.0,29688.100412252486
23-02-2050 03:00:00,14102.107346923207,5.878190219320484,137.19848970852036,451.338,1749.5,0.0,323.8527999999999,11535.84081517838,0.0,0.0,276.8685,65.6935,0.0,0.0,29103.111556893433
23-02-2050 04:00:00,13555.910509913645,1.701957752066028,138.50715222574007,450.1,1705.12,0.0,320.12289999999996,11950.577385327713,0.0,0.0,286.14799999999997,66.277,0.0,0.0,28929.175421247855
23-02-2050 05:00:00,12570.693363220938,4.204836799221952,138.9152297848731,448.745,1801.5379999999998,0.0,322.5227,13650.620973114426,0.0,0.0,290.4355,66.3115,0.0,0.0,29767.452732235557
23-02-2050 06:00:00,12274.780473668487,0.8867342909923843,138.94337306481333,449.69699999999995,2124.486,0.0,328.4617999999999,16298.308607032803,0.0,0.0,287.41900000000004,65.456,0.0,0.0,32515.418503943747
23-02-2050 07:00:00,10298.15512792885,40.70396438974719,146.66870340840077,445.778,3378.4120000000003,0.0,337.4411999999999,22080.109552464066,0.0,0.0,286.3685,65.4015,0.0,0.0,37740.59802960574
23-02-2050 08:00:00,10358.30160247036,620.828421022539,149.8207507617042,449.918,4469.352,0.0,341.05559999999986,23261.980839353942,0.0,0.0,282.86400000000003,65.50399999999999,0.0,0.0,40733.48593746339
23-02-2050 09:00:00,9211.146445596152,3645.9224547430576,145.40225581109135,450.381,5155.088,0.0,338.71239999999995,22105.24344457326,0.0,0.0,291.841,64.679,0.0,0.0,42179.034650237096
23-02-2050 10:00:00,7547.006765547371,8139.834632828527,145.31782597127074,452.889,5531.236,0.0,334.47599999999994,19549.845926649286,0.0,0.0,291.943,65.207,0.0,0.0,42840.89107977992
23-02-2050 11:00:00,6810.946769462032,13044.590830963145,148.70909120406594,450.277,5623.713000000001,0.0,334.9152999999999,15354.764227815878,0.0,0.0,284.70099999999996,64.92399999999999,0.0,0.0,42894.1883466662
23-02-2050 12:00:00,6985.321747119948,17507.05254605035,146.02140796977596,449.461,5285.01,0.0,335.4572999999999,10896.620177638497,0.0,0.0,270.377,65.271,0.0,0.0,42719.62385287842
23-02-2050 13:00:00,7655.10329929044,19679.8089979694,153.6623084735428,447.33099999999996,4845.209,0.0,336.9505999999999,8472.696465978172,0.0,0.0,281.265,65.888,0.0,0.0,42716.79486584549
23-02-2050 14:00:00,7863.345485634549,19263.05818336896,160.34633745934246,441.51599999999996,4178.02,0.0,337.20159999999987,7906.122762316666,0.0,0.0,281.698,65.774,0.0,0.0,41258.3626498249
23-02-2050 15:00:00,7872.701697679071,16131.255689243699,151.5937773979374,440.08,4194.331,0.0,336.4467999999999,10153.988920453841,0.0,0.0,269.673,62.074,0.0,0.0,40343.96401362903
23-02-2050 16:00:00,7515.000670759076,11602.188787170177,147.7522196860988,442.26,4056.995,0.0,338.3300999999999,14750.472565947726,0.0,0.0,279.0785,62.1695,0.0,0.0,39910.58945054412
23-02-2050 17:00:00,7039.880659754851,5597.68183788123,148.80759268385665,445.725,3797.087,0.0,340.0805999999999,21363.211339920967,0.0,0.0,292.332,65.694,0.0,0.0,39820.41160829644
23-02-2050 18:00:00,7703.804556391831,811.5048979178691,150.49618948026924,450.277,4185.380999999999,0.0,342.58489999999995,24562.0,0.0,0.0,285.4595,66.0795,763.9951647928356,0.0,40091.75386615684
23-02-2050 19:00:00,9659.57783009178,5.320405745954306,148.16029724523187,450.222,5237.835,0.0,343.8682999999999,24562.0,0.0,0.0,289.255,66.38600000000001,1390.6703791507898,0.0,43002.12605000096
23-02-2050 20:00:00,12551.356347619676,3.0177570225708563,127.9815655281018,450.086,5200.142,0.0,343.92059999999987,24089.26615509038,0.0,0.0,286.3745,66.5895,0.0,0.0,43984.977998629096
23-02-2050 21:00:00,15562.355880148805,1.8306772459197613,143.34779637545608,452.959,4208.387,0.0,346.0684999999999,21433.14101623976,0.0,0.0,289.8755,66.8115,0.0,0.0,43330.1054220588
23-02-2050 22:00:00,15953.244661474811,5.59214689964552,145.82440501019448,446.35699999999997,3237.011,0.0,347.5177999999999,18641.212908631074,0.0,0.0,294.536,66.60600000000001,0.0,0.0,39858.20858840305
23-02-2050 23:00:00,16935.94234105404,0.6578996352524141,136.14311671076248,443.93699999999995,2637.3720000000003,0.0,343.76969999999994,14727.053998869043,0.0,0.0,283.925,65.922,0.0,0.0,36190.00622642747
24-02-2050 00:00:00,18729.807146062933,0.629295303284918,144.3750260932737,435.356,2215.629,0.0,332.3119999999999,10574.390640376287,0.0,0.0,283.35,65.762,0.0,0.0,33319.421412927746
24-02-2050 01:00:00,20211.945923706633,5.406218741856795,149.8207507617042,429.977,1840.135,0.0,328.44919999999996,7469.159589453473,0.0,0.0,291.671,65.70100000000001,0.0,0.0,31280.40552902401
24-02-2050 02:00:00,23409.84602584142,0.743712631154903,119.32750694648745,450.124,1624.115,0.0,327.0311999999999,2919.136695446508,0.0,0.0,287.8175,67.4685,0.0,0.0,29666.566079648328
24-02-2050 03:00:00,25129.515267496794,5.52063606972678,158.89695854242171,452.275,1567.9260000000002,0.0,327.5565999999999,828.7007557143681,0.0,0.0,295.092,76.064,0.0,0.0,29294.430695928557
24-02-2050 04:00:00,27433.63335607222,0.758014797138651,140.1394624622722,438.529,1571.737,0.0,326.98639999999995,0.0,0.0,0.0,293.856,78.52600000000001,0.0,0.0,29175.73073840977
24-02-2050 05:00:00,29478.710555380705,6.292953032849179,149.53931796230214,446.099,1661.2579999999998,0.0,327.7097999999999,0.0,0.0,0.0,296.778,78.176,0.0,0.0,29917.027513091296
24-02-2050 06:00:00,31521.829575894128,1.5732382582122948,143.50258441512725,450.115,2026.55,0.0,328.71639999999996,0.0,0.0,0.0,295.895,78.69800000000001,0.0,0.0,32671.80030152185
24-02-2050 07:00:00,35724.520172246426,46.39622645127894,132.8362813177879,449.079,2138.627,0.0,337.7066999999999,0.0,0.0,0.0,289.184,78.876,0.0,0.0,37801.44738328167
24-02-2050 08:00:00,35972.917684528125,1176.581986819024,144.93789169207793,427.78,2635.37,0.0,342.1199999999999,0.0,0.0,0.0,285.9355,78.6245,0.0,0.0,40743.84814875261
24-02-2050 09:00:00,35091.564198019325,6656.070725010561,158.33409294361752,404.87300000000005,3292.198,0.0,343.9147999999999,0.0,0.0,0.0,287.786,78.012,0.0,0.0,42338.454101623276
24-02-2050 10:00:00,35271.50563651924,13713.703364346817,251.8260689049928,405.314,2999.312,0.0,343.49989999999997,0.0,0.0,0.0,285.3385,78.6645,0.0,0.0,42833.73549916004
24-02-2050 11:00:00,35027.2354924737,20363.953107801997,1005.7563952232595,403.88199999999995,2955.369,0.0,345.1760999999999,0.0,0.0,0.0,283.2055,78.5425,0.0,0.0,42860.305735198934
24-02-2050 12:00:00,34221.41959702711,26668.462290766038,1137.143297624127,405.265,2819.091,0.0,346.1700999999999,0.0,0.0,0.0,287.0025,77.8055,0.0,0.0,42532.53463694683
24-02-2050 13:00:00,34119.49723478658,31202.978318079367,729.459744410255,417.659,2756.9790000000003,0.0,346.26159999999993,0.0,0.0,0.0,289.6715,78.6215,0.0,-12200.0,42078.80504256155
24-02-2050 14:00:00,33330.380721866,31682.744476004198,270.55542170520215,445.52099999999996,2628.095,0.0,346.41579999999993,0.0,0.0,0.0,293.1025,79.0315,0.0,-12200.0,40649.306380820715
24-02-2050 15:00:00,33068.035405882394,29861.03468815625,997.1023366416454,462.45099999999996,2547.344,0.0,345.5251999999999,0.0,0.0,0.0,292.858,78.944,0.0,-12200.0,39380.735387195105
24-02-2050 16:00:00,33856.561088994116,23695.428141226366,1879.140873247745,462.654,2658.3709999999996,0.0,345.7304999999999,0.0,0.0,0.0,296.85900000000004,78.76899999999999,0.0,-12200.0,38612.21683313522
24-02-2050 17:00:00,34115.42894953131,13655.97982243641,2134.5129954252043,462.651,3156.127,0.0,347.7582999999999,0.0,0.0,0.0,302.5625,78.1535,0.0,-12200.0,38364.47828497513
24-02-2050 18:00:00,33632.780078677104,2829.583424722682,892.7329829833792,472.538,3522.6240000000003,0.0,351.05839999999995,0.0,0.0,0.0,307.4645,78.7205,0.0,-3754.091217481433,38268.41808310863
24-02-2050 19:00:00,34331.60935637869,24.5425168281118,178.41432318095684,473.968,3809.683,1038.5481029741422,351.2904,0.0,0.0,0.0,308.173,79.04899999999999,0.0,0.0,41258.4797547194
24-02-2050 20:00:00,33505.696807005166,5.377614409889298,135.01738551315415,475.793,4309.169,2459.084274359091,351.41939999999994,0.0,0.0,0.0,309.2285,79.3815,0.0,0.0,42339.77330004941
24-02-2050 21:00:00,32392.282252429537,2.5457855451071683,141.8421308986549,480.478,4237.275,3290.8866103810033,351.1748999999999,0.0,0.0,0.0,313.3215,79.4715,0.0,0.0,41948.810750230514
24-02-2050 22:00:00,29693.510952603112,4.676808276685641,131.5979770004187,480.61300000000006,3857.087,3374.919219830972,350.9750999999999,0.0,0.0,0.0,309.95799999999997,78.791,0.0,0.0,38861.1932350464
24-02-2050 23:00:00,27437.279620035442,0.8581299590248881,131.4009740408372,480.94800000000004,2509.224,4069.9249681559268,348.2290999999999,0.0,0.0,0.0,309.3165,78.4475,0.0,0.0,35858.11366463857
25-02-2050 00:00:00,24311.287725851314,0.9010364569761324,150.87612375946208,478.55800000000005,2077.5589999999997,5539.537164737736,331.8872999999999,0.0,0.0,0.0,307.1515,79.3865,0.0,0.0,33681.08101718877
25-02-2050 01:00:00,22378.139013617616,12.614510397665853,140.68825642110627,476.809,1915.88,5797.632866200642,328.73569999999995,0.0,0.0,0.0,297.27099999999996,79.568,0.0,0.0,31787.886270004292
25-02-2050 02:00:00,20397.820981572633,1.8020729139522649,136.63562410971616,475.798,1807.941,4109.466793360483,325.44659999999993,0.0,0.0,0.0,308.772,79.293,0.0,0.0,29792.75289102895
25-02-2050 03:00:00,20453.865409155514,11.87079776651095,138.98558798472362,475.409,1689.411,0.0,323.1771999999999,0.0,0.0,0.0,312.3285,79.5515,0.0,0.0,28885.433599380707
25-02-2050 04:00:00,20861.077974057618,4.204836799221952,138.67601190538133,474.894,1691.14,0.0,323.3481999999999,0.0,0.0,0.0,310.1745,79.9155,0.0,0.0,28302.879582701476
25-02-2050 05:00:00,21314.463888521794,12.843345053405825,140.33646542185366,473.452,1699.9370000000001,0.0,320.77219999999994,0.0,0.0,0.0,303.6005,79.7935,0.0,0.0,28151.24603492457
25-02-2050 06:00:00,20761.13911188968,2.2025335614972126,135.65060931180884,472.542,1650.692,0.0,318.6454999999999,0.0,0.0,0.0,304.3715,81.8525,0.0,0.0,28933.372727887494
25-02-2050 07:00:00,19973.75288626646,86.04183055822877,138.8448715850226,472.63599999999997,1745.8570000000002,0.0,321.15539999999993,0.0,0.0,0.0,301.3235,83.2395,0.0,0.0,30349.79690323128
25-02-2050 08:00:00,18500.949219602677,5916.205376505286,140.7163997010465,478.76,1942.102,0.0,324.00069999999994,0.0,0.0,0.0,307.2705,84.4585,0.0,0.0,32141.348138677895
25-02-2050 09:00:00,14617.8342466475,20260.162289257933,323.36628651300487,477.17400000000004,2635.5840000000003,0.0,323.8252999999999,0.0,0.0,0.0,313.628,83.59899999999999,0.0,0.0,35740.46097069012
25-02-2050 10:00:00,11511.30597445224,30748.09792896626,1590.7426120604505,476.667,3916.715,0.0,325.2277999999999,0.0,0.0,0.0,314.04400000000004,83.571,0.0,0.0,37681.30876462555
25-02-2050 11:00:00,10314.888272158229,37301.450497881546,3835.703909611006,475.54900000000004,4061.914,0.0,325.9140999999999,0.0,0.0,0.0,314.594,83.25,0.0,0.0,37949.71396885577
25-02-2050 12:00:00,10470.293392738959,41032.67107055167,5429.69707050455,477.827,3507.763,0.0,324.13969999999995,0.0,0.0,0.0,311.077,82.99,0.0,0.0,37256.23607403095
25-02-2050 13:00:00,10309.326031529143,42483.211046789394,5224.124482181291,478.49199999999996,2920.5440000000003,0.0,322.60839999999996,0.0,0.0,0.0,312.1955,84.2165,0.0,0.0,37074.19494358691
25-02-2050 14:00:00,9742.564096958482,41298.004853882165,5789.860695539379,476.411,2598.368,0.0,319.8109999999999,0.0,0.0,0.0,309.847,83.965,0.0,-12200.0,36010.60506471343
25-02-2050 15:00:00,9021.604022702324,37520.187824436995,7138.472598634239,473.833,2216.627,0.0,318.28849999999994,0.0,0.0,0.0,310.3345,83.5525,0.0,-12200.0,34634.72511886469
25-02-2050 16:00:00,8656.677991262608,31094.696619416412,8440.40887194826,464.041,2255.697,0.0,317.13679999999994,0.0,0.0,0.0,307.81,83.87,0.0,-10759.726574063836,33667.63753248308
25-02-2050 17:00:00,8708.270094214471,19340.046742859482,8128.32804069128,451.111,2386.561,423.53634261258594,318.2321999999999,0.0,0.0,0.0,308.03,83.92200000000001,0.0,0.0,33258.66362113246
25-02-2050 18:00:00,9482.27824488003,4319.368544419806,4831.793088174803,463.477,3097.065,10000.0,322.40719999999993,0.0,0.0,0.0,309.506,83.588,0.0,0.0,33427.88726719631
25-02-2050 19:00:00,11352.216607992004,42.79208062337442,746.936721253125,474.531,4900.484,10000.0,324.6917999999999,0.0,0.0,0.0,311.9745,83.7475,0.0,0.0,36494.24670729596
25-02-2050 20:00:00,12874.527592424978,9.854192362802467,179.7652006180869,476.214,5047.567,9256.463657387416,327.34979999999996,0.0,0.0,0.0,305.0735,84.9515,0.0,0.0,38051.91235344963
25-02-2050 21:00:00,13240.154179209481,3.4468220020833007,127.74234764861,473.713,4645.599,0.0,329.4869999999999,0.0,0.0,0.0,293.918,84.321,0.0,0.0,38107.956476754865
25-02-2050 22:00:00,13786.616889633027,10.698020155843604,136.70598230956668,474.26099999999997,4134.665,0.0,326.35509999999994,0.0,0.0,0.0,299.7495,84.6425,0.0,0.0,36346.79671222814
25-02-2050 23:00:00,13399.083177578743,1.4588209303423094,139.19666258427523,474.06,3144.611,0.0,326.5707,0.0,0.0,0.0,296.9295,84.9415,0.0,0.0,33913.31338402758
26-02-2050 00:00:00,12167.333852715159,3.647052325855774,137.33920610822136,475.469,2661.805,0.0,320.56789999999995,0.0,0.0,0.0,308.575,84.649,0.0,0.0,31354.817044177944
26-02-2050 01:00:00,11495.349349400218,10.597904993957368,141.18076382005995,469.506,2512.283,0.0,319.07899999999995,12057.11101079647,0.0,0.0,314.393,85.29700000000001,0.0,0.0,29215.627354259832
26-02-2050 02:00:00,11255.970432129416,2.746015868879642,144.68460217261602,471.934,1854.2320000000002,0.0,318.6607999999999,12601.723972545475,0.0,0.0,313.315,84.506,0.0,0.0,27513.764321132694
26-02-2050 03:00:00,11447.994340220434,10.683717989859856,146.696846688341,464.795,1459.7320000000002,0.0,317.31749999999994,11866.817917161527,0.0,0.0,309.1755,83.5255,0.0,0.0,26557.429557668427
26-02-2050 04:00:00,11582.319497263776,1.0583602827973622,141.81398761871466,470.582,1455.986,0.0,317.2462999999999,11322.718475503518,0.0,0.0,312.375,84.64,0.0,0.0,26134.009303589053
26-02-2050 05:00:00,12147.566375396014,13.887403170219438,137.36734938816159,468.43,1418.9520000000002,0.0,317.61189999999993,10815.381068767434,0.0,0.0,317.1315,84.3455,0.0,0.0,26170.98104786166
26-02-2050 06:00:00,11979.095475613734,1.3014971045210801,146.20433928938732,463.615,1579.264,0.0,318.0174999999999,11282.1528364167,0.0,0.0,312.457,83.809,0.0,0.0,26637.417702213133
26-02-2050 07:00:00,11253.986932056827,83.28151252336538,159.2206062617341,461.62800000000004,1957.131,0.0,317.9541999999999,12307.62977414239,0.0,0.0,313.1895,83.9825,0.0,0.0,27430.58722954365
26-02-2050 08:00:00,10189.860244178524,4233.040670541903,134.1449438350076,463.829,2186.686,0.0,318.4237999999999,9554.805018208866,0.0,0.0,310.8995,84.4685,0.0,0.0,28025.629815177766
26-02-2050 09:00:00,9113.840996290539,15004.173498894424,180.90500345566537,463.411,2661.178,0.0,319.6480999999999,1970.4941762039166,0.0,0.0,316.1505,83.9215,0.0,0.0,30740.957509650314
26-02-2050 10:00:00,8412.319222745735,24100.85164036767,945.5016328712716,467.835,3145.75,0.0,319.33389999999997,0.0,0.0,0.0,315.876,83.387,0.0,0.0,32969.522205240486
26-02-2050 11:00:00,8334.456294364396,30643.66351295293,2665.253040177641,458.671,3121.632,0.0,316.4565999999999,0.0,0.0,0.0,318.993,84.906,0.0,0.0,33917.733111372945
26-02-2050 12:00:00,8602.051555220978,34901.01786566721,3913.3371473260736,461.111,2613.894,0.0,315.60369999999995,0.0,0.0,0.0,317.916,84.147,0.0,0.0,33564.48226729119
26-02-2050 13:00:00,8946.847171030398,37158.443140210045,4235.61991756138,466.70599999999996,2732.225,0.0,313.0050999999999,0.0,0.0,0.0,316.811,83.63799999999999,0.0,0.0,33721.51639414761
26-02-2050 14:00:00,9664.473277079442,36687.24397970947,4317.685721867031,462.491,2341.063,0.0,313.04639999999995,0.0,0.0,0.0,313.9665,83.8675,0.0,0.0,33499.76295052311
26-02-2050 15:00:00,10714.749226153,33269.941648216634,4847.708112980991,463.18800000000005,2018.888,0.0,311.93989999999997,0.0,0.0,0.0,307.1095,83.4135,0.0,-4345.147366772393,31809.788029039297
26-02-2050 16:00:00,12021.559258018779,26771.008820869512,5554.315514079797,460.527,2068.7039999999997,0.0,312.5745999999999,0.0,0.0,0.0,304.485,81.845,0.0,-11359.180097050243,31170.747405460024
26-02-2050 17:00:00,13715.41345724008,16015.479655605255,5817.272250201143,459.44699999999995,1990.9379999999999,0.0,313.69339999999994,0.0,0.0,0.0,304.8535,83.2345,0.0,-3204.001411123436,30676.34154384623
26-02-2050 18:00:00,14512.143234269057,3348.1084524634703,3143.351079801917,461.798,2433.167,9233.282788582936,315.1655999999999,0.0,0.0,0.0,304.4175,82.1435,0.0,0.0,31559.915656794055
26-02-2050 19:00:00,15805.435924150803,36.79947307618394,330.3036050182665,454.478,4155.577,10000.0,318.6271999999999,0.0,0.0,0.0,293.2955,79.8905,0.0,0.0,35262.19239932594
26-02-2050 20:00:00,17895.568116597457,10.311861674282405,128.61478932675652,453.106,4720.357,10000.0,320.2697999999999,0.0,0.0,0.0,294.8175,78.8895,0.0,0.0,37519.14245682042
26-02-2050 21:00:00,19742.76797249433,3.5612393299532856,148.62466136424533,454.85699999999997,4679.185,446.71721141706803,320.4410999999999,0.0,0.0,0.0,298.828,78.656,0.0,0.0,37840.7117112951
26-02-2050 22:00:00,21982.797907660588,9.940005358704953,138.78858502514214,453.81699999999995,3839.829,0.0,318.4087999999999,0.0,0.0,0.0,300.5895,78.4945,0.0,0.0,36626.17008663137
26-02-2050 23:00:00,24537.010034111714,1.5446339262447988,134.20123039488806,457.069,2424.76,0.0,317.4239999999999,0.0,0.0,0.0,300.316,78.615,0.0,0.0,33968.340109440294
27-02-2050 00:00:00,28166.519752041422,3.632750159872026,141.39183841961153,454.13300000000004,1589.536,0.0,312.42289999999997,0.0,0.0,0.0,303.6335,79.0155,0.0,0.0,31047.551091554124
27-02-2050 01:00:00,30721.77005087096,6.507485522605401,135.39731979234693,452.936,1108.286,0.0,311.2552999999999,0.0,0.0,0.0,303.6955,77.4945,0.0,0.0,28787.16097954012
27-02-2050 02:00:00,32878.84326066096,2.645900706993405,137.94428662693588,453.981,1111.268,0.0,310.5097999999999,0.0,0.0,0.0,305.874,76.24,0.0,0.0,27576.24764176
27-02-2050 03:00:00,34052.14263657703,8.26665193860642,137.19848970852036,455.12699999999995,953.802,0.0,308.63239999999996,0.0,0.0,0.0,309.716,76.825,0.0,0.0,26953.851631983547
27-02-2050 04:00:00,34959.256302751935,1.0583602827973622,136.56526590986562,453.727,850.924,0.0,306.5112999999999,0.0,0.0,0.0,307.392,77.236,0.0,0.0,26989.860601116445
27-02-2050 05:00:00,37230.57067629711,12.485790903812122,135.01738551315415,453.1,919.7289999999999,0.0,307.40109999999993,0.0,0.0,0.0,304.5105,77.7005,0.0,0.0,27811.565211709712
27-02-2050 06:00:00,38508.84784860808,1.6304469221472873,133.35693199668177,452.95300000000003,1256.245,0.0,311.1219999999999,0.0,0.0,0.0,301.5605,78.7315,0.0,0.0,31041.08870903484
27-02-2050 07:00:00,38919.605392363315,76.67391183887376,152.29735939644263,450.401,2167.335,0.0,325.4507999999999,0.0,0.0,0.0,304.2995,78.4325,0.0,0.0,35617.753903742974
27-02-2050 08:00:00,38610.673145951434,3005.9577356342643,143.1367217759045,453.065,2927.065,0.0,337.84049999999996,0.0,0.0,0.0,302.9845,78.0945,0.0,0.0,38581.812787193136
27-02-2050 09:00:00,39096.30570734036,11402.616363032956,133.28657379683125,447.889,3929.587,0.0,339.85569999999996,0.0,0.0,0.0,301.551,78.389,0.0,-9691.044227477818,40955.841803246694
27-02-2050 10:00:00,42564.5653097946,20115.267045676577,640.0907589601203,439.81199999999995,3548.6740000000004,0.0,336.96989999999994,0.0,0.0,0.0,300.33799999999997,77.53699999999999,0.0,-12200.0,41668.545728157085
27-02-2050 11:00:00,45783.916754203776,26855.6776434933,1924.1419778721395,436.325,3265.0409999999997,0.0,335.52469999999994,0.0,0.0,0.0,299.0775,77.5985,0.0,-12200.0,41637.42176219214
27-02-2050 12:00:00,48805.8381977709,32180.502758736584,2734.541795390437,437.381,2819.85,0.0,335.04559999999987,0.0,0.0,0.0,298.6975,77.6855,0.0,-12200.0,41227.144764162666
27-02-2050 13:00:00,50084.16601263691,34718.32199739081,2937.4126288394355,444.341,2742.475,0.0,331.1982999999999,0.0,0.0,0.0,291.436,76.48100000000001,0.0,-12200.0,41093.37835813123
27-02-2050 14:00:00,51816.0865324002,35154.766894550856,2857.4153556093906,439.30800000000005,2316.228,0.0,333.7129999999999,0.0,0.0,0.0,284.034,74.209,0.0,-12200.0,39799.67185990962
27-02-2050 15:00:00,51845.67866539803,32534.638690660173,3759.787411972292,436.858,1977.624,0.0,333.8717999999999,0.0,0.0,0.0,274.3965,73.2035,0.0,-12200.0,38740.19322736736
27-02-2050 16:00:00,51920.10634046217,25187.32998148908,3857.402378444907,436.62699999999995,1947.486,0.0,334.6930999999999,0.0,0.0,0.0,270.033,71.868,0.0,-12200.0,38188.92311521709
27-02-2050 17:00:00,53100.71934536928,14899.32432006757,3944.266611980364,441.934,1937.9070000000002,0.0,334.6012999999999,0.0,0.0,0.0,270.4445,71.4005,0.0,-12200.0,37973.19978772265
27-02-2050 18:00:00,52490.265546433744,3376.669877933016,2725.4374443297793,441.298,2324.632,0.0,334.1019999999999,0.0,0.0,0.0,265.2895,71.6395,0.0,-12200.0,38064.76206132427
27-02-2050 19:00:00,51207.236414374405,41.73372034057706,758.503609308551,444.153,3593.542,0.0,334.22549999999995,0.0,0.0,0.0,261.998,73.861,0.0,-12200.0,41155.4109428054
27-02-2050 20:00:00,54343.77462064661,7.351313315646541,158.37630786352784,443.566,3120.309,0.0,336.87229999999994,0.0,0.0,0.0,262.1325,75.1715,0.0,-12200.0,42622.170574330165
27-02-2050 21:00:00,55487.86168272769,4.176232467254454,147.89293608579987,450.259,3036.183,0.0,335.7455999999999,0.0,0.0,0.0,257.8485,74.6765,0.0,-12200.0,41952.05353408881
27-02-2050 22:00:00,56231.3197120625,5.577844733661772,153.00094139494786,448.972,2393.869,0.0,336.3010999999999,0.0,0.0,0.0,249.165,74.431,0.0,-12200.0,38760.28771992582
27-02-2050 23:00:00,56976.18307229979,2.874735362733375,139.94245950269075,431.222,1876.852,0.0,331.7469999999999,0.0,0.0,0.0,246.0455,74.1895,0.0,-12200.0,35209.23780179552
28-02-2050 00:00:00,57025.078459195516,3.732865321758263,13.325843051689105,413.713,1906.866,0.0,318.72389999999996,0.0,0.0,0.0,235.7985,73.4735,0.0,-12200.0,32807.547273554905
28-02-2050 01:00:00,56460.05525234806,4.991455928328099,0.0,397.158,1950.7520000000002,0.0,313.3255999999999,0.0,0.0,0.0,235.1225,73.0195,0.0,-12200.0,30575.89226625103
28-02-2050 02:00:00,58134.02380828844,1.0154537848461174,0.0,392.13599999999997,1727.06,0.0,311.8649,0.0,0.0,0.0,253.1295,74.8475,0.0,-12200.0,29248.827377801514
28-02-2050 03:00:00,58847.23135140983,8.96745807181008,0.0,395.07300000000004,1162.031,0.0,309.30179999999996,0.0,0.0,0.0,257.2205,75.7385,0.0,-12200.0,28598.449585740513
28-02-2050 04:00:00,58384.333077023075,0.7866191291061474,0.0,393.49800000000005,1072.996,0.0,306.79909999999995,0.0,0.0,0.0,255.4035,75.6195,0.0,-12200.0,28512.36884292401
28-02-2050 05:00:00,57755.757683807344,9.396523051322525,0.0,397.459,1405.8110000000001,0.0,307.01489999999995,0.0,0.0,0.0,263.2045,74.0735,0.0,-12200.0,29201.796401681582
28-02-2050 06:00:00,57318.851700797335,1.8306772459197613,0.0,417.89,2038.381,0.0,310.71039999999994,0.0,0.0,0.0,265.51,74.291,0.0,-12200.0,31728.019339940292
28-02-2050 07:00:00,57778.690320816786,103.23303407069403,0.0,437.139,2242.94,0.0,319.61529999999993,0.0,0.0,0.0,270.2635,73.6995,0.0,-12200.0,35657.00565673418
28-02-2050 08:00:00,57861.208144049335,3209.963831226448,0.0,446.267,2364.062,0.0,327.28189999999995,0.0,0.0,0.0,269.623,70.866,0.0,-12200.0,38026.65345644793
28-02-2050 09:00:00,57869.96086564622,11111.567285263682,152.5506489159045,443.7,2903.2290000000003,0.0,327.55279999999993,0.0,0.0,0.0,255.6005,50.9285,0.0,-12200.0,40254.3414372068
28-02-2050 10:00:00,59671.00003261979,18647.135405278852,1486.9361240009882,447.852,2981.7690000000002,0.0,329.4435999999999,0.0,0.0,0.0,256.2235,46.1545,0.0,-12200.0,40906.01524249666
28-02-2050 11:00:00,61026.329852431394,24469.804616250425,1988.5197307353685,445.37300000000005,2919.0890000000004,0.0,330.98589999999996,0.0,0.0,0.0,250.8075,45.6665,0.0,-12200.0,41331.28756156925
28-02-2050 12:00:00,61809.71953641899,26940.131933627337,2049.815794445144,436.72,2859.0820000000003,0.0,330.4034999999999,0.0,0.0,0.0,264.8625,55.3325,0.0,-12200.0,41047.64653899576
28-02-2050 13:00:00,61693.40202790698,27238.003144570863,2538.889713246101,440.389,2707.3459999999995,0.0,330.2667999999999,0.0,0.0,0.0,275.7055,63.4475,0.0,-12200.0,41051.99553184107
28-02-2050 14:00:00,61662.45942677463,25989.953234331046,2497.434661894173,441.13300000000004,2371.728,0.0,328.8110999999999,0.0,0.0,0.0,273.26099999999997,69.277,0.0,-12200.0,39683.06132092867
28-02-2050 15:00:00,62515.090144147194,21495.59768910008,2830.707382946132,449.983,2068.627,0.0,329.4747,0.0,0.0,0.0,287.6215,76.7055,0.0,-12200.0,38423.42645247725
28-02-2050 16:00:00,61238.39977189429,16241.03911533495,2785.171556002873,453.659,2177.986,0.0,330.30799999999994,0.0,0.0,0.0,298.73,77.468,0.0,-12200.0,37783.21792370809
28-02-2050 17:00:00,56601.07366708314,8920.318132727647,2398.8768955435603,452.32800000000003,2344.674,0.0,334.0063999999999,0.0,0.0,0.0,286.995,78.954,0.0,-12200.0,37691.368782411795
28-02-2050 18:00:00,51439.04426966602,1626.9857979792203,1454.4024923901063,463.36,3342.909,0.0,336.76769999999993,0.0,0.0,0.0,288.939,78.204,0.0,-12200.0,37793.531013816726
28-02-2050 19:00:00,46001.304141946384,11.12708513535605,979.2454255195828,461.57199999999995,4716.892,0.0,338.23439999999994,0.0,0.0,0.0,296.504,78.09100000000001,0.0,-11892.063692797674,40850.73072912818
28-02-2050 20:00:00,42092.8214691267,2.5457855451071683,1007.2339174201206,463.04400000000004,4938.771,0.0,339.56739999999996,0.0,0.0,0.0,304.765,78.887,0.0,-6837.832241063079,42247.841635169694
28-02-2050 21:00:00,39123.40369450224,1.7877707479685168,678.5907659183266,461.805,4967.764,0.0,339.56459999999987,0.0,0.0,0.0,303.236,79.867,0.0,-4225.304365384174,41862.30402853587
28-02-2050 22:00:00,37434.284574177625,2.8032245328146344,186.4633012438567,465.436,3406.423,0.0,338.6747,0.0,0.0,0.0,291.8915,78.2055,0.0,-3833.493540141222,38876.86210571785
28-02-2050 23:00:00,35559.35791939374,1.4159144323910655,148.73723448400614,462.017,2812.719,0.0,335.61769999999996,0.0,0.0,0.0,298.3635,78.2415,0.0,-4657.807196496473,35490.45105913919
