Date time,Wind (MW),PV (MW),CSP (new) (MW),Other renewables (MW),Hydraulic (MW),Pumped hydropower (MW),Cogeneration (MW),Combined cycle (MW),Fuel & Gas (MW),Nuclear (MW),No renewable residues (MW),Renewable residues (MW),Import (MW),Export (MW),Demand (MW)
01-01-2040 00:00:00,23381.129414544394,0.9731018493107311,0.0,336.214,2138.335,0.0,323.8216500000001,0.0,0.0,0.0,215.0805,95.9845,0.0,0.0,27037.790863335722
01-01-2040 01:00:00,23091.364207254057,2.4337313377043595,0.0,327.281,1607.515,0.0,320.4520500000001,0.0,0.0,0.0,217.354,96.169,0.0,0.0,26185.026692678028
01-01-2040 02:00:00,32358.117900743513,1.1013284382250264,0.0,333.533,1644.1029999999998,0.0,317.2012500000001,0.0,0.0,0.0,215.5205,95.6395,0.0,-10937.535056230488,24516.243222540335
01-01-2040 03:00:00,25556.824618504095,6.99208108060127,0.0,334.286,1418.898,0.0,316.30215000000004,0.0,0.0,0.0,217.68,95.822,0.0,-5200.665287056163,23207.081407472822
01-01-2040 04:00:00,25169.434968663598,3.3953299597286786,0.0,336.347,1380.024,0.0,315.68625000000003,0.0,0.0,0.0,217.2405,96.3395,0.0,-5582.465434796286,22380.074246151267
01-01-2040 05:00:00,24486.250928137004,7.830872523806065,0.0,333.543,1316.829,0.0,315.74055000000004,0.0,0.0,0.0,214.8445,96.0745,0.0,-5089.527908188818,22120.17065501294
01-01-2040 06:00:00,24616.60365523906,2.2173301317509813,0.0,331.936,1424.869,0.0,315.34515000000005,0.0,0.0,0.0,215.08599999999998,94.86399999999999,0.0,-5148.292970270053,22301.374773783977
01-01-2040 07:00:00,23131.68253268491,15.478052887784694,0.0,335.87800000000004,1666.9260000000002,0.0,318.47745000000003,0.0,0.0,0.0,217.7785,95.2415,0.0,-3464.750331828258,22774.172372998066
01-01-2040 08:00:00,23893.465928058216,413.20236740514684,0.0,339.55,1532.271,0.0,320.1355500000001,0.0,0.0,0.0,216.5035,95.0375,0.0,-4672.611203394794,22600.692269504907
01-01-2040 09:00:00,23072.287871263306,6992.80272093124,0.0,331.8,1625.9579999999999,0.0,322.7067,0.0,0.0,0.0,216.8295,95.2765,0.0,-9985.579387632235,23187.22268296842
01-01-2040 10:00:00,25900.11759091006,17695.600691979696,0.0,331.361,1657.442,0.0,320.00475,0.0,0.0,0.0,215.6475,95.0245,0.0,-12200.0,24936.59682628599
01-01-2040 11:00:00,28300.30011139029,24572.096281004622,0.0,327.404,1771.13,0.0,318.60255000000006,0.0,0.0,0.0,215.18200000000002,94.699,0.0,-12200.0,26614.421158844878
01-01-2040 12:00:00,33271.169414301236,26940.17352254412,0.0,337.10900000000004,1862.415,0.0,316.52085000000005,0.0,0.0,0.0,219.5305,95.9105,0.0,-12200.0,27396.242235605667
01-01-2040 13:00:00,35795.48336922907,26101.82764753352,0.0,340.597,1803.547,0.0,316.49805000000003,0.0,0.0,0.0,218.5775,95.5935,0.0,-12200.0,28126.755376552177
01-01-2040 14:00:00,46573.982711812176,23924.91680165613,0.0,342.28,1588.13,0.0,316.25175,0.0,0.0,0.0,218.166,94.068,0.0,-12200.0,28520.859083259722
01-01-2040 15:00:00,48104.39431345498,19647.674157161968,0.0,328.26800000000003,1594.345,0.0,317.40810000000005,0.0,0.0,0.0,221.4025,95.3615,0.0,-12200.0,26998.769036970385
01-01-2040 16:00:00,49776.35326635283,10861.450720213392,0.0,320.277,1598.256,0.0,319.53075,0.0,0.0,0.0,221.3335,96.2745,0.0,-12200.0,26344.393468313214
01-01-2040 17:00:00,53123.4929040354,2149.318593114419,0.0,324.115,1667.724,0.0,323.34810000000004,0.0,0.0,0.0,220.6205,95.2935,0.0,-12200.0,26765.577355342466
01-01-2040 18:00:00,56821.1515563334,21.38372548505981,0.0,326.03,1964.774,0.0,327.6351,0.0,0.0,0.0,217.59099999999998,93.84,0.0,-12200.0,29803.895990170524
01-01-2040 19:00:00,55905.951510570376,5.2783298111832,0.0,319.59,2023.0720000000001,0.0,335.14815000000004,0.0,0.0,0.0,223.2165,94.4645,0.0,-12200.0,31517.642350437916
01-01-2040 20:00:00,55924.40781857052,9.280342168022923,0.0,325.045,1974.265,0.0,337.2715500000001,0.0,0.0,0.0,222.0915,94.9025,0.0,-12200.0,32477.263458905225
01-01-2040 21:00:00,54872.18554317024,1.2655012047303984,0.0,332.13800000000003,1938.566,0.0,337.57680000000005,0.0,0.0,0.0,220.3045,94.8445,0.0,-12200.0,32770.84783367341
01-01-2040 22:00:00,55247.515374177274,5.775877293384896,0.0,335.865,1944.8010000000002,0.0,339.56745,0.0,0.0,0.0,218.9775,94.4485,0.0,-12200.0,32051.483254558825
01-01-2040 23:00:00,51833.43487755371,1.925292431128299,0.0,325.02099999999996,1978.1529999999998,0.0,337.6557,0.0,0.0,0.0,215.101,95.211,0.0,-12200.0,29570.79953816652
02-01-2040 00:00:00,47521.59345770956,0.757137472915623,0.0,327.432,1625.83,0.0,338.25765,0.0,0.0,0.0,212.4705,94.2495,0.0,-12200.0,26938.45855377891
02-01-2040 01:00:00,46173.64868314777,3.515281124251107,0.0,321.793,1336.1,0.0,342.00795000000005,0.0,0.0,0.0,215.0275,95.3865,0.0,-12200.0,24700.053136294104
02-01-2040 02:00:00,43950.3133301837,0.6489749767848197,0.0,323.774,1175.884,0.0,344.69835000000006,0.0,0.0,0.0,214.266,94.419,0.0,-12200.0,23309.061546963563
02-01-2040 03:00:00,40132.870454274576,5.91648853835494,0.0,317.659,1135.138,0.0,348.35625000000005,0.0,0.0,0.0,212.13400000000001,94.57799999999999,0.0,-12200.0,22756.160582410754
02-01-2040 04:00:00,41052.224329625235,2.152433673002985,0.0,320.743,1028.7939999999999,0.0,354.16140000000007,0.0,0.0,0.0,215.22400000000002,94.51299999999999,0.0,-12200.0,22592.89497205549
02-01-2040 05:00:00,43245.96461368379,6.662809761657483,0.0,326.434,1216.068,0.0,360.8812500000001,0.0,0.0,0.0,217.5035,93.9845,0.0,-12200.0,23424.479107176838
02-01-2040 06:00:00,47344.626393825565,2.2173311706814673,0.0,331.37699999999995,1583.614,0.0,384.7426500000001,0.0,0.0,0.0,219.886,92.57799999999999,0.0,-12200.0,26596.388536777333
02-01-2040 07:00:00,46431.37563122098,14.926424466050854,0.0,343.675,1909.1,0.0,430.7587500000001,0.0,0.0,0.0,227.4515,97.8095,0.0,-12200.0,30783.775341173878
02-01-2040 08:00:00,46143.14085466808,346.1199876185705,0.0,354.64,2153.764,0.0,469.5510000000001,0.0,0.0,0.0,239.485,98.46799999999999,0.0,-12200.0,34484.78539717007
02-01-2040 09:00:00,48486.596914645634,5252.381628361421,0.0,355.436,2603.476,0.0,484.62525000000005,0.0,0.0,0.0,255.43900000000002,99.14,0.0,-12200.0,37116.8124213913
02-01-2040 10:00:00,49002.012134538905,13871.494008787904,0.0,359.968,2574.169,0.0,492.9933000000001,0.0,0.0,0.0,252.9945,97.7065,0.0,-12200.0,39004.89483579499
02-01-2040 11:00:00,47498.10150155012,19298.201132163344,0.0,356.532,2471.996,0.0,500.2359000000001,0.0,0.0,0.0,246.9645,98.0015,0.0,-12200.0,39435.63628035337
02-01-2040 12:00:00,48143.082169474554,22431.93905131304,0.0,356.38599999999997,2414.137,0.0,497.61345000000006,0.0,0.0,0.0,261.6025,97.5565,0.0,-12200.0,39201.08608862165
02-01-2040 13:00:00,49812.02050700189,23826.25097268561,0.0,360.592,2258.965,0.0,498.24270000000007,0.0,0.0,0.0,268.393,99.507,0.0,-12200.0,39183.05421053553
02-01-2040 14:00:00,50401.10625388315,22171.37559813393,0.0,363.24800000000005,2072.21,0.0,498.1170000000001,0.0,0.0,0.0,272.209,98.50299999999999,0.0,-12200.0,38205.03667307805
02-01-2040 15:00:00,50260.27054568593,18084.498946829983,0.0,369.036,2007.264,0.0,501.39135000000016,0.0,0.0,0.0,273.819,98.537,0.0,-12200.0,37072.53064626709
02-01-2040 16:00:00,50479.746679400094,10619.026117635423,0.0,367.241,2275.8089999999997,0.0,505.48620000000005,0.0,0.0,0.0,269.905,99.779,0.0,-12200.0,36708.53921622729
02-01-2040 17:00:00,48687.10234619285,2164.8074625603494,0.0,362.101,2412.945,0.0,508.97970000000004,0.0,0.0,0.0,270.5515,99.4995,0.0,-12200.0,37099.33183354992
02-01-2040 18:00:00,49355.048973233956,17.08967438866692,0.0,369.70099999999996,3321.531,0.0,512.36715,0.0,0.0,0.0,284.7635,99.1275,0.0,-12200.0,39106.008608902455
02-01-2040 19:00:00,50426.454670193474,5.8840397895156995,0.0,359.691,3502.11,0.0,514.5744,0.0,0.0,0.0,288.607,99.65700000000001,0.0,-12200.0,39871.08229152796
02-01-2040 20:00:00,50515.135451026516,6.522198516687439,0.0,369.29699999999997,3417.4429999999998,0.0,515.5563000000001,0.0,0.0,0.0,289.63,100.214,0.0,-12200.0,40056.26931492142
02-01-2040 21:00:00,50316.44393575174,1.092441210921113,0.0,371.538,3482.738,0.0,516.4882500000001,0.0,0.0,0.0,290.728,99.962,0.0,-12200.0,39770.49600125925
02-01-2040 22:00:00,50303.83160960159,3.6991573676734726,0.0,375.309,2518.614,0.0,514.6432500000001,0.0,0.0,0.0,286.168,99.382,0.0,-12200.0,37279.40435655547
02-01-2040 23:00:00,49149.58911365906,3.320588631215661,0.0,367.051,2199.986,0.0,505.0323000000001,0.0,0.0,0.0,276.3785,99.5655,0.0,-12200.0,33993.873337930374
03-01-2040 00:00:00,48351.744422809745,2.8014086497878052,0.0,357.67900000000003,2263.897,0.0,447.82875000000007,0.0,0.0,0.0,273.5995,96.8645,0.0,-12200.0,31367.543723552888
03-01-2040 01:00:00,48874.032412886634,6.23015977713427,0.0,359.87199999999996,2002.6129999999998,0.0,436.5228000000001,0.0,0.0,0.0,288.041,94.911,0.0,-12200.0,28979.00880395345
03-01-2040 02:00:00,46087.18405161988,2.6499811552046806,0.0,359.903,1803.599,0.0,434.92965000000004,0.0,0.0,0.0,290.3845,94.2995,0.0,-12200.0,27212.41335032523
03-01-2040 03:00:00,41259.74563349269,6.219343527521189,0.0,353.76199999999994,1676.296,0.0,434.1336000000001,0.0,0.0,0.0,290.309,94.68,0.0,-12200.0,26435.292748282773
03-01-2040 04:00:00,36754.67378531766,3.201609885471778,0.0,351.24300000000005,1782.61,0.0,434.9532000000001,0.0,0.0,0.0,293.23400000000004,94.60799999999999,0.0,-12200.0,26261.86993136026
03-01-2040 05:00:00,38776.16550837576,6.630361012818241,0.0,353.819,1818.07,0.0,436.16580000000005,0.0,0.0,0.0,289.175,93.87299999999999,0.0,-12200.0,26888.917573877257
03-01-2040 06:00:00,43871.55687590733,1.406112449700443,0.0,361.48199999999997,2167.973,0.0,450.3088500000001,0.0,0.0,0.0,292.36,93.101,0.0,-12200.0,29193.10954991982
03-01-2040 07:00:00,45951.964135379116,11.713998330965996,0.0,379.73800000000006,2383.558,0.0,485.3931000000001,0.0,0.0,0.0,313.272,95.48899999999999,0.0,-12200.0,33029.05365917275
03-01-2040 08:00:00,43455.96506537777,236.57301153729296,0.0,395.555,2670.127,0.0,508.9351500000001,0.0,0.0,0.0,315.907,96.854,0.0,-12200.0,36102.21592061654
03-01-2040 09:00:00,41489.64114980374,3201.1772354872537,0.0,393.586,2918.2329999999997,0.0,509.4291000000001,0.0,0.0,0.0,296.4535,99.2255,0.0,-11159.158816261392,38481.44437642182
03-01-2040 10:00:00,42042.6458201273,9209.387570561115,0.0,391.82099999999997,3094.7529999999997,0.0,508.7397000000001,0.0,0.0,0.0,302.4685,99.5045,0.0,-12200.0,39859.03648808312
03-01-2040 11:00:00,42317.83509649486,14135.442948095906,0.0,397.34,2936.883,0.0,507.89160000000015,0.0,0.0,0.0,298.005,99.396,0.0,-12200.0,40005.25376381186
03-01-2040 12:00:00,43920.43592463024,16993.84241709503,0.0,397.228,2675.74,0.0,512.0815500000001,0.0,0.0,0.0,296.935,99.06700000000001,0.0,-12200.0,39564.54743188767
03-01-2040 13:00:00,46107.04817523445,17303.79286600746,0.0,397.009,2628.7470000000003,0.0,512.74575,0.0,0.0,0.0,285.6885,97.2515,0.0,-12200.0,39790.773959303355
03-01-2040 14:00:00,47191.054595468166,16499.50736102842,0.0,386.656,2444.155,0.0,510.28650000000005,0.0,0.0,0.0,318.232,99.898,0.0,-12200.0,38607.18951495141
03-01-2040 15:00:00,47026.12358156246,14626.987411762339,0.0,390.344,2472.697,0.0,509.4934500000001,0.0,0.0,0.0,288.86,99.54700000000001,0.0,-12200.0,37366.409265693575
03-01-2040 16:00:00,46542.09800872057,8928.294875616384,0.0,394.20599999999996,2865.7129999999997,0.0,513.2284500000001,0.0,0.0,0.0,308.095,99.916,0.0,-12200.0,36774.865905308245
03-01-2040 17:00:00,46560.30292107527,2037.748978355495,0.0,395.77099999999996,2850.4109999999996,0.0,518.1844500000001,0.0,0.0,0.0,297.6135,100.1395,0.0,-12200.0,36972.98258209359
03-01-2040 18:00:00,47795.641784609375,21.275562988929003,0.0,397.45099999999996,3379.09,0.0,518.50665,0.0,0.0,0.0,285.7295,99.0225,0.0,-12200.0,39012.68246148574
03-01-2040 19:00:00,47899.785331449224,4.348132344458293,0.0,391.212,3949.4559999999997,0.0,519.7848,0.0,0.0,0.0,281.2285,96.3765,0.0,-12200.0,39838.61568560313
03-01-2040 20:00:00,48309.208279602375,6.987297250049893,0.0,390.846,3922.156,0.0,519.5305500000001,0.0,0.0,0.0,278.274,95.69200000000001,0.0,-12200.0,40066.01435577265
03-01-2040 21:00:00,49219.229575069476,1.2006037070519164,0.0,389.10400000000004,3597.849,0.0,517.6188000000001,0.0,0.0,0.0,281.668,95.79,0.0,-12200.0,39594.59200624466
03-01-2040 22:00:00,48570.2768559472,5.537919801897129,0.0,379.62300000000005,2831.19,0.0,518.9107500000001,0.0,0.0,0.0,285.1605,95.9685,0.0,-12200.0,37406.500193383734
03-01-2040 23:00:00,48154.104901620485,3.8397686126435167,0.0,373.23900000000003,2368.864,0.0,514.8264,0.0,0.0,0.0,288.0295,96.9015,0.0,-12200.0,34279.82409116526
04-01-2040 00:00:00,48245.17974252309,3.0177336420494116,0.0,345.54699999999997,2458.7,0.0,472.3716000000001,0.0,0.0,0.0,273.4745,96.6325,0.0,-12200.0,31788.788989050678
04-01-2040 01:00:00,46686.70078397397,5.732612294932575,0.0,337.51300000000003,2063.784,0.0,440.63130000000007,0.0,0.0,0.0,269.584,91.84899999999999,0.0,-12200.0,29367.473131369316
04-01-2040 02:00:00,45481.92776329927,2.7797761505616445,0.0,339.798,1695.733,0.0,440.3355000000001,0.0,0.0,0.0,268.638,88.075,0.0,-12200.0,27717.322676318738
04-01-2040 03:00:00,44436.67881634079,4.737517330529183,0.0,347.754,1646.685,0.0,439.4710500000001,0.0,0.0,0.0,266.6295,88.9455,0.0,-12200.0,27100.703793593468
04-01-2040 04:00:00,45631.04405729453,3.785687364578115,0.0,348.292,1585.908,0.0,438.22245000000004,0.0,0.0,0.0,262.1215,88.2535,0.0,-12200.0,26927.330823427234
04-01-2040 05:00:00,47940.63519001953,5.418941056153245,0.0,347.048,1605.786,0.0,442.9551000000001,0.0,0.0,0.0,261.157,87.85,0.0,-12200.0,27412.71249665572
04-01-2040 06:00:00,48101.86488649938,1.5575399442835676,0.0,344.525,2163.742,0.0,459.72645000000006,0.0,0.0,0.0,263.9615,88.0935,0.0,-12200.0,29726.3147219029
04-01-2040 07:00:00,47548.3419543837,9.86441964712926,0.0,342.782,2377.385,0.0,484.79865000000007,0.0,0.0,0.0,270.028,92.633,0.0,-12200.0,33560.65517916858
04-01-2040 08:00:00,48296.46832181687,275.6521213893522,0.0,354.23800000000006,2515.032,0.0,513.1762500000001,0.0,0.0,0.0,281.3695,90.7345,0.0,-12200.0,36320.69499733908
04-01-2040 09:00:00,48224.07411118262,3966.8054643491455,0.0,342.95,3494.24,0.0,518.3950500000001,0.0,0.0,0.0,271.724,89.024,0.0,-12200.0,38267.49577465927
04-01-2040 10:00:00,47759.781162694606,10092.631697715642,0.0,346.708,3660.1009999999997,0.0,520.9495500000002,0.0,0.0,0.0,268.51099999999997,88.66,0.0,-12200.0,39356.54547375025
04-01-2040 11:00:00,49289.33415151762,14084.69310491133,0.0,339.899,3340.505,0.0,518.16345,0.0,0.0,0.0,268.3775,89.2425,0.0,-12200.0,39569.439481826
04-01-2040 12:00:00,52059.586532560446,16042.196327387383,0.0,344.52099999999996,2808.172,0.0,516.70095,0.0,0.0,0.0,284.246,90.178,0.0,-12200.0,39325.40799066245
04-01-2040 13:00:00,53914.60405921242,16850.34323347829,0.0,351.26599999999996,2647.559,0.0,514.3668000000001,0.0,0.0,0.0,301.0955,90.3135,0.0,-12200.0,39306.51978994248
04-01-2040 14:00:00,54411.659661738406,15764.348507326575,0.0,351.75699999999995,2750.813,0.0,515.6625,0.0,0.0,0.0,302.863,90.36200000000001,0.0,-12200.0,38295.64877621298
04-01-2040 15:00:00,54324.66903316776,12188.842505229837,0.0,352.879,2797.5,0.0,512.51445,0.0,0.0,0.0,305.52,90.605,0.0,-12200.0,37368.40759983307
04-01-2040 16:00:00,52417.14462524799,6494.844221415959,0.0,351.12199999999996,2793.323,0.0,508.80645000000004,0.0,0.0,0.0,302.23400000000004,90.20700000000001,0.0,-12200.0,36908.74462089672
04-01-2040 17:00:00,50531.9364153921,1182.8217926880127,0.0,352.675,3190.078,0.0,513.5608500000001,0.0,0.0,0.0,307.32599999999996,92.98700000000001,0.0,-12200.0,36935.95685792345
04-01-2040 18:00:00,50526.49466657479,9.961765893646982,0.0,354.472,3653.111,0.0,514.3944,0.0,0.0,0.0,319.5435,93.7135,0.0,-12200.0,38835.23284503601
04-01-2040 19:00:00,52503.702079783434,4.9213935739515495,0.0,356.82,3474.4190000000003,0.0,518.3256000000001,0.0,0.0,0.0,322.5035,94.6465,0.0,-12200.0,39556.923110122334
04-01-2040 20:00:00,52880.72206305285,8.523204695107298,0.0,361.88199999999995,3482.534,0.0,524.00205,0.0,0.0,0.0,320.656,95.08,0.0,-12200.0,39565.13108532492
04-01-2040 21:00:00,51410.15422789919,1.0599924620818724,0.0,363.95,3336.7490000000003,0.0,523.1160000000001,0.0,0.0,0.0,317.673,94.223,0.0,-12200.0,39228.74359853836
04-01-2040 22:00:00,48702.40653956178,3.5044648746380265,0.0,364.376,2654.0959999999995,0.0,522.1908000000001,0.0,0.0,0.0,315.6815,94.5245,0.0,-12200.0,36819.69376280713
04-01-2040 23:00:00,47208.002529595695,3.28813988237642,0.0,358.74800000000005,2433.1479999999997,0.0,516.7884,0.0,0.0,0.0,316.1035,94.0805,0.0,-12200.0,33871.53228646533
05-01-2040 00:00:00,46709.93747686266,2.974468643597091,0.0,357.26199999999994,2527.36,0.0,478.0758000000001,0.0,0.0,0.0,306.38599999999997,94.476,0.0,-12200.0,31516.464255832587
05-01-2040 01:00:00,46762.981958049146,5.797509792611057,0.0,351.535,2193.991,0.0,450.08715,0.0,0.0,0.0,290.3085,90.2505,0.0,-12200.0,29267.380472784
05-01-2040 02:00:00,45569.01121487746,3.0826311397278934,0.0,351.936,1978.545,0.0,447.0015000000001,0.0,0.0,0.0,290.371,88.15299999999999,0.0,-12200.0,27679.43653761683
05-01-2040 03:00:00,43620.43583187105,4.640171084011461,0.0,348.644,1901.213,0.0,446.42280000000005,0.0,0.0,0.0,287.5865,88.5295,0.0,-12200.0,26981.413810001137
05-01-2040 04:00:00,42800.70038174245,3.688341118060393,0.0,351.537,1935.102,0.0,445.73775000000006,0.0,0.0,0.0,283.3655,88.4025,0.0,-12200.0,26711.717563199607
05-01-2040 05:00:00,44046.02158621292,3.115079888567135,0.0,342.039,1880.237,0.0,446.8890000000001,0.0,0.0,0.0,290.6525,88.9715,0.0,-12200.0,27026.31755360659
05-01-2040 06:00:00,44447.21422769711,1.7738649365451737,0.0,341.945,2136.46,0.0,459.6148500000001,0.0,0.0,0.0,293.5105,88.8055,0.0,-12200.0,28901.009790108965
05-01-2040 07:00:00,43385.33449188686,9.22626091995752,0.0,348.586,2334.344,0.0,487.1122500000001,0.0,0.0,0.0,303.6045,96.1825,0.0,-12200.0,32603.48400157298
05-01-2040 08:00:00,42779.23892887304,283.48308610922237,0.0,353.7,2477.115,0.0,511.1818500000001,0.0,0.0,0.0,317.563,98.303,0.0,-12200.0,35115.89778226755
05-01-2040 09:00:00,43868.45504040521,3899.376964261202,0.0,349.74800000000005,3040.842,0.0,511.8313500000001,0.0,0.0,0.0,324.6005,99.7085,0.0,-12200.0,37202.46923616577
05-01-2040 10:00:00,45331.60090258061,9359.192627702278,0.0,355.75,3161.627,0.0,511.4148000000001,0.0,0.0,0.0,324.7445,99.2615,0.0,-12200.0,38494.18394255656
05-01-2040 11:00:00,45582.81863724975,13139.331256228883,0.0,355.235,3595.218,0.0,511.97115,0.0,0.0,0.0,325.493,99.37200000000001,0.0,-12200.0,38926.92558120803
05-01-2040 12:00:00,44573.20212231248,15310.022758578749,0.0,368.725,3469.752,0.0,514.2657,0.0,0.0,0.0,324.5715,98.7905,0.0,-12200.0,38608.19165794691
05-01-2040 13:00:00,43157.48494936711,15404.080865214095,0.0,375.965,3323.1679999999997,0.0,513.99675,0.0,0.0,0.0,318.486,98.11399999999999,0.0,-12200.0,38548.97259552337
05-01-2040 14:00:00,41790.25619498792,13975.308372574249,0.0,368.42199999999997,3098.462,0.0,513.2655000000001,0.0,0.0,0.0,323.8345,98.4335,0.0,-12200.0,37145.0625125225
05-01-2040 15:00:00,38277.381077334256,11047.33878606379,0.0,372.779,2742.94,0.0,512.91645,0.0,0.0,0.0,324.77,99.51299999999999,0.0,-12200.0,35626.3646495947
05-01-2040 16:00:00,32799.056127427604,5955.178263220929,0.0,371.431,3279.067,0.0,516.4453500000001,0.0,0.0,0.0,326.58099999999996,100.016,0.0,-9252.683879251123,34943.464832646845
05-01-2040 17:00:00,28208.571641810177,991.8068245210138,0.0,371.13300000000004,3836.236,0.0,521.4535500000001,0.0,0.0,0.0,324.029,99.432,0.0,-223.64599393777462,34942.54824751657
05-01-2040 18:00:00,26199.487260760558,5.0079235708561916,0.0,384.695,4285.5109999999995,3606.2618055635066,519.5328000000001,0.0,0.0,0.0,327.2615,98.6775,0.0,0.0,36179.66513217915
05-01-2040 19:00:00,24399.444160326937,4.434662341362935,0.0,385.82300000000004,4565.923,5174.831082485849,524.75295,0.0,0.0,0.0,329.4045,100.3245,0.0,0.0,36242.277121945655
05-01-2040 20:00:00,22226.886860115137,4.196704849875167,0.0,390.108,4892.146,7102.57398999697,524.5668000000001,0.0,0.0,0.0,326.6485,99.7365,0.0,0.0,36309.81836072234
05-01-2040 21:00:00,20971.331919062854,1.178971207825756,0.0,386.63699999999994,4676.508,7846.333121953674,525.13125,0.0,0.0,0.0,329.098,99.635,0.0,0.0,36094.07490374328
05-01-2040 22:00:00,20664.215395725234,1.676518690027451,2611.05151033352,392.60400000000004,4103.345,0.0,523.1353500000001,0.0,0.0,0.0,336.759,100.236,0.0,0.0,34403.44441871106
05-01-2040 23:00:00,19783.889727421814,3.655892369221151,1834.7001428475087,388.216,3582.219,0.0,518.94615,0.0,0.0,0.0,337.4225,100.5685,0.0,0.0,32164.29650775224
06-01-2040 00:00:00,18736.745644059294,2.3363099164253516,1812.3302093859056,381.838,3320.202,0.0,497.8882500000001,0.0,0.0,0.0,337.006,100.803,0.0,0.0,30203.324000031276
06-01-2040 01:00:00,18916.509001045575,2.3471261660384313,4290.228855359546,373.85900000000004,2934.837,0.0,492.87465000000003,0.0,0.0,0.0,332.23900000000003,101.162,0.0,0.0,27944.793884678365
06-01-2040 02:00:00,18540.83495138555,1.503458696218166,3174.7834361587556,371.782,2829.486,0.0,486.8886000000001,0.0,0.0,0.0,333.6925,100.6545,0.0,0.0,26306.891968014184
06-01-2040 03:00:00,18669.317464328687,2.4552886621692345,2344.3008134859083,370.793,2425.151,0.0,474.3010500000001,0.0,0.0,0.0,332.11400000000003,99.84100000000001,0.0,0.0,25166.5298692203
06-01-2040 04:00:00,19335.407631218914,2.0226386776460217,1495.8117553070551,363.272,2237.874,0.0,472.3435500000001,0.0,0.0,0.0,328.267,100.822,0.0,0.0,24777.868014732932
06-01-2040 05:00:00,18691.301046615532,2.0659036760983427,1956.514020836261,363.149,2314.803,0.0,473.02695000000006,0.0,0.0,0.0,326.01099999999997,100.89299999999999,0.0,0.0,24674.082976276288
06-01-2040 06:00:00,19396.616669444018,1.3844799504742822,1520.2513209819044,362.333,2224.154,0.0,473.35065000000003,0.0,0.0,0.0,328.066,101.04,0.0,0.0,24871.661754482753
06-01-2040 07:00:00,19397.436606010666,8.89095718195203,1997.3773673924625,364.44800000000004,2547.226,0.0,476.83545000000004,0.0,0.0,0.0,329.311,101.26700000000001,0.0,0.0,25715.560642338372
06-01-2040 08:00:00,20186.776388793693,118.18915952212875,1735.8040366420828,367.773,2632.86,0.0,484.58580000000006,0.0,0.0,0.0,338.1115,101.3935,0.0,0.0,26498.397997741962
06-01-2040 09:00:00,19480.644697023872,1084.361472460142,3007.150174103521,369.37800000000004,3028.143,0.0,486.2739,0.0,0.0,0.0,341.18800000000005,101.75,0.0,0.0,28504.596765021288
06-01-2040 10:00:00,19266.03403595518,4020.216104938537,2747.1693426396414,371.975,3316.0840000000003,0.0,489.53220000000005,0.0,0.0,0.0,333.94,100.675,0.0,0.0,31290.94079087478
06-01-2040 11:00:00,17725.222389842056,7829.1043249367085,1706.207323191702,371.327,3340.583,0.0,488.26260000000013,0.0,0.0,0.0,337.0365,101.2665,0.0,0.0,32569.30661033401
06-01-2040 12:00:00,17315.599840344454,9985.379831716085,0.0,371.94599999999997,3437.4990000000003,0.0,485.3271000000001,0.0,0.0,0.0,336.713,100.98,0.0,0.0,32755.161357067107
06-01-2040 13:00:00,17591.599657429528,9351.799673565798,0.0,369.04,3273.925,0.0,481.64895000000007,0.0,0.0,0.0,336.591,100.391,0.0,0.0,32257.757687799756
06-01-2040 14:00:00,18946.98232445166,7957.282537283668,0.0,373.543,2841.9759999999997,0.0,477.6480000000001,0.0,0.0,0.0,337.39599999999996,100.815,0.0,0.0,31829.93265047406
06-01-2040 15:00:00,19064.274273353396,6332.055714410017,0.0,369.92699999999996,2563.524,0.0,474.3375000000001,0.0,0.0,0.0,334.4055,100.6355,0.0,0.0,30071.309701923656
06-01-2040 16:00:00,20151.687493770034,4286.951721504076,0.0,373.32300000000004,2647.926,0.0,475.58730000000014,0.0,0.0,0.0,325.487,101.23100000000001,0.0,0.0,29336.79691677238
06-01-2040 17:00:00,23393.682495912653,1375.952479488869,0.0,371.983,2682.9590000000003,0.0,479.0325000000001,0.0,0.0,0.0,320.54900000000004,101.264,0.0,0.0,29687.330094609413
06-01-2040 18:00:00,26506.096723264185,13.390558435279504,0.0,365.564,3462.3379999999997,0.0,481.11990000000003,0.0,0.0,0.0,333.0985,101.0365,0.0,0.0,32014.598142880262
06-01-2040 19:00:00,27937.428640641094,2.3769881794382273,0.0,367.289,3670.81,0.0,480.8697,0.0,0.0,0.0,336.17,101.094,0.0,0.0,33622.254610199474
06-01-2040 20:00:00,34596.476014153035,2.5153644693961863,0.0,364.125,3639.447,0.0,480.8154,0.0,0.0,0.0,335.8725,100.7795,0.0,-5849.035365807544,34400.84866747771
06-01-2040 21:00:00,35894.46795973006,1.0377671100964116,0.0,364.13199999999995,3458.82,0.0,478.0585500000001,0.0,0.0,0.0,336.8535,99.9365,0.0,-6529.974454886622,34803.819516940945
06-01-2040 22:00:00,35653.61087455977,2.2605441660674406,0.0,366.20099999999996,3125.764,0.0,476.26125,0.0,0.0,0.0,330.8615,100.8115,0.0,-6474.705215111666,34230.4423232911
06-01-2040 23:00:00,34645.16851310704,1.644068384277905,0.0,358.522,2934.3070000000002,0.0,471.4480500000001,0.0,0.0,0.0,324.2105,100.6565,0.0,-7133.417181618148,32286.900556655226
07-01-2040 00:00:00,32501.6228255674,2.2930448253873426,0.0,364.735,2671.4190000000003,0.0,465.27180000000004,0.0,0.0,0.0,317.527,99.824,0.0,-6861.015520208544,30089.2191950634
07-01-2040 01:00:00,29063.66873769949,4.196704842295986,0.0,343.366,2279.6679999999997,0.0,444.5100000000001,0.0,0.0,0.0,295.478,96.92299999999999,0.0,-5062.090543285307,27940.770433067613
07-01-2040 02:00:00,28427.80024540454,2.390391164314199,0.0,339.8,2165.2729999999997,0.0,444.45960000000014,0.0,0.0,0.0,291.3495,93.2005,0.0,-6108.245728514954,26099.729220937592
07-01-2040 03:00:00,27177.323498405713,6.1544460298236885,0.0,338.95099999999996,2289.923,0.0,445.5048000000001,0.0,0.0,0.0,292.2335,93.1575,0.0,-6068.555833554994,25004.70869882479
07-01-2040 04:00:00,24630.64693399088,1.016727463629412,0.0,336.93199999999996,2259.903,0.0,444.8676000000001,0.0,0.0,0.0,292.177,91.26799999999999,0.0,-3884.9980967699667,24597.851290335177
07-01-2040 05:00:00,24644.45048874106,4.521192338267551,0.0,335.80699999999996,2100.145,0.0,442.75395000000003,0.0,0.0,0.0,293.6665,91.9185,0.0,-3703.206675216974,24640.018298225004
07-01-2040 06:00:00,24888.532454705328,1.9144761815152178,0.0,336.87699999999995,2138.614,0.0,445.62345000000005,0.0,0.0,0.0,296.2815,93.4675,0.0,-3602.795164659241,25048.144195064528
07-01-2040 07:00:00,24186.206506244842,11.129920851859657,0.0,346.94300000000004,2109.43,0.0,448.3960500000001,0.0,0.0,0.0,296.495,94.67200000000001,0.0,-1915.7784073298499,26054.362720878384
07-01-2040 08:00:00,22704.233044039134,221.90617706195601,0.0,350.194,2202.0570000000002,191.283751239931,459.51720000000006,0.0,0.0,0.0,298.9215,97.0075,0.0,0.0,27044.266849753225
07-01-2040 09:00:00,21111.12336842519,3108.3197325589595,0.0,349.147,2511.121,346.4255754567348,468.0828000000001,0.0,0.0,0.0,307.207,97.20200000000001,0.0,0.0,28897.351633383736
07-01-2040 10:00:00,19487.02443884705,8233.529215074592,0.0,346.004,3065.9559999999997,0.0,475.1478000000001,0.0,0.0,0.0,303.502,98.635,0.0,-880.0393734592253,31791.897343494045
07-01-2040 11:00:00,19358.65203168269,12457.028870223285,0.0,350.529,3275.901,0.0,478.44900000000007,0.0,0.0,0.0,303.877,98.94,0.0,-3861.435633210769,33170.16722224435
07-01-2040 12:00:00,18999.96158361007,13460.630007311645,0.0,352.26300000000003,3694.824,0.0,480.23625000000004,0.0,0.0,0.0,300.6835,98.4775,0.0,-4242.908467243495,33873.7255437413
07-01-2040 13:00:00,19326.66041088898,13074.079488199199,0.0,357.26300000000003,3275.53,0.0,480.4734000000001,0.0,0.0,0.0,304.9825,98.8075,0.0,-2875.681576430976,34838.67430327824
07-01-2040 14:00:00,18989.73406122945,11591.122953502823,0.0,359.463,3268.915,0.0,485.04900000000004,0.0,0.0,0.0,310.4115,99.3035,0.0,-758.5514739248938,35159.1558389346
07-01-2040 15:00:00,19408.42452952877,9136.778086908507,0.0,357.685,2712.862,487.86610189283965,482.8149,0.0,0.0,0.0,312.914,99.175,0.0,0.0,33747.257255255034
07-01-2040 16:00:00,18656.10565625483,5109.077137237719,0.0,359.481,2900.107,4274.184773425801,484.6398000000001,0.0,0.0,0.0,311.8145,99.9265,0.0,0.0,32867.96159058537
07-01-2040 17:00:00,17421.292789763473,1206.2497893499446,0.0,351.657,2847.587,8000.0,485.98965,0.0,0.0,0.0,310.844,99.34,0.0,0.0,33040.93281077569
07-01-2040 18:00:00,15717.685058918178,13.293170774475726,1712.0889136215883,349.639,3478.512,8000.0,489.0804,0.0,0.0,0.0,309.9725,98.4605,0.0,0.0,35901.084631048885
07-01-2040 19:00:00,14703.574363365633,2.1740661722291463,8905.811933231013,351.87800000000004,3854.991,2967.9487837554734,492.9678000000001,0.0,0.0,0.0,311.091,98.139,0.0,0.0,37479.471008686916
07-01-2040 20:00:00,13338.61977267128,5.25669731195704,15068.507412979638,347.176,4398.799,0.0,495.6088500000001,636.3659676897223,0.0,0.0,308.682,97.042,0.0,0.0,38843.27230844312
07-01-2040 21:00:00,11677.366406643578,0.6057099783324984,15068.507412979638,348.14,4898.954000000001,0.0,497.2438500000001,5218.257983318115,0.0,0.0,309.8305,99.0405,0.0,0.0,38893.9102889735
07-01-2040 22:00:00,11352.93065714824,5.700163546093334,15068.507412979638,342.656,4450.238,0.0,498.6216000000001,4373.411841913632,0.0,0.0,308.8005,98.8425,0.0,0.0,37194.48854729216
07-01-2040 23:00:00,10072.189740048823,1.64406994118821,15068.507412979638,342.074,3743.47,0.0,501.1461000000001,3477.087643961444,0.0,0.0,310.8395,99.4825,0.0,0.0,34217.348250001676
08-01-2040 00:00:00,8684.667555645161,2.184882421842226,15068.507412979638,345.05300000000005,2618.448,0.0,496.2424500000001,2716.562932696881,0.0,0.0,315.42400000000004,99.588,0.0,0.0,30864.820215021
08-01-2040 01:00:00,7345.780759569612,4.629354834398381,15068.507412979638,342.145,2447.6820000000002,0.0,493.02240000000006,1997.7089050378454,0.0,0.0,311.6135,99.4045,0.0,0.0,28580.677794721403
08-01-2040 02:00:00,6159.475649770996,2.3254936668122705,964.6250988930257,340.077,2372.6910000000003,0.0,490.95435000000015,15919.80043407045,0.0,0.0,316.3365,100.0105,0.0,0.0,27112.278284798012
08-01-2040 03:00:00,5813.489492024028,7.052194747728375,75.42494296481293,342.157,2285.527,0.0,491.4411000000001,16764.076512221407,0.0,0.0,332.069,99.615,0.0,0.0,26647.08863975765
08-01-2040 04:00:00,5914.670437873077,1.3844799504742822,74.79152936110324,335.861,2262.092,0.0,491.95365000000004,16533.85029534269,0.0,0.0,329.471,99.20700000000001,0.0,0.0,26481.723885778178
08-01-2040 05:00:00,6032.215306427197,7.0738272469545365,95.54800591343547,340.205,2365.639,0.0,491.69760000000014,17214.926563090135,0.0,0.0,330.61199999999997,99.12299999999999,0.0,0.0,27438.192744897355
08-01-2040 06:00:00,5633.803487544039,1.6981511892536116,105.34155470925423,338.31800000000004,2611.92,0.0,494.4550500000001,20875.985300518638,0.0,0.0,331.6895,98.5015,0.0,0.0,31026.17081715767
08-01-2040 07:00:00,5335.4316650421915,12.438687055042378,94.70020616693178,342.139,3271.7740000000003,0.0,510.5214,24562.0,0.0,0.0,330.5885,98.5535,1806.1528256070924,0.0,37016.67028804045
08-01-2040 08:00:00,4245.376278816814,215.7517310321133,89.94473172677304,338.601,4127.649,0.0,523.0242000000001,24562.0,0.0,0.0,329.0805,98.7345,5978.608164702644,0.0,41227.759969025865
08-01-2040 09:00:00,2830.0226626509952,4682.484252497831,97.61390874399628,336.20099999999996,4568.264,0.0,528.2482500000001,24562.0,0.0,0.0,330.3105,98.1985,4298.186629186788,0.0,43099.03547077929
08-01-2040 10:00:00,2943.5877447566354,13771.746554856078,119.24741951684958,343.69800000000004,4908.975,0.0,530.19915,20387.497958498374,0.0,0.0,330.2755,96.7185,0.0,0.0,44230.00331596947
08-01-2040 11:00:00,3377.674539539479,20537.289055338595,690.8008762057652,349.035,4761.4529999999995,0.0,528.7215000000001,12729.408833895122,0.0,0.0,327.8175,95.6825,0.0,0.0,44256.112600515975
08-01-2040 12:00:00,2912.5384487329297,23909.449564709426,2439.8507325416113,346.983,4607.061,0.0,525.0502500000001,7707.205474427884,0.0,0.0,325.42400000000004,96.079,0.0,0.0,43917.94885804879
08-01-2040 13:00:00,3008.3124543925,25792.688417342066,3020.135552137048,356.33099999999996,4443.677,0.0,519.8556000000001,5190.78425377808,0.0,0.0,324.97700000000003,97.045,0.0,0.0,43865.399217216385
08-01-2040 14:00:00,3213.950224731866,24801.411589052095,3454.7644773532784,358.56699999999995,3637.718,0.0,522.5709,4850.734845750637,0.0,0.0,325.6615,98.6055,0.0,0.0,42407.45711037
08-01-2040 15:00:00,3343.5891576439985,21173.36024633501,4259.833167668267,363.19699999999995,3160.4570000000003,0.0,524.0790000000001,7097.220165109032,0.0,0.0,328.2485,97.3855,0.0,0.0,41550.85845938652
08-01-2040 16:00:00,3286.6770511431464,13401.9714293337,5415.160091185359,361.715,3334.715,0.0,524.1955500000001,13188.717517041077,0.0,0.0,323.8105,97.2415,0.0,0.0,41238.85384822218
08-01-2040 17:00:00,3774.639866555068,3345.6066165707157,4541.0590628906875,361.45,4034.845,0.0,524.1903000000001,23431.419069355732,0.0,0.0,325.098,96.17399999999999,0.0,0.0,41663.18105682229
08-01-2040 18:00:00,5553.697232032951,34.68771250914862,1186.8709209818333,351.467,5270.615,0.0,527.12985,24562.0,0.0,0.0,326.9,96.615,4832.531294237015,0.0,43684.663806750534
08-01-2040 19:00:00,6779.339958903951,4.358948594071372,535.1760261866357,351.917,5906.0019999999995,0.0,528.5925000000001,24562.0,0.0,0.0,329.0225,96.9025,4908.681027896939,0.0,44919.96909661426
08-01-2040 20:00:00,7476.150673666158,6.554647265526679,506.0000211173011,353.834,5908.769,0.0,532.0521000000001,24562.0,0.0,0.0,329.0305,98.2585,4653.629952645755,0.0,45351.06988420666
08-01-2040 21:00:00,9063.617483946446,1.3195824527958,501.6148500146958,358.01,5671.303000000001,0.0,534.6879,24562.0,0.0,0.0,329.1025,96.5185,2584.3160837619143,0.0,44586.74204297163
08-01-2040 22:00:00,10928.574807656332,6.533014766300519,514.2733772642166,348.231,4072.028,0.0,534.6007500000001,23681.021084372158,0.0,0.0,331.76099999999997,97.801,0.0,0.0,41293.22512760289
08-01-2040 23:00:00,13342.773602258907,4.943026073177711,274.4922213737533,348.23199999999997,3186.8509999999997,0.0,528.9846000000001,18348.490241832616,0.0,0.0,333.7425,98.3245,0.0,0.0,37112.09929898855
09-01-2040 00:00:00,14402.02335285538,7.181989743085339,98.54941191255207,348.652,3127.9970000000003,0.0,515.6775,14497.329893404874,0.0,0.0,331.54699999999997,97.945,0.0,0.0,33972.189254970515
09-01-2040 01:00:00,16013.129089057054,7.376682236120786,94.32990282937843,341.865,2425.899,0.0,509.9784,11013.797848180813,0.0,0.0,324.393,97.54700000000001,0.0,0.0,31320.508101140003
09-01-2040 02:00:00,17897.223422822408,3.7099736172865527,90.82176594729411,344.149,2104.98,0.0,509.2399500000001,7866.83782778151,0.0,0.0,322.9915,98.2585,0.0,0.0,29702.332852275194
09-01-2040 03:00:00,19254.083073733804,5.473022304218647,79.05001774296673,343.662,2138.0370000000003,0.0,509.5114500000001,6010.611095345987,0.0,0.0,325.33099999999996,98.561,0.0,0.0,29216.095228403534
09-01-2040 04:00:00,21157.418843438114,4.423846091749854,70.87410984277575,345.224,1953.7579999999998,0.0,510.52215000000007,3988.3393737206156,0.0,0.0,323.3445,97.8745,0.0,0.0,28903.62823277614
09-01-2040 05:00:00,23039.997068080236,5.148534815826237,70.66946852465418,344.06,2083.265,0.0,506.4108000000001,2751.409330977564,0.0,0.0,326.009,97.514,0.0,0.0,29694.84356314065
09-01-2040 06:00:00,25022.758391240306,1.9469249303544593,89.06769750625196,347.075,2189.258,0.0,501.6015000000001,3661.1474842638786,0.0,0.0,325.301,97.764,0.0,0.0,32779.78044679553
09-01-2040 07:00:00,26260.00399405439,10.80543336346725,88.80458724009563,343.384,2905.092,0.0,509.6538000000001,7365.885492216009,0.0,0.0,322.193,96.70299999999999,0.0,0.0,38567.589987000334
09-01-2040 08:00:00,28254.27537015001,381.6297350983133,89.23335952568371,345.20300000000003,3431.453,0.0,521.3535,8517.069102943135,0.0,0.0,323.3675,97.0775,0.0,0.0,42688.74681990271
09-01-2040 09:00:00,29257.989888857544,4437.98292999415,91.21155893419237,343.319,3607.784,0.0,512.84865,4889.026435653137,0.0,0.0,313.7615,96.7395,0.0,0.0,44317.82362876242
09-01-2040 10:00:00,29523.77310046057,9872.120816853774,32.355917810535175,346.80800000000005,3842.278,0.0,506.71320000000003,0.0,0.0,0.0,307.77299999999997,96.104,0.0,0.0,45307.48707964238
09-01-2040 11:00:00,27834.535675168805,11401.213622110337,0.0,341.98400000000004,4108.741,0.0,504.52695000000006,0.0,0.0,0.0,305.334,97.18700000000001,0.0,0.0,45387.980291254025
09-01-2040 12:00:00,28169.813015277454,10742.720071874694,0.0,347.204,3753.0609999999997,0.0,504.85965000000004,0.0,0.0,0.0,293.268,96.315,0.0,0.0,44709.99335572476
09-01-2040 13:00:00,29603.107386373606,9566.700425125058,0.0,351.87800000000004,3858.635,0.0,505.80585000000013,0.0,0.0,0.0,286.947,96.439,0.0,0.0,45057.31030181007
09-01-2040 14:00:00,30472.311498301362,8038.013326417306,0.0,352.402,3430.8759999999997,0.0,512.5513500000001,0.0,0.0,0.0,298.5775,97.9425,0.0,0.0,43971.61075112947
09-01-2040 15:00:00,32123.603135726124,5576.042631988495,0.0,348.509,3757.401,0.0,512.6917500000001,0.0,0.0,0.0,309.4995,97.3595,0.0,0.0,43470.82196632421
09-01-2040 16:00:00,32752.810931543765,2685.2421289433228,0.0,351.585,4045.5959999999995,1801.6433419011555,510.0208500000001,0.0,0.0,0.0,305.416,97.834,0.0,0.0,43285.93067555189
09-01-2040 17:00:00,33212.06823187249,381.0781063680462,0.0,354.671,3999.585,3604.159695839371,516.39615,0.0,0.0,0.0,299.973,97.539,0.0,0.0,43219.130814277065
09-01-2040 18:00:00,33810.5407053917,9.031568426922075,0.0,351.224,4013.9990000000003,5307.235788026424,524.2981500000001,0.0,0.0,0.0,303.975,97.46700000000001,0.0,0.0,45237.83590951066
09-01-2040 19:00:00,33069.14787363083,8.566469693559622,1297.0460422678457,349.098,4412.0070000000005,4620.403622826154,525.1119,749.7014898156399,0.0,0.0,309.5545,97.4685,0.0,0.0,46307.804344698765
09-01-2040 20:00:00,30905.029731854964,10.13482588745627,100.15730798350738,353.582,4527.689,0.0,528.0360000000001,8857.282854385187,0.0,0.0,311.221,97.70100000000001,0.0,0.0,46573.17061953755
09-01-2040 21:00:00,28957.722929951662,4.910577324338469,97.25335023111536,356.814,4483.1179999999995,0.0,531.88125,9708.806470501808,0.0,0.0,308.264,97.60600000000001,0.0,0.0,45387.13773227675
09-01-2040 22:00:00,27943.940982550837,6.92239975237141,98.83201182805333,346.163,3849.005,0.0,529.95675,7881.826942019779,0.0,0.0,307.459,97.12200000000001,0.0,0.0,41794.14894503892
09-01-2040 23:00:00,27004.91249722602,5.689347296480253,95.64545416016006,334.634,3058.5290000000005,0.0,522.75915,5515.758524206391,0.0,0.0,308.14599999999996,97.741,0.0,0.0,37565.70775699144
10-01-2040 00:00:00,25635.65710718209,6.132813530616547,94.7196958162767,332.034,2927.215,0.0,506.45865000000003,3680.3662821672497,0.0,0.0,304.8015,98.4985,0.0,0.0,34126.04052422325
10-01-2040 01:00:00,22715.429819324207,8.89095718195203,92.72200675842312,329.329,2493.3,0.0,502.72020000000003,4319.037927818176,0.0,0.0,301.67400000000004,98.065,0.0,0.0,31349.97051002262
10-01-2040 02:00:00,19977.855004562432,3.569362372316509,92.08859315471344,332.912,2381.43,0.0,501.2316000000001,5598.788821173383,0.0,0.0,304.1065,98.5295,0.0,0.0,29754.850873896587
10-01-2040 03:00:00,19177.778693906734,5.440573555379405,90.12013857087724,332.536,2323.603,0.0,501.8133000000001,5959.647316108116,0.0,0.0,303.207,99.319,0.0,0.0,29246.157286324276
10-01-2040 04:00:00,21495.480236915955,4.002012356839722,90.69508322655219,335.27099999999996,2133.868,0.0,501.5253000000001,3655.904689223413,0.0,0.0,302.269,98.645,0.0,0.0,29070.622306102425
10-01-2040 05:00:00,22708.862591540423,5.0079235708561916,91.6988001678152,329.167,2163.113,0.0,503.7082500000001,3077.655230032116,0.0,0.0,306.434,99.195,0.0,0.0,29756.472009447592
10-01-2040 06:00:00,25722.485295489547,1.4169286993135233,95.74290240688461,329.19699999999995,2247.151,0.0,503.5885500000001,2634.7616047858533,0.0,0.0,310.0315,98.8345,0.0,0.0,32486.647668759542
10-01-2040 07:00:00,27332.399803094388,14.061124497004428,98.50068778918978,331.546,3350.902,0.0,504.8065500000001,5548.65108088409,0.0,0.0,308.714,97.764,0.0,0.0,38252.88397923859
10-01-2040 08:00:00,29795.93402620698,160.72946925037368,96.13269539378288,340.86400000000003,3432.9970000000003,0.0,509.7679500000001,6795.360611725096,0.0,0.0,305.53700000000003,98.552,0.0,0.0,42263.46210719331
10-01-2040 09:00:00,31102.661517793604,3277.1289402703046,89.81804900603109,339.295,3957.091,0.0,506.6257500000001,3185.0088471483996,0.0,0.0,291.759,98.885,0.0,0.0,43616.274801126485
10-01-2040 10:00:00,29754.015641822294,8828.282936755473,0.0,346.626,3862.192,0.0,504.0144,0.0,0.0,0.0,286.0125,97.9865,0.0,0.0,44466.22858190633
10-01-2040 11:00:00,27604.256084476077,11305.971652692115,0.0,341.272,3368.708,0.0,505.3630500000001,0.0,0.0,0.0,274.731,99.07600000000001,0.0,0.0,44322.5758101906
10-01-2040 12:00:00,27154.72833821052,11501.82006824938,0.0,341.647,3111.44,0.0,509.2380000000001,0.0,0.0,0.0,274.461,97.46700000000001,0.0,0.0,43834.523987585075
10-01-2040 13:00:00,41685.96761229714,15467.338126031178,0.0,346.825,2567.861,0.0,512.9757000000001,0.0,0.0,0.0,291.967,98.234,0.0,-12200.0,43806.466587646006
10-01-2040 14:00:00,53889.83579452467,16106.514211026828,0.0,349.845,2329.005,0.0,515.88795,0.0,0.0,0.0,292.343,99.9,0.0,-12200.0,42485.481419583324
10-01-2040 15:00:00,55991.54655481019,12960.41383284271,0.0,347.14300000000003,2233.3,0.0,513.624,0.0,0.0,0.0,277.8385,99.3385,0.0,-12200.0,41630.35399189131
10-01-2040 16:00:00,55804.658840185075,8239.11801508066,0.0,349.517,2391.2,0.0,523.7932500000001,0.0,0.0,0.0,268.3735,99.3825,0.0,-12200.0,41236.41098517411
10-01-2040 17:00:00,53292.98897547563,2276.1057337770912,0.0,350.32300000000004,2817.528,0.0,528.1735500000001,0.0,0.0,0.0,279.4725,99.0465,0.0,-12200.0,41480.31190759548
10-01-2040 18:00:00,51901.09806752799,24.68268118194874,0.0,348.147,3237.342,0.0,527.9923500000001,0.0,0.0,0.0,286.673,98.281,0.0,-12200.0,43347.66476722288
10-01-2040 19:00:00,51357.23734173836,5.213432309788353,0.0,349.195,3428.6929999999998,0.0,530.0190000000001,0.0,0.0,0.0,307.022,99.617,0.0,-12062.516895345587,44873.717630635874
10-01-2040 20:00:00,52878.81918993385,7.355049736690947,0.0,347.037,3043.157,0.0,532.9224,0.0,0.0,0.0,311.457,100.079,0.0,-12200.0,45276.32095326926
10-01-2040 21:00:00,54352.13304046646,3.1907936358552575,0.0,344.582,2722.1059999999998,0.0,535.1296500000001,0.0,0.0,0.0,316.98400000000004,100.087,0.0,-12200.0,44327.87072607702
10-01-2040 22:00:00,55892.333601836166,5.981386036033171,0.0,339.64599999999996,2247.22,0.0,531.7228500000001,0.0,0.0,0.0,322.6115,100.1645,0.0,-12200.0,40878.11696497807
10-01-2040 23:00:00,55013.16048587865,7.00892974927604,0.0,338.789,2092.285,0.0,525.8523000000001,0.0,0.0,0.0,320.026,100.27600000000001,0.0,-12200.0,36969.94602185887
11-01-2040 00:00:00,53945.11575531743,6.067916032938065,0.0,331.285,2353.192,0.0,503.7000000000001,0.0,0.0,0.0,306.0675,100.8925,0.0,-12200.0,33874.1451492717
11-01-2040 01:00:00,53175.787065910925,8.739529687368904,0.0,340.337,1901.494,0.0,498.0472500000001,0.0,0.0,0.0,301.561,99.667,0.0,-12200.0,31234.559645642286
11-01-2040 02:00:00,51699.22441151999,3.774871114965035,0.0,329.957,1629.031,0.0,496.7152500000001,0.0,0.0,0.0,303.684,100.169,0.0,-12200.0,29561.21854522216
11-01-2040 03:00:00,49323.566503175054,4.997107321243113,0.0,337.542,1694.099,0.0,498.63765,0.0,0.0,0.0,306.3115,100.9465,0.0,-12200.0,28900.26506469065
11-01-2040 04:00:00,47937.06150422907,4.521192338267578,0.0,339.01300000000003,1722.2220000000002,0.0,498.14340000000004,0.0,0.0,0.0,306.955,100.104,0.0,-12200.0,28889.368340575114
11-01-2040 05:00:00,48436.97914948768,5.332411059248602,0.0,335.702,1674.854,0.0,499.43430000000006,0.0,0.0,0.0,304.3315,99.9265,0.0,-12200.0,29628.61917150726
11-01-2040 06:00:00,45634.13428992071,1.8495786838367363,0.0,339.595,2174.2870000000003,0.0,502.02990000000005,0.0,0.0,0.0,303.47,99.46799999999999,0.0,-12200.0,32595.036092356986
11-01-2040 07:00:00,42151.921705759305,15.499685695544112,0.0,333.86400000000003,2849.2340000000004,0.0,516.5830500000001,0.0,0.0,0.0,310.183,99.545,0.0,-8899.812198400978,38038.605793699506
11-01-2040 08:00:00,42889.25353094009,325.12564711958163,0.0,345.86400000000003,3040.362,0.0,530.7051000000001,0.0,0.0,0.0,304.2915,98.8775,0.0,-6142.603732960059,42116.38962480286
11-01-2040 09:00:00,42847.98983646116,6197.840823290385,0.0,348.00300000000004,2694.925,0.0,527.56545,0.0,0.0,0.0,316.0485,98.9405,0.0,-10517.492665019865,43275.88283425587
11-01-2040 10:00:00,41326.690360059,15779.891458020571,0.0,349.481,2992.1659999999997,0.0,528.3435000000001,0.0,0.0,0.0,310.282,98.98100000000001,0.0,-12200.0,43986.01237179421
11-01-2040 11:00:00,42844.157019774626,22103.146695574622,0.0,351.19199999999995,2950.8140000000003,0.0,526.3960500000001,0.0,0.0,0.0,299.64099999999996,99.338,0.0,-12200.0,43912.0327176626
11-01-2040 12:00:00,46806.60877159516,25097.75519595127,0.0,356.731,2624.5559999999996,0.0,526.9233,0.0,0.0,0.0,286.973,99.053,0.0,-12200.0,43469.82317124518
11-01-2040 13:00:00,50028.619127482154,24568.970384867,0.0,352.077,2633.3379999999997,0.0,528.0804,0.0,0.0,0.0,289.55400000000003,98.586,0.0,-12200.0,43291.00462895152
11-01-2040 14:00:00,51250.86994695246,22283.86459410997,0.0,356.11,2479.263,0.0,527.87895,0.0,0.0,0.0,292.6265,98.4685,0.0,-12200.0,42033.50265291796
11-01-2040 15:00:00,51195.249627306606,19106.699432763755,0.0,355.226,2481.535,0.0,528.2946000000002,0.0,0.0,0.0,304.71,98.406,0.0,-12200.0,41265.7822563307
11-01-2040 16:00:00,48585.65066657178,12583.527453611137,0.0,361.16,2486.95,0.0,529.4907000000001,0.0,0.0,0.0,307.0995,99.1625,0.0,-12200.0,41056.62377904965
11-01-2040 17:00:00,43675.39478758816,3548.6925193059124,0.0,361.291,2869.272,0.0,532.93965,0.0,0.0,0.0,306.381,99.359,0.0,-11298.322512688508,41348.65583654976
11-01-2040 18:00:00,41728.401263335305,42.778267219732705,0.0,365.486,3477.685,0.0,536.8644,0.0,0.0,0.0,306.0625,98.2355,0.0,-4092.049667990621,43412.57863555515
11-01-2040 19:00:00,41335.40798751757,4.196704849875167,0.0,359.657,4221.017,0.0,538.5388500000001,0.0,0.0,0.0,314.7975,98.4115,0.0,-2698.904326974225,45056.70321295756
11-01-2040 20:00:00,40705.88235034933,6.208527277908108,0.0,360.98900000000003,4202.067,0.0,540.1507500000001,0.0,0.0,0.0,325.8265,99.0935,0.0,-1680.2235676169294,45450.23591391231
11-01-2040 21:00:00,38568.41601461475,1.0059112140164708,0.0,360.214,4243.323,0.0,541.3216500000001,0.0,0.0,0.0,331.1205,99.0175,0.0,-329.5842317945353,44657.59474312398
11-01-2040 22:00:00,35473.08972589971,5.083637318147754,0.0,353.153,3614.0429999999997,231.12563925241557,538.3150500000002,0.0,0.0,0.0,333.4915,99.7115,0.0,0.0,41376.222580731155
11-01-2040 23:00:00,33336.465499517704,4.482659797685283,0.0,353.841,2933.028,0.0,532.0140000000001,0.0,0.0,0.0,334.1735,99.4905,0.0,-833.4728109752577,37379.79200378052
12-01-2040 00:00:00,32325.424388751228,4.735099568445257,0.0,345.949,2357.909,0.0,511.78680000000014,0.0,0.0,0.0,330.64,99.88,0.0,-2200.311885449086,34315.42620685588
12-01-2040 01:00:00,31199.565714436234,8.685183818268907,0.0,344.31300000000005,2036.4189999999999,0.0,508.50495000000006,0.0,0.0,0.0,329.5475,100.3535,0.0,-3285.5643091600505,31730.128284695522
12-01-2040 02:00:00,30277.611335890582,4.402205630511538,0.0,355.17400000000004,1728.664,0.0,509.0524500000001,0.0,0.0,0.0,327.713,100.061,0.0,-3538.085521693629,30227.937137908186
12-01-2040 03:00:00,29383.2823249346,10.297068526503383,0.0,377.717,1746.861,0.0,506.1816000000001,0.0,0.0,0.0,330.17800000000005,100.67299999999999,0.0,-3454.8472061396897,29453.681608379226
12-01-2040 04:00:00,28119.213844868293,5.040372287129478,0.0,365.67900000000003,1921.835,0.0,508.4881500000001,0.0,0.0,0.0,331.14099999999996,100.334,0.0,-2407.2938167067477,29398.580483208912
12-01-2040 05:00:00,26126.973153741565,9.648094654867654,0.0,358.23800000000006,2050.591,143.64385649487303,510.92415,0.0,0.0,0.0,332.81,99.662,0.0,0.0,30105.059675827124
12-01-2040 06:00:00,24134.716810434733,3.0177336420494116,0.0,365.707,2754.615,4317.438093428485,513.2178000000001,0.0,0.0,0.0,330.45599999999996,98.75,0.0,0.0,33063.03091940517
12-01-2040 07:00:00,22906.60653861317,17.684568117386338,0.0,375.815,3978.5679999999998,8000.0,525.0148500000001,0.0,0.0,0.0,327.668,98.618,0.0,0.0,38823.19708534057
12-01-2040 08:00:00,21521.749148051105,454.83411247964096,1107.7673943778245,374.81800000000004,4763.295999999999,8000.0,535.61595,0.0,0.0,0.0,328.202,98.666,0.0,0.0,42913.81459623044
12-01-2040 09:00:00,19711.058475127043,7738.593948174453,1419.425969727101,385.11400000000003,4981.332,3268.9180416358577,536.5542,0.0,0.0,0.0,324.1245,97.2415,0.0,0.0,44226.74058537791
12-01-2040 10:00:00,16710.218272841896,19221.870858643833,0.0,392.69599999999997,5050.655,0.0,533.5135500000001,0.0,0.0,0.0,324.543,97.186,0.0,0.0,44972.96177839242
12-01-2040 11:00:00,14386.06581360626,23081.807426556126,0.0,388.407,4954.092000000001,0.0,530.9604,0.0,0.0,0.0,320.5655,97.4005,0.0,0.0,44683.10028673445
12-01-2040 12:00:00,14843.961800456324,22310.848175060266,0.0,391.94599999999997,4161.59,0.0,533.4538500000001,0.0,0.0,0.0,321.2005,97.0395,0.0,0.0,43826.843495221234
12-01-2040 13:00:00,15658.317612569906,21447.119620570436,0.0,401.847,3643.938,0.0,533.5221000000001,0.0,0.0,0.0,326.195,96.625,0.0,0.0,43360.79417963053
12-01-2040 14:00:00,15564.922201112258,20349.837202566476,0.0,416.971,3338.257,0.0,536.3245500000002,0.0,0.0,0.0,329.64300000000003,98.243,0.0,0.0,41908.54873864653
12-01-2040 15:00:00,17186.503518789475,18042.478358594544,0.0,431.19699999999995,3110.842,0.0,537.1861500000001,0.0,0.0,0.0,330.272,99.152,0.0,0.0,40960.309802182346
12-01-2040 16:00:00,18846.172367078565,10850.926509339866,0.0,432.24199999999996,3279.594,4899.015730048486,538.33455,0.0,0.0,0.0,330.7895,99.8985,0.0,0.0,40470.645771803036
12-01-2040 17:00:00,17991.106159703257,2366.1086841093875,918.201169238997,435.13699999999994,4117.433,8000.0,540.87075,0.0,0.0,0.0,329.795,98.87799999999999,0.0,0.0,40711.341250203535
12-01-2040 18:00:00,18701.004918529266,34.936486250249466,4197.0972071696015,437.221,4840.968,8000.0,541.54665,0.0,0.0,0.0,330.37,98.296,0.0,0.0,42997.266250025925
12-01-2040 19:00:00,19397.44047363598,5.516287302670968,13446.872021433628,436.76300000000003,5149.784000000001,2830.984269951514,542.9463000000002,0.0,0.0,0.0,328.7215,98.4725,0.0,0.0,44232.43539128667
12-01-2040 20:00:00,18159.924137049882,9.712992152546136,15068.507412979638,441.602,5380.185,0.0,541.2835500000001,3315.3333206590687,0.0,0.0,330.4975,98.8865,0.0,0.0,44187.90587034397
12-01-2040 21:00:00,16369.058911487247,1.2979499535696395,15068.507412979638,441.05199999999996,5391.851,0.0,540.7537500000001,4527.800160049879,0.0,0.0,330.414,100.118,0.0,0.0,43573.645036782946
12-01-2040 22:00:00,15183.600811632481,6.111181031390386,3310.8674199124994,435.879,4588.473,0.0,537.2451000000001,15618.096766889767,0.0,0.0,332.1955,100.3965,0.0,0.0,40828.52837026448
12-01-2040 23:00:00,15548.932831201897,3.4503836265726253,91.16283481083009,436.24199999999996,4004.302,0.0,531.2454,15993.465872906618,0.0,0.0,331.401,100.35,0.0,0.0,37671.94905016201
13-01-2040 00:00:00,16857.795251962045,3.6234436203819103,93.76470299837595,430.517,3370.03,0.0,509.1201000000001,12718.874837497611,0.0,0.0,331.7215,100.2815,0.0,0.0,34975.20010481918
13-01-2040 01:00:00,17164.629438651715,4.715884831303024,93.0630756219591,434.98800000000006,2675.667,0.0,502.97775000000007,10184.365219781486,0.0,0.0,338.2765,99.9335,0.0,0.0,32004.895136980223
13-01-2040 02:00:00,16924.47311238166,2.476921161395395,88.0737253896614,430.894,2100.409,0.0,502.6614,9039.484376669927,0.0,0.0,334.1835,99.5415,0.0,0.0,29997.26978529566
13-01-2040 03:00:00,17197.272196304937,6.132813530616547,90.5781453304827,430.056,2059.0679999999998,0.0,497.43885000000006,7996.820104681405,0.0,0.0,317.156,100.115,0.0,0.0,29153.7674395459
13-01-2040 04:00:00,15760.430053892518,2.887938646692448,89.26259399970108,430.30300000000005,2100.689,0.0,498.25005000000004,8801.344551999142,0.0,0.0,313.846,97.178,0.0,0.0,28549.485257007273
13-01-2040 05:00:00,13288.460539969308,3.580178621929589,84.79946429971604,429.325,2085.038,0.0,495.6817500000001,11152.165365299865,0.0,0.0,318.032,93.814,0.0,0.0,28412.644379327783
13-01-2040 06:00:00,12757.26927641875,1.600804942735889,83.10386480670859,426.691,1882.029,0.0,493.49850000000004,12565.495238294481,0.0,0.0,327.834,95.617,0.0,0.0,29126.02734768971
13-01-2040 07:00:00,12097.951321453978,10.740535865788766,80.73587241130168,417.50800000000004,2389.1620000000003,0.0,494.68620000000004,14493.404577885438,0.0,0.0,330.1155,94.7245,0.0,0.0,30950.549939976274
13-01-2040 08:00:00,12842.523341223256,199.43001036597508,90.25656611629165,425.76199999999994,2485.521,0.0,495.5512500000001,15627.362125903346,0.0,0.0,326.673,94.84299999999999,0.0,0.0,33194.22758191365
13-01-2040 09:00:00,14162.973167425234,2401.5967990899035,91.45517955100378,427.619,2793.47,0.0,497.6463000000001,14802.2880942142,0.0,0.0,317.226,94.63600000000001,0.0,0.0,36281.38525015766
13-01-2040 10:00:00,14523.474522977007,6757.062560785866,89.5062146165125,426.63800000000003,3754.006,0.0,497.6380500000001,11951.045005997636,0.0,0.0,310.7125,94.7015,0.0,0.0,39138.902632162804
13-01-2040 11:00:00,15232.564948112316,9643.162445044089,101.71647993110041,425.559,3944.905,0.0,498.4666500000001,8997.92623633593,0.0,0.0,291.5415,92.7605,0.0,0.0,39964.87193937985
13-01-2040 12:00:00,15482.50636642771,10124.636980320747,86.50480861739592,427.894,3919.603,0.0,497.43375000000003,8170.107298749155,0.0,0.0,288.918,94.26700000000001,0.0,0.0,39825.82664470282
13-01-2040 13:00:00,17718.929763455588,9268.995922178801,97.88676383482505,426.211,3551.72,0.0,495.10740000000004,7382.649659404556,0.0,0.0,288.453,94.79,0.0,0.0,40072.69902898319
13-01-2040 14:00:00,19066.05460145073,8033.974908858062,90.99717279139831,434.47900000000004,3241.534,0.0,496.0803000000001,7139.19873886614,0.0,0.0,292.7295,95.5925,0.0,0.0,39632.11433802392
13-01-2040 15:00:00,20393.00203818084,7864.462644921869,189.16653654172458,432.514,2577.931,0.0,496.79325000000006,5072.358930344271,0.0,0.0,296.5135,96.3505,0.0,0.0,38140.57960934799
13-01-2040 16:00:00,23038.53897333672,5743.569155790626,263.3441419484631,431.405,2142.71,0.0,496.9950000000001,3767.462669292439,0.0,0.0,298.47,96.21799999999999,0.0,0.0,36990.58109099271
13-01-2040 17:00:00,22619.22263962943,1701.688102877089,652.3380532235795,434.92400000000004,2293.4610000000002,0.0,494.14140000000003,7375.037798264107,0.0,0.0,297.057,95.751,0.0,0.0,36730.561438750214
13-01-2040 18:00:00,20231.006551888746,36.45076119608071,257.92601943057736,432.944,3471.119,0.0,496.73415,12387.860836325986,0.0,0.0,295.08099999999996,95.821,0.0,0.0,38492.07103527579
13-01-2040 19:00:00,19737.041181988934,3.742422366125794,109.1712708055296,428.38599999999997,4550.5509999999995,0.0,498.90765000000005,13351.872142304133,0.0,0.0,297.949,96.09,0.0,0.0,39886.08356123085
13-01-2040 20:00:00,21489.33458029143,2.9420198947578498,88.60969074664649,434.9,4251.5779999999995,0.0,498.88365,12195.36865668473,0.0,0.0,291.6315,95.8415,0.0,0.0,40158.47488078753
13-01-2040 21:00:00,21864.393677526466,0.8436674698202657,92.40042754423207,432.056,4045.993,0.0,498.4708500000001,11834.65934911765,0.0,0.0,293.02,95.72200000000001,0.0,0.0,39933.16419452067
13-01-2040 22:00:00,21422.614175993356,2.433656162943074,92.41017236890448,432.847,3219.906,0.0,494.26935000000014,11436.109666236845,0.0,0.0,292.815,95.97,0.0,0.0,38190.081530224226
13-01-2040 23:00:00,22008.15717808665,2.238963669907628,97.07794338701115,428.244,2721.075,0.0,491.5545000000001,8921.978917320012,0.0,0.0,294.057,96.306,0.0,0.0,35684.85014632147
14-01-2040 00:00:00,22551.0866844663,1.9036599319021383,77.93910773030667,431.095,2580.232,0.0,479.19270000000006,5861.665706226596,0.0,0.0,288.639,96.40899999999999,0.0,0.0,32922.868164609936
14-01-2040 01:00:00,22296.55826252807,3.353037380054902,70.91308914146558,428.42800000000005,2042.181,0.0,473.14095000000003,3932.1178486838858,0.0,0.0,280.5075,95.6915,0.0,0.0,30123.39509833949
14-01-2040 02:00:00,21643.973843235603,2.2822286683599495,72.79384030324967,426.749,1912.746,0.0,470.7333000000001,2713.191506190393,0.0,0.0,289.69,95.911,0.0,0.0,28094.958353920552
14-01-2040 03:00:00,20834.081499532054,3.580178621929589,84.34145754011057,431.42800000000005,1856.776,0.0,472.89435000000014,2411.994056234708,0.0,0.0,293.707,96.538,0.0,0.0,26934.56269498459
14-01-2040 04:00:00,21138.947064936718,2.228147420294548,90.2175868176018,430.93800000000005,1643.049,0.0,474.1339500000001,1660.5763143174518,0.0,0.0,291.171,96.28200000000001,0.0,0.0,26269.628541774968
14-01-2040 05:00:00,19938.83066514051,4.4130298421367735,89.13591127895914,433.871,1805.102,0.0,476.3919000000001,2591.9030344013504,0.0,0.0,291.7365,95.2615,0.0,0.0,26171.81321036799
14-01-2040 06:00:00,18425.993552926175,1.0383599628557116,86.97256020167382,425.101,1978.721,0.0,475.98840000000007,4463.467360420359,0.0,0.0,292.5935,95.3475,0.0,0.0,26708.862906426228
14-01-2040 07:00:00,16449.571267656345,9.712992152546136,86.1929742278773,423.861,2051.2929999999997,0.0,476.66610000000014,7336.650227451446,0.0,0.0,293.395,96.09100000000001,0.0,0.0,27716.784777739864
14-01-2040 08:00:00,15220.54050100996,290.297323365463,88.36607012983508,425.889,2244.069,0.0,477.07935000000015,9031.013267586244,0.0,0.0,290.64799999999997,95.435,0.0,0.0,28697.77154511204
14-01-2040 09:00:00,13247.87367992038,2942.1821385020457,85.36466413071851,426.658,2642.16,0.0,478.5835500000001,10147.736338634522,0.0,0.0,290.281,95.265,0.0,0.0,30970.106236026597
14-01-2040 10:00:00,11692.171676346956,7344.590423518776,90.50018673310306,429.772,3476.087,0.0,481.45200000000006,9555.864845152611,0.0,0.0,291.01,94.07700000000001,0.0,0.0,34123.837595188605
14-01-2040 11:00:00,10953.67956357186,10460.340919561922,363.5696637046777,427.48,3674.817,0.0,481.46445000000006,8290.904282540037,0.0,0.0,293.492,94.73100000000001,0.0,0.0,35753.927334774635
14-01-2040 12:00:00,11367.94091099328,13095.763402787396,817.912369233287,415.56,3552.0,0.0,481.7113500000001,5248.213556459794,0.0,0.0,294.6345,95.8795,0.0,0.0,36137.915497875416
14-01-2040 13:00:00,10450.192100148088,14268.363839591048,711.8594423229436,400.44800000000004,4126.531,0.0,483.57630000000006,5328.578424399901,0.0,0.0,289.363,95.65299999999999,0.0,0.0,36927.15816146
14-01-2040 14:00:00,9134.87461273827,14567.562936388078,650.8763295227112,384.755,4251.637,0.0,485.8104000000001,6279.8407161371815,0.0,0.0,288.092,95.661,0.0,0.0,36890.27007385565
14-01-2040 15:00:00,8079.755485977533,11524.71396273709,1238.801091661354,383.36800000000005,3516.133,0.0,483.9393000000001,8848.034363131246,0.0,0.0,285.7,95.03399999999999,0.0,0.0,35226.105612468964
14-01-2040 16:00:00,7121.860724369252,7067.683617174307,1979.5052150147687,385.724,3131.373,0.0,483.5151000000001,12487.326100946133,0.0,0.0,284.0665,94.7255,0.0,0.0,33864.283303334894
14-01-2040 17:00:00,6639.014777248235,2249.2391070400545,1830.5653147209441,382.69199999999995,3438.8459999999995,0.0,487.29705000000007,17302.29291840675,0.0,0.0,284.6475,94.8975,0.0,0.0,33537.967465250345
14-01-2040 18:00:00,7158.228005200207,60.19242909679204,751.6280718112384,378.86,4408.608,0.0,492.70770000000005,21730.034399531727,0.0,0.0,288.8535,95.6135,0.0,0.0,36158.539407287644
14-01-2040 19:00:00,8516.96732201438,3.147528637406376,207.83762061415118,383.222,5325.512,0.0,494.66175000000004,22470.136474462353,0.0,0.0,289.291,96.57600000000001,0.0,0.0,38589.483872725395
14-01-2040 20:00:00,9602.180441346178,2.4228399133299936,88.14193916236859,386.74,5157.217000000001,0.0,497.8075500000001,22851.18169049863,0.0,0.0,286.802,96.088,0.0,0.0,39775.513412069704
14-01-2040 21:00:00,10011.266906096977,0.8544837194333461,93.50159273221965,380.43199999999996,5264.43,0.0,498.19065,22712.652964728342,0.0,0.0,289.72700000000003,96.083,0.0,0.0,40121.844582751124
14-01-2040 22:00:00,10559.68070517239,2.0875361753245034,89.63289733725442,374.292,5041.498,0.0,498.3825000000001,20921.944916963952,0.0,0.0,290.457,95.01,0.0,0.0,38567.70084023443
14-01-2040 23:00:00,11190.080425661672,2.7797761505616445,85.82267089032395,375.899,3916.8509999999997,0.0,499.79445000000004,18362.55245218733,0.0,0.0,285.937,95.95,0.0,0.0,35414.31394447768
15-01-2040 00:00:00,11212.388888474916,2.6824299040439215,86.66072581215519,381.827,2905.96,0.0,492.03270000000003,16001.395137719965,0.0,0.0,268.881,96.51,0.0,0.0,31971.975446360317
15-01-2040 01:00:00,11793.901824990646,7.127908495019938,75.42494296481293,384.279,1927.7920000000001,0.0,490.3105500000001,13765.242387889091,0.0,0.0,276.873,95.323,0.0,0.0,29289.91306657262
15-01-2040 02:00:00,11853.053286548515,3.0177336420494116,67.01515927248302,382.352,1772.895,0.0,489.43230000000005,12444.686096949408,0.0,0.0,266.231,94.889,0.0,0.0,27823.21541418614
15-01-2040 03:00:00,12444.417064739928,10.048295890551627,69.67549640806362,381.10400000000004,1745.261,0.0,488.6853000000001,11400.22281923813,0.0,0.0,263.9405,96.2545,0.0,0.0,27339.947020229138
15-01-2040 04:00:00,14033.488939525672,5.819142291837217,84.92614702045796,383.50800000000004,1741.309,0.0,487.3065000000001,9843.679011924683,0.0,0.0,268.2255,95.8635,0.0,0.0,27386.404569065544
15-01-2040 05:00:00,14021.421948544863,10.037479640938544,79.46904520388235,372.79400000000004,1804.38,0.0,488.47125000000005,10610.831526157273,0.0,0.0,281.553,96.2,0.0,0.0,28225.903550703348
15-01-2040 06:00:00,14615.72125434988,3.7532386157388746,120.29011575680242,377.07599999999996,2492.87,0.0,495.23370000000006,12680.765336471803,0.0,0.0,280.4015,94.9055,0.0,0.0,31702.68392546049
15-01-2040 07:00:00,14986.402199729057,17.987423106552587,181.6922560179505,382.69800000000004,3596.816,0.0,509.57520000000005,17202.49580703902,0.0,0.0,286.7985,94.7475,0.0,0.0,37934.05891825148
15-01-2040 08:00:00,15557.700737789553,293.68280949435706,207.6719585947194,381.05800000000005,4612.805,0.0,529.3753500000001,19837.27581486811,0.0,0.0,288.4495,94.0975,0.0,0.0,42548.04877046363
15-01-2040 09:00:00,15653.064775165802,6381.706250463138,226.00197380360993,380.67199999999997,5235.664000000001,0.0,533.9827500000001,14643.598582342214,0.0,0.0,284.747,94.711,0.0,0.0,44222.93363236534
15-01-2040 10:00:00,14642.821704927619,17807.50561048861,502.9304013454774,379.66,5555.813,0.0,536.19195,4593.586161140672,0.0,0.0,282.388,93.99,0.0,0.0,45225.40881557944
15-01-2040 11:00:00,14399.784301737047,23190.525185734252,0.0,375.95,5130.123,0.0,533.0586000000001,0.0,0.0,0.0,284.316,93.868,0.0,0.0,45106.77093171653
15-01-2040 12:00:00,13463.577491255326,23656.449652935808,0.0,379.036,4557.593,0.0,533.53245,0.0,0.0,0.0,281.1155,92.3375,0.0,0.0,44538.836334268315
15-01-2040 13:00:00,14438.653956624838,22932.034235117735,0.0,374.501,3787.055,0.0,535.6311000000001,0.0,0.0,0.0,283.939,92.055,0.0,0.0,44186.784690318564
15-01-2040 14:00:00,15935.397704329218,20764.203368368195,0.0,394.522,2985.007,0.0,537.2421,0.0,0.0,0.0,287.0995,91.7865,0.0,0.0,42829.27375361131
15-01-2040 15:00:00,17559.91871480747,18402.07324181056,0.0,401.625,2806.7729999999997,0.0,537.6756000000001,0.0,0.0,0.0,284.60200000000003,88.301,0.0,0.0,42065.49162276032
15-01-2040 16:00:00,21275.61264353981,14247.180086343784,0.0,388.44599999999997,2630.085,0.0,538.7790000000001,0.0,0.0,0.0,289.6505,88.1665,0.0,0.0,41552.93528356763
15-01-2040 17:00:00,25586.80899946169,5013.656183151124,0.0,389.72,2761.759,5365.7611069016675,540.6552,0.0,0.0,0.0,285.5815,92.9405,0.0,0.0,41887.30955658596
15-01-2040 18:00:00,29208.979340873935,133.21293023469732,0.0,399.579,3531.046,8000.0,543.95415,0.0,0.0,0.0,284.7395,93.1315,0.0,0.0,43784.22935448786
15-01-2040 19:00:00,33574.76639860281,6.478933518235117,0.0,399.406,3971.7459999999996,5781.313319147346,543.1524000000001,0.0,0.0,0.0,281.7165,92.9195,0.0,0.0,45608.54549192567
15-01-2040 20:00:00,35644.68465822205,9.950949644033903,0.0,399.32099999999997,3965.475,4115.464489064332,542.3797500000001,0.0,0.0,0.0,280.967,92.53299999999999,0.0,0.0,45986.358981090896
15-01-2040 21:00:00,37120.75225657275,1.5359074450574066,0.0,394.255,3161.758,467.46108488665413,543.00315,0.0,0.0,0.0,285.04200000000003,92.679,0.0,0.0,45140.48147460385
15-01-2040 22:00:00,37198.53505764853,5.60767637568821,0.0,393.36800000000005,2310.861,0.0,541.1839500000001,0.0,0.0,0.0,286.18,93.738,0.0,0.0,41577.15745919949
15-01-2040 23:00:00,33517.606042572574,2.0212161314148247,0.0,394.1,1991.158,0.0,533.4100500000001,0.0,0.0,0.0,285.3085,95.4275,0.0,0.0,37454.36795903381
16-01-2040 00:00:00,30352.65486423899,1.8369264439488022,0.0,397.23900000000003,1959.6879999999999,0.0,514.3284,0.0,0.0,0.0,275.3525,96.0465,0.0,0.0,34151.95674558691
16-01-2040 01:00:00,28212.677398702202,4.552301401252624,0.0,396.495,1651.983,0.0,508.2817500000001,0.0,0.0,0.0,265.0115,95.3355,0.0,0.0,31627.060444344046
16-01-2040 02:00:00,26876.63141471104,1.79978679230577,0.0,396.14099999999996,1265.806,0.0,508.16415000000006,0.0,0.0,0.0,261.5295,95.8905,0.0,0.0,29870.090250555724
16-01-2040 03:00:00,33658.34754831699,7.594393601010588,0.0,389.64,1185.98,0.0,506.86800000000005,0.0,0.0,0.0,267.498,96.45,0.0,-7366.507124130109,29198.1719716072
16-01-2040 04:00:00,38991.923828148276,3.677476048167759,0.0,375.76800000000003,1186.228,0.0,507.6402000000001,0.0,0.0,0.0,274.887,96.51100000000001,0.0,-12200.0,29038.770972825903
16-01-2040 05:00:00,38837.72581841352,9.451164794250909,0.0,353.476,1611.6729999999998,0.0,508.7443500000001,0.0,0.0,0.0,280.39599999999996,95.663,0.0,-12200.0,29628.4383840181
16-01-2040 06:00:00,39104.45688433726,3.2123959189721045,0.0,344.37699999999995,2277.343,0.0,508.44615000000005,0.0,0.0,0.0,280.548,93.92399999999999,0.0,-10390.633701299452,32766.76635151057
16-01-2040 07:00:00,38547.91062864962,18.279454872009214,0.0,335.245,2743.647,0.0,515.4867,0.0,0.0,0.0,299.9455,93.6965,0.0,-4585.26214892057,38636.288116911404
16-01-2040 08:00:00,38493.26747329772,470.16073107937626,0.0,348.968,3619.3540000000003,0.0,529.725,0.0,0.0,0.0,312.485,93.866,0.0,-1953.9603637164146,42642.85209302333
16-01-2040 09:00:00,37315.51037745652,7860.114508481259,0.0,345.01199999999994,4187.594,0.0,531.13215,0.0,0.0,0.0,313.908,93.589,0.0,-7567.060382301475,43847.27434145061
16-01-2040 10:00:00,36264.87384726709,19325.663589603577,0.0,352.365,4362.755,0.0,529.6497,0.0,0.0,0.0,301.259,93.715,0.0,-12200.0,44374.73114086151
16-01-2040 11:00:00,36117.28139823801,25752.062583779647,0.0,355.709,3454.58,0.0,526.2921000000001,0.0,0.0,0.0,301.4025,93.3305,0.0,-12200.0,43994.91001778882
16-01-2040 12:00:00,35381.5120937054,29178.73699121541,0.0,375.329,3307.925,0.0,522.16605,0.0,0.0,0.0,297.295,94.029,0.0,-12200.0,43316.23750336542
16-01-2040 13:00:00,35889.300356479536,30005.606825387218,0.0,411.694,3047.123,0.0,525.2277,0.0,0.0,0.0,292.1765,93.4065,0.0,-12200.0,43098.21523124513
16-01-2040 14:00:00,37881.37878902194,28393.98563303827,0.0,416.207,2345.15,0.0,526.2763500000001,0.0,0.0,0.0,297.637,93.818,0.0,-12200.0,41647.68280751956
16-01-2040 15:00:00,38857.96191614922,24189.406553444787,0.0,410.241,2304.556,0.0,527.0589,0.0,0.0,0.0,295.9345,93.7555,0.0,-12200.0,40901.33997354016
16-01-2040 16:00:00,39455.98574513196,16508.939130691026,0.0,399.101,2505.744,0.0,528.1726500000001,0.0,0.0,0.0,300.8295,93.2275,0.0,-12200.0,40515.3315288475
16-01-2040 17:00:00,40284.899070131556,5045.326162018225,0.0,366.458,3007.47,0.0,527.9280000000001,0.0,0.0,0.0,308.7255,93.1665,0.0,-10630.949230922357,40558.024531613206
16-01-2040 18:00:00,42486.85032273251,123.26198059066343,0.0,373.49699999999996,3705.112,0.0,530.9758500000002,0.0,0.0,0.0,309.9505,93.6725,0.0,-6137.421977139653,42553.46086342634
16-01-2040 19:00:00,44685.92406209959,16.12702817310277,0.0,403.87199999999996,4066.344,0.0,531.7723500000001,0.0,0.0,0.0,310.911,94.165,0.0,-6396.02213107916,44620.515824281094
16-01-2040 20:00:00,44585.52824418936,11.595019585222113,0.0,400.723,3938.6079999999997,0.0,528.46545,0.0,0.0,0.0,320.0065,95.0445,0.0,-5521.215582354373,45246.3615647868
16-01-2040 21:00:00,44057.86038730019,1.4926424466050854,0.0,406.19,3310.3140000000003,0.0,524.4103500000001,0.0,0.0,0.0,328.8245,94.8905,0.0,-5083.462909415313,44482.99308761469
16-01-2040 22:00:00,44344.26190945408,5.754244794158735,0.0,389.75800000000004,2697.539,0.0,524.8206000000001,0.0,0.0,0.0,327.2445,94.3295,0.0,-7975.052976364968,41144.51663003271
16-01-2040 23:00:00,44562.051758531175,3.3314048808287415,0.0,375.501,2310.09,0.0,516.7341000000001,0.0,0.0,0.0,323.226,95.286,0.0,-11872.595301652786,36934.23193696201
17-01-2040 00:00:00,44302.42193880331,1.9685574295806199,0.0,387.39099999999996,1993.9170000000001,0.0,496.8118500000001,0.0,0.0,0.0,315.547,95.475,0.0,-12200.0,33825.44598436592
17-01-2040 01:00:00,44080.05282135401,5.721796045319494,0.0,382.435,1461.477,0.0,491.01105000000007,0.0,0.0,0.0,319.2785,95.0165,0.0,-12200.0,31246.44437710603
17-01-2040 02:00:00,41281.73308340484,2.812224899400886,0.0,362.26300000000003,1461.517,0.0,490.07205000000005,0.0,0.0,0.0,316.4015,95.3605,0.0,-12200.0,29750.52648179461
17-01-2040 03:00:00,40341.91173489058,9.19381217111828,0.0,353.82300000000004,1460.45,0.0,487.6003500000001,0.0,0.0,0.0,317.7145,95.2915,0.0,-12200.0,29076.381838396177
17-01-2040 04:00:00,38731.796110769385,4.261602347553649,0.0,347.69699999999995,1600.0,0.0,490.78515000000004,0.0,0.0,0.0,323.1165,96.1265,0.0,-12200.0,29081.881349177733
17-01-2040 05:00:00,38407.855417314284,8.966670929243595,0.0,363.17400000000004,1945.132,0.0,490.80645000000004,0.0,0.0,0.0,318.5085,95.6595,0.0,-12200.0,29855.225873437215
17-01-2040 06:00:00,38538.279478165234,3.8289523630304365,0.0,371.385,2185.093,0.0,496.5766500000001,0.0,0.0,0.0,313.9345,95.4565,0.0,-9809.605923286792,32733.64876182846
17-01-2040 07:00:00,37871.19533156922,18.4200730910758,0.0,391.25,2524.3579999999997,0.0,512.2953000000001,0.0,0.0,0.0,327.9925,94.5825,0.0,-4170.608358367594,38219.9118379274
17-01-2040 08:00:00,36274.57771979515,429.8161271245861,0.0,412.24699999999996,2923.172,264.29679592431785,524.0323500000002,0.0,0.0,0.0,331.6245,94.6395,0.0,0.0,41959.219826350825
17-01-2040 09:00:00,34841.8718589999,6729.3539663531055,0.0,417.01,3319.9959999999996,0.0,523.0809,0.0,0.0,0.0,327.1075,93.3405,0.0,-4040.3617678458504,42955.881166626285
17-01-2040 10:00:00,32826.388767215016,16916.230217236392,0.0,413.88199999999995,3697.177,0.0,522.5611500000001,0.0,0.0,0.0,322.753,94.29299999999999,0.0,-12127.426200682174,43492.97252564499
17-01-2040 11:00:00,31707.179663567626,24056.925150140287,0.0,404.56199999999995,2845.458,0.0,522.5181000000001,0.0,0.0,0.0,312.414,93.971,0.0,-12200.0,43106.33318469383
17-01-2040 12:00:00,31332.996328956047,28945.08674145886,0.0,420.845,2431.33,0.0,520.5294,0.0,0.0,0.0,318.08,94.928,0.0,-12200.0,42518.85010300038
17-01-2040 13:00:00,30673.28369751667,31036.317885416935,0.0,419.348,2395.889,0.0,526.14495,0.0,0.0,0.0,320.436,94.62100000000001,0.0,-12200.0,42238.252296203966
17-01-2040 14:00:00,29086.723602632246,30135.931711239282,0.0,424.145,2255.138,0.0,527.9874,0.0,0.0,0.0,321.1245,94.9265,0.0,-12200.0,40819.251665727796
17-01-2040 15:00:00,26997.38609234144,26652.666785632937,0.0,426.29699999999997,2369.894,0.0,529.0623000000002,0.0,0.0,0.0,327.6235,95.2935,0.0,-12200.0,40024.65307977899
17-01-2040 16:00:00,23230.377056179263,19456.551026184607,0.0,422.319,2655.7729999999997,0.0,528.30195,0.0,0.0,0.0,331.256,95.309,0.0,-9030.682569968165,39578.70428265969
17-01-2040 17:00:00,20091.017853635378,6526.470935284606,0.0,421.291,2961.055,6953.487100437545,536.2512,0.0,0.0,0.0,323.059,94.833,0.0,0.0,39630.10261221855
17-01-2040 18:00:00,18926.491341981946,173.24387005270762,2797.5000444343495,431.569,4045.945,8000.0,540.73815,0.0,0.0,0.0,314.2245,94.4055,0.0,0.0,41450.75092117249
17-01-2040 19:00:00,18486.746211364185,6.208527277908108,4863.015622943731,425.782,5099.74,8000.0,545.1523500000001,0.0,0.0,0.0,314.205,93.586,0.0,0.0,43756.64959063128
17-01-2040 20:00:00,17407.110207735703,8.826059684273547,13677.14024515171,423.4,5270.499,776.5128995304331,546.4552500000001,0.0,0.0,0.0,315.8975,95.1805,0.0,0.0,44397.28791404682
17-01-2040 21:00:00,15835.005605204067,1.081624961308033,15068.507412979638,420.474,5077.242,0.0,544.9332,5500.91268474318,0.0,0.0,317.122,95.882,0.0,0.0,43690.51336079818
17-01-2040 22:00:00,15428.479508411374,6.25179227636043,15068.507412979638,420.116,4169.085999999999,0.0,545.9539500000001,3543.00031859762,0.0,0.0,312.8125,95.6005,0.0,0.0,40318.71062674103
17-01-2040 23:00:00,16315.469095131435,3.115079888567135,15023.005164258031,422.58,3151.066,0.0,540.8295000000002,0.0,0.0,0.0,307.95799999999997,95.82,0.0,0.0,36482.698443186644
18-01-2040 00:00:00,17411.739755236995,3.201609885471778,11192.139097610176,418.50699999999995,2930.8509999999997,0.0,520.15515,0.0,0.0,0.0,311.4975,96.6985,0.0,0.0,33428.689239854364
18-01-2040 01:00:00,18190.911551068562,7.0738272469545365,8853.780048548313,414.423,2300.794,0.0,515.7469500000001,0.0,0.0,0.0,314.275,95.73299999999999,0.0,0.0,31186.77743785745
18-01-2040 02:00:00,17241.811769425145,3.7316061165127135,8477.830628860043,418.086,2008.734,0.0,516.0975000000001,0.0,0.0,0.0,314.997,95.17,0.0,0.0,29543.727913631385
18-01-2040 03:00:00,17212.270847274038,10.675638368110285,7946.980939540423,418.619,1937.535,0.0,515.1283500000001,0.0,0.0,0.0,303.8635,94.1595,0.0,0.0,28896.247192940675
18-01-2040 04:00:00,17722.453170116976,6.057099783324984,7442.188893929426,416.274,1935.604,0.0,517.2340500000001,0.0,0.0,0.0,304.1475,93.6705,0.0,0.0,28894.950805286873
18-01-2040 05:00:00,17511.636649481676,10.361967129330955,7983.370725184253,417.208,2076.612,0.0,518.634,0.0,0.0,0.0,304.82,93.6,0.0,0.0,29390.298109862655
18-01-2040 06:00:00,16309.547760775147,3.720789866899633,11600.729571474572,411.48,2547.692,0.0,521.7933000000002,0.0,0.0,0.0,304.216,91.301,0.0,0.0,32334.422370937154
18-01-2040 07:00:00,15253.987724728575,19.231291812056824,15068.507412979638,410.41,3424.031,0.0,530.5164000000001,2234.167381962452,0.0,0.0,305.9025,89.4635,0.0,0.0,37998.815434509845
18-01-2040 08:00:00,14788.592503025962,511.5545254506342,15068.507412979638,416.92699999999996,4196.869000000001,0.0,539.2549500000001,5095.179128831169,0.0,0.0,308.4845,90.1825,0.0,0.0,41742.18444560658
18-01-2040 09:00:00,14394.431204363289,9286.658857796961,12602.405878797712,417.54,4388.763,0.0,537.7788,0.0,0.0,0.0,310.1855,90.2875,0.0,0.0,42798.1292026999
18-01-2040 10:00:00,13494.148589437757,22234.66147462007,1142.913148122274,409.298,4346.693,0.0,535.3660500000001,0.0,0.0,0.0,281.6745,90.0815,0.0,0.0,43388.86608720762
18-01-2040 11:00:00,10743.78512380421,25683.47596368421,0.0,402.61300000000006,3755.022,0.0,530.9167500000001,0.0,0.0,0.0,272.532,90.46600000000001,0.0,0.0,42884.02037162696
18-01-2040 12:00:00,9218.3902579314,26759.376810836227,0.0,397.791,3331.455,0.0,527.7577500000001,0.0,0.0,0.0,276.317,90.594,0.0,0.0,42279.71624163591
18-01-2040 13:00:00,8954.32158025404,26756.128891075965,0.0,391.23,3113.2270000000003,0.0,530.47995,0.0,0.0,0.0,284.4565,90.6405,0.0,0.0,41735.78880918428
18-01-2040 14:00:00,9241.813015286867,25387.99278437134,0.0,396.17699999999996,2976.06,0.0,534.33765,0.0,0.0,0.0,282.36400000000003,90.62299999999999,0.0,0.0,40455.48343011906
18-01-2040 15:00:00,9957.01524219243,24110.30414187175,0.0,403.48199999999997,3152.683,0.0,533.5932,0.0,0.0,0.0,283.4855,89.8975,0.0,0.0,40006.573586880906
18-01-2040 16:00:00,9611.659990991679,17266.098236105874,0.0,418.039,3372.664,6794.871204716555,532.4877,0.0,0.0,0.0,285.4265,90.6445,0.0,0.0,39856.36299078963
18-01-2040 17:00:00,9919.546171766859,5144.749128461658,10461.5742338749,411.231,3736.91,8000.0,539.658,0.0,0.0,0.0,285.428,90.53,0.0,0.0,39935.4932284089
18-01-2040 18:00:00,9892.936909604043,147.38221722783257,15068.507412979638,412.338,4549.892,7713.093539327994,541.1067,2204.487093606949,0.0,0.0,296.1195,90.5225,0.0,0.0,41897.75096406212
18-01-2040 19:00:00,9268.535875977339,8.739529687368904,15068.507412979638,414.202,5806.441,0.0,543.6589500000001,11532.588136008311,0.0,0.0,319.657,89.72399999999999,0.0,0.0,43932.29542408726
18-01-2040 20:00:00,8765.47771896346,10.718903366562605,13734.761807319623,426.86,5879.931,0.0,544.6498500000001,13839.2389325182,0.0,0.0,322.6765,89.2185,0.0,0.0,44489.09187544366
18-01-2040 21:00:00,9455.00569525872,1.5467236946704874,78.59201098336126,429.564,5258.347,0.0,545.2057500000001,24562.0,0.0,0.0,316.983,90.96700000000001,2105.2660538106284,0.0,43664.73254405601
18-01-2040 22:00:00,10953.238654286024,6.165262279455787,73.60266075106357,425.31800000000004,3882.312,0.0,544.55745,23541.795107407946,0.0,0.0,311.084,90.512,0.0,0.0,40543.79625862323
18-01-2040 23:00:00,11573.779797848994,4.2399698483274895,82.14887198880787,421.204,3303.428,0.0,541.7959500000001,19614.850110554322,0.0,0.0,324.923,90.993,0.0,0.0,36571.06149043782
19-01-2040 00:00:00,13515.30063228201,2.5634511583000377,79.05001774296673,414.681,2759.57,0.0,522.5983500000001,15433.210046638162,0.0,0.0,326.4065,90.8825,0.0,0.0,33679.21010910126
19-01-2040 01:00:00,15011.955600181054,6.749339758562126,75.1618326986566,411.626,1997.0020000000002,0.0,519.0568500000002,12253.711224826051,0.0,0.0,323.171,87.16,0.0,0.0,31169.726871286624
19-01-2040 02:00:00,15227.881253856624,3.1691611366325363,85.85190536434133,412.055,1951.664,0.0,514.1887500000001,10624.312155841524,0.0,0.0,318.0195,82.9925,0.0,0.0,29681.15132877595
19-01-2040 03:00:00,16280.351057277021,10.069928389777786,81.72984452789225,420.58099999999996,1749.76,0.0,513.7572,8919.791645561063,0.0,0.0,313.28,78.35,0.0,0.0,28816.011398906176
19-01-2040 04:00:00,17420.368427313337,5.213432313504719,77.20824587987244,419.709,1751.825,0.0,514.62705,7754.692267266499,0.0,0.0,312.488,78.508,0.0,0.0,28784.70763596722
19-01-2040 05:00:00,18435.430558693217,9.669727154093815,77.83191465890967,420.14300000000003,1831.454,0.0,516.94095,7381.12107698046,0.0,0.0,307.827,77.60600000000001,0.0,0.0,29525.51822398185
19-01-2040 06:00:00,18085.406600118054,3.3097723816025804,78.57252133401634,414.63300000000004,2261.266,0.0,519.55005,10285.50564320496,0.0,0.0,308.72900000000004,77.898,0.0,0.0,32576.381129817484
19-01-2040 07:00:00,18992.44208884246,17.370896878607006,72.501495563076,411.708,3245.69,0.0,528.6450000000001,13700.92700209843,0.0,0.0,315.2565,76.7145,0.0,0.0,38019.9348355591
19-01-2040 08:00:00,18051.073690202455,192.44271311592524,79.05001774296673,410.73800000000006,3485.89,0.0,537.8763000000001,18065.52309869531,0.0,0.0,315.9895,76.4985,0.0,0.0,41937.799856801066
19-01-2040 09:00:00,17231.388519202937,4991.980418926512,78.54328685999899,411.031,3903.4640000000004,0.0,538.85265,14770.940979058609,0.0,0.0,318.0335,76.2685,0.0,0.0,43084.87080820217
19-01-2040 10:00:00,15280.790368157108,15164.72807752624,170.22259737846926,414.417,3882.615,0.0,538.2997500000001,7121.9964421401755,0.0,0.0,318.813,78.14399999999999,0.0,0.0,43759.876238123106
19-01-2040 11:00:00,14787.254304667193,22754.75002101542,198.8017627193367,407.48900000000003,3549.3959999999997,0.0,539.6590500000001,0.0,0.0,0.0,324.6665,83.5825,0.0,0.0,43561.83507545362
19-01-2040 12:00:00,14108.846702014635,23062.077501260093,0.0,396.082,3261.9790000000003,0.0,537.7588500000002,0.0,0.0,0.0,324.493,84.595,0.0,0.0,42915.57485631014
19-01-2040 13:00:00,14310.704296471626,22694.087837305444,0.0,412.56199999999995,2948.579,0.0,537.32415,0.0,0.0,0.0,329.4965,88.8515,0.0,0.0,42649.14543199802
19-01-2040 14:00:00,14352.357114616065,21196.758927848758,0.0,424.233,2449.911,0.0,533.51895,0.0,0.0,0.0,327.5835,89.1815,0.0,0.0,40875.920359785625
19-01-2040 15:00:00,15197.856501061551,19228.32183424602,0.0,420.94599999999997,2016.965,0.0,533.3646000000001,0.0,0.0,0.0,328.54900000000004,90.139,0.0,0.0,39574.28912482243
19-01-2040 16:00:00,17693.224106939517,15839.768156070457,0.0,410.69800000000004,2114.521,0.0,535.30395,0.0,0.0,0.0,325.863,88.13799999999999,0.0,0.0,38922.49703170487
19-01-2040 17:00:00,20111.481459173672,6639.230337500968,0.0,411.543,2287.467,6569.523139489171,538.15065,0.0,0.0,0.0,327.661,90.74799999999999,0.0,0.0,38764.53452103181
19-01-2040 18:00:00,22893.537832675935,202.242235265376,0.0,415.064,3123.5359999999996,8000.0,541.8948000000001,0.0,0.0,0.0,329.1175,91.1885,0.0,0.0,40404.82424611775
19-01-2040 19:00:00,25144.38747212639,5.170167315052397,884.5608733475274,412.37300000000005,3694.862,8000.0,543.4368000000002,0.0,0.0,0.0,330.3775,92.0225,0.0,0.0,42455.65408780589
19-01-2040 20:00:00,26484.658878064485,6.868318504306009,9144.61029606549,413.05400000000003,3568.0170000000003,1160.4768605108293,544.6357500000001,0.0,0.0,0.0,327.783,91.76,0.0,0.0,42598.906225517865
19-01-2040 21:00:00,25136.82626463681,1.4926424466050854,11012.101741881168,402.60400000000004,3515.219,0.0,544.0771500000001,0.0,0.0,0.0,324.11,91.978,0.0,0.0,41827.6485691889
19-01-2040 22:00:00,23833.653120714098,5.040372319695433,10065.083372705314,398.75300000000004,3241.948,0.0,540.7629000000001,0.0,0.0,0.0,313.2595,90.3705,0.0,0.0,39199.86112318581
19-01-2040 23:00:00,25444.112963488267,4.261602347553649,6164.223772318695,396.94800000000004,2501.521,0.0,535.2054,0.0,0.0,0.0,304.567,89.87,0.0,0.0,36068.40308028164
20-01-2040 00:00:00,25961.44652553746,3.028549891662492,3153.603811084082,399.499,2631.3720000000003,0.0,512.5593,0.0,0.0,0.0,310.6575,91.1925,0.0,0.0,33624.71086491339
20-01-2040 01:00:00,25640.445227321274,2.238963669907628,1451.0307240262773,400.00300000000004,2184.996,0.0,505.7512500000001,0.0,0.0,0.0,315.2075,91.3085,0.0,0.0,31099.977867595924
20-01-2040 02:00:00,25676.49935969168,3.875632335339795,0.0,399.97900000000004,1839.3029999999999,0.0,503.4730500000001,0.0,0.0,0.0,313.0285,90.5515,0.0,0.0,29304.182258541616
20-01-2040 03:00:00,24804.30949407615,3.4112583667333323,0.0,388.30300000000005,1588.43,0.0,502.1739,0.0,0.0,0.0,309.816,91.176,0.0,0.0,28150.340332083306
20-01-2040 04:00:00,24585.822795832337,2.8878366780498435,0.0,378.714,1188.62,0.0,501.1335000000001,0.0,0.0,0.0,307.9765,91.8375,0.0,0.0,27515.429177768994
20-01-2040 05:00:00,24569.68913459166,2.9898239659215715,0.0,379.06699999999995,1264.001,0.0,497.16435000000007,0.0,0.0,0.0,305.5995,91.5825,0.0,0.0,27573.810889085296
20-01-2040 06:00:00,24992.510307040884,2.5536508551996775,0.0,376.348,1410.48,0.0,494.06655000000006,0.0,0.0,0.0,305.503,91.45700000000001,0.0,0.0,28166.87085562974
20-01-2040 07:00:00,26321.486616293267,11.874384443454614,0.0,378.776,1982.514,0.0,496.75035000000014,0.0,0.0,0.0,311.555,91.417,0.0,0.0,30133.76545558843
20-01-2040 08:00:00,27427.39908649748,438.16994430451666,0.0,387.18699999999995,2418.947,0.0,495.9888000000001,0.0,0.0,0.0,320.6175,90.9725,0.0,0.0,32180.180883420748
20-01-2040 09:00:00,24580.936780104475,5601.5676480790025,0.0,407.848,2808.136,0.0,497.7865500000001,0.0,0.0,0.0,330.3915,90.9175,0.0,0.0,35004.500697739306
20-01-2040 10:00:00,33721.343004657894,18410.016380801797,0.0,413.814,3092.435,0.0,495.9966000000001,0.0,0.0,0.0,322.4755,91.9285,0.0,-12200.0,37291.44123222307
20-01-2040 11:00:00,34251.600514551945,25834.635811529875,0.0,414.871,2926.795,0.0,495.8092500000001,0.0,0.0,0.0,326.51599999999996,91.44,0.0,-12200.0,37725.90630387308
20-01-2040 12:00:00,36251.594674927175,28914.929587186514,0.0,412.27,2435.871,0.0,495.50115000000005,0.0,0.0,0.0,330.30199999999996,92.52799999999999,0.0,-12200.0,37051.20813828563
20-01-2040 13:00:00,40054.74399193684,28923.56738754804,0.0,411.24800000000005,2078.013,0.0,493.4257500000001,0.0,0.0,0.0,328.621,91.887,0.0,-12200.0,37068.87769741193
20-01-2040 14:00:00,43387.998445277655,26913.262172181232,0.0,405.741,1720.717,0.0,488.1937500000001,0.0,0.0,0.0,326.288,90.852,0.0,-12200.0,36313.88756719147
20-01-2040 15:00:00,44678.95069787544,23335.29056780958,0.0,403.923,1547.9279999999999,0.0,484.1247000000001,0.0,0.0,0.0,326.5845,91.4555,0.0,-12200.0,34835.291791675365
20-01-2040 16:00:00,46071.013508572345,16348.425985862248,0.0,415.634,1515.0420000000001,0.0,483.87945,0.0,0.0,0.0,327.7835,90.9775,0.0,-12200.0,33681.7697772349
20-01-2040 17:00:00,46323.50369350047,5690.93728516384,0.0,410.423,1851.585,0.0,483.57855000000006,0.0,0.0,0.0,324.443,90.78200000000001,0.0,-12200.0,33639.89180613331
20-01-2040 18:00:00,47197.66049950162,196.1310542339711,0.0,415.476,2168.873,0.0,485.03400000000005,0.0,0.0,0.0,325.3505,90.7135,0.0,-12200.0,35394.46675168553
20-01-2040 19:00:00,48750.47725459385,2.9852848932101614,0.0,416.298,3087.897,0.0,489.54795,0.0,0.0,0.0,321.5525,90.7415,0.0,-12200.0,37636.494614786585
20-01-2040 20:00:00,48873.019095054275,1.5791724435097276,0.0,414.991,3497.66,0.0,490.4157000000001,0.0,0.0,0.0,320.217,91.87,0.0,-12200.0,38029.84615626145
20-01-2040 21:00:00,49088.15188554041,3.125896138180215,0.0,416.77,3106.285,0.0,488.0022000000001,0.0,0.0,0.0,331.3285,91.9825,0.0,-12200.0,37730.64509363539
20-01-2040 22:00:00,48434.07456287659,2.8987548963055283,0.0,416.156,2346.673,0.0,485.46645,0.0,0.0,0.0,327.11400000000003,91.905,0.0,-12200.0,36103.98882838068
20-01-2040 23:00:00,47464.48023469236,1.7197836884797724,0.0,401.37,2036.2620000000002,0.0,481.64835000000005,0.0,0.0,0.0,326.459,91.15100000000001,0.0,-12200.0,33703.332963211265
21-01-2040 00:00:00,46233.90241792023,1.7630486869320938,0.0,388.88599999999997,1954.789,0.0,472.39665,0.0,0.0,0.0,319.0145,91.3125,0.0,-12200.0,30990.441480641333
21-01-2040 01:00:00,45998.87843044234,9.561564657963011,0.0,362.111,1666.1970000000001,0.0,472.28565000000003,0.0,0.0,0.0,311.2795,91.7005,0.0,-12200.0,28522.962690772554
21-01-2040 02:00:00,45604.183399486275,2.238963669907628,0.0,358.574,1220.866,0.0,472.3980000000001,0.0,0.0,0.0,311.449,91.53299999999999,0.0,-12200.0,26792.59057733481
21-01-2040 03:00:00,44999.58847509443,8.826059684273547,0.0,360.74,1116.7930000000001,0.0,472.1830500000001,0.0,0.0,0.0,307.7615,90.8415,0.0,-12200.0,25816.899097839767
21-01-2040 04:00:00,42874.541084244265,3.104263638954054,0.0,372.449,1310.223,0.0,472.07475000000005,0.0,0.0,0.0,302.091,92.28399999999999,0.0,-12200.0,25301.3043384588
21-01-2040 05:00:00,40639.21609280566,12.060118318584568,0.0,378.653,1477.58,0.0,472.3378500000001,0.0,0.0,0.0,301.499,92.255,0.0,-12200.0,25399.070195100234
21-01-2040 06:00:00,39542.1370990094,3.6234436203819103,0.0,369.537,1504.2079999999999,0.0,471.70785000000006,0.0,0.0,0.0,299.98900000000003,92.04799999999999,0.0,-12200.0,25834.387497486234
21-01-2040 07:00:00,38304.63623292456,16.45151566149518,0.0,368.019,1698.009,0.0,473.8911000000001,0.0,0.0,0.0,299.658,91.454,0.0,-12200.0,26936.466543481616
21-01-2040 08:00:00,36799.98301587542,517.7089714804769,0.0,377.806,1864.122,0.0,474.7692,0.0,0.0,0.0,299.217,90.079,0.0,-12200.0,27668.436400081562
21-01-2040 09:00:00,34976.15015213316,7946.785120727023,0.0,403.708,2269.098,0.0,478.54245000000003,0.0,0.0,0.0,298.3985,88.6315,0.0,-12200.0,29795.993791338515
21-01-2040 10:00:00,32695.66289989874,18666.74847975171,0.0,434.86400000000003,2655.1929999999998,0.0,478.64340000000004,0.0,0.0,0.0,299.483,90.43,0.0,-12200.0,32342.548880172395
21-01-2040 11:00:00,31979.630087324145,24822.762865788314,0.0,435.585,2655.691,0.0,475.4553000000001,0.0,0.0,0.0,310.5205,91.3115,0.0,-12200.0,33427.50779733257
21-01-2040 12:00:00,33138.71485016027,27378.491221864617,0.0,440.353,2279.107,0.0,475.4016000000001,0.0,0.0,0.0,312.0455,92.2765,0.0,-12200.0,33200.3181859468
21-01-2040 13:00:00,35249.93161288628,28332.765660228237,0.0,443.69699999999995,2117.824,0.0,474.71970000000005,0.0,0.0,0.0,316.85,92.387,0.0,-12200.0,33115.67727782444
21-01-2040 14:00:00,36233.69692022233,28087.550465250093,0.0,436.654,2116.598,0.0,473.2575000000001,0.0,0.0,0.0,308.1865,91.8785,0.0,-12200.0,33073.56495257023
21-01-2040 15:00:00,35389.38271122096,25186.945990260734,0.0,425.74,1903.6170000000002,0.0,471.9367500000001,0.0,0.0,0.0,300.9885,91.4705,0.0,-12200.0,31517.646442335823
21-01-2040 16:00:00,34051.82251062823,18601.69955457865,0.0,425.25,1964.995,0.0,472.5993000000001,0.0,0.0,0.0,300.0245,91.3135,0.0,-12200.0,30563.924362681686
21-01-2040 17:00:00,32013.641984338654,6741.908995077939,0.0,429.124,2402.058,0.0,475.5219,0.0,0.0,0.0,300.464,91.59899999999999,0.0,-12200.0,30215.503720134744
21-01-2040 18:00:00,31619.681802192328,246.22110619216062,0.0,439.853,3361.797,0.0,480.36315,0.0,0.0,0.0,299.052,91.85799999999999,0.0,-5256.760013865365,32367.614730753663
21-01-2040 19:00:00,31788.646749300904,2.271412418746869,0.0,435.199,4500.901,0.0,483.40245000000004,0.0,0.0,0.0,307.02099999999996,91.094,0.0,-2957.367841704254,35421.298814197995
21-01-2040 20:00:00,31302.401159528556,6.7926047570144465,0.0,440.42,5066.163,0.0,485.16735000000006,0.0,0.0,0.0,308.4845,91.5835,0.0,-1667.2377952903844,36799.45635175133
21-01-2040 21:00:00,29866.730907586392,0.8112187209810247,0.0,422.478,5111.973,128.46609201513638,485.61585000000014,0.0,0.0,0.0,309.597,91.959,0.0,0.0,37150.21681591733
21-01-2040 22:00:00,28586.02866674012,5.819142291837217,0.0,426.34,4919.73,195.34052133829755,483.76815,0.0,0.0,0.0,306.137,91.94,0.0,0.0,35670.46452125757
21-01-2040 23:00:00,28607.993474432984,1.3333186201181668,0.0,419.81800000000004,3286.137,0.0,485.91345,0.0,0.0,0.0,294.88599999999997,90.691,0.0,-869.9532441413648,32886.6247369207
22-01-2040 00:00:00,29709.35119226481,1.102399317786444,0.0,420.19300000000004,2717.7459999999996,0.0,483.6432000000001,0.0,0.0,0.0,296.262,90.29799999999999,0.0,-4325.636403059241,29894.512557194084
22-01-2040 01:00:00,30768.91115659324,7.268205135556652,0.0,416.749,2261.489,0.0,483.34005000000013,0.0,0.0,0.0,305.8675,91.1105,0.0,-6899.24462144911,27895.886404970242
22-01-2040 02:00:00,30825.635747767636,3.0393585763975612,0.0,415.151,2095.221,0.0,482.8273500000001,0.0,0.0,0.0,306.573,91.025,0.0,-7788.74503855392,26870.76517079837
22-01-2040 03:00:00,31298.14622061858,7.484843675537239,0.0,436.1,1843.007,0.0,484.3225500000001,0.0,0.0,0.0,304.9545,90.7875,0.0,-8587.947596951766,26308.860914886925
22-01-2040 04:00:00,31599.225677346014,2.325493648078441,0.0,442.314,1624.22,0.0,484.0675500000001,0.0,0.0,0.0,301.84,91.272,0.0,-8727.793693276548,26250.997014650715
22-01-2040 05:00:00,30713.71763102072,9.161363417906431,0.0,443.01800000000003,1756.5729999999999,0.0,488.07060000000007,0.0,0.0,0.0,301.449,91.037,0.0,-6964.610893737976,27291.36242846462
22-01-2040 06:00:00,30361.315096691997,4.358948593950127,0.0,440.342,2394.5679999999998,0.0,491.62500000000006,0.0,0.0,0.0,307.783,91.147,0.0,-4159.412092484286,30455.7933566614
22-01-2040 07:00:00,30051.16635595242,17.057225639827678,0.0,437.52,3197.453,905.1333810852811,505.3056000000001,0.0,0.0,0.0,315.875,89.823,0.0,0.0,36161.17793745363
22-01-2040 08:00:00,29929.39804055502,603.763053402144,0.0,442.06699999999995,3547.532,3747.370499161214,517.3836000000001,0.0,0.0,0.0,317.745,89.844,0.0,0.0,39898.90124541646
22-01-2040 09:00:00,28376.53817401504,7454.661233553241,0.0,437.70599999999996,3187.757,0.0,517.6957500000001,0.0,0.0,0.0,316.404,89.652,0.0,0.0,41118.77115240883
22-01-2040 10:00:00,26134.63969146703,16397.449684987772,0.0,436.026,3278.7070000000003,0.0,517.2654,0.0,0.0,0.0,315.9195,90.4315,0.0,-6278.004381922612,41701.82568459915
22-01-2040 11:00:00,25839.851035337877,23974.806363642558,0.0,439.901,3042.895,0.0,513.8580000000001,0.0,0.0,0.0,316.5345,90.3195,0.0,-12200.0,41312.61216787631
22-01-2040 12:00:00,24307.713674396604,27508.988327908424,0.0,439.223,2816.534,0.0,512.3566500000001,0.0,0.0,0.0,314.1875,89.0815,0.0,-12200.0,40846.729504127485
22-01-2040 13:00:00,23819.166140028432,28785.647788421917,0.0,443.61400000000003,2684.78,0.0,514.7392500000001,0.0,0.0,0.0,315.2815,89.9765,0.0,-12200.0,40534.90754040588
22-01-2040 14:00:00,23489.001260848338,28238.24079976308,0.0,443.661,2343.1639999999998,0.0,513.7333500000001,0.0,0.0,0.0,318.272,90.48100000000001,0.0,-12200.0,39387.911731129905
22-01-2040 15:00:00,22880.91660224384,25211.443507531796,0.0,441.971,2405.643,0.0,512.6077500000001,0.0,0.0,0.0,318.3225,90.6755,0.0,-12200.0,38571.02346133162
22-01-2040 16:00:00,22738.36475928113,18437.35739458385,0.0,437.275,2346.8289999999997,0.0,512.2581000000001,0.0,0.0,0.0,321.004,90.208,0.0,-8602.769773850192,37908.029983700144
22-01-2040 17:00:00,22469.599686717986,6706.626388840071,0.0,447.13,2944.055,3075.634273395339,517.1187000000001,0.0,0.0,0.0,319.925,90.133,0.0,0.0,38050.69735200271
22-01-2040 18:00:00,23901.820016879745,247.1945686573378,0.0,447.409,4082.3309999999997,8000.0,521.1108,0.0,0.0,0.0,322.9265,90.5835,0.0,0.0,39548.37811132884
22-01-2040 19:00:00,25230.623913760744,4.813231077820746,0.0,452.374,4433.513,8000.0,521.42295,0.0,0.0,0.0,323.4445,90.6495,0.0,0.0,41734.00957757795
22-01-2040 20:00:00,24840.2954317846,7.54974222993007,1254.706360011307,446.668,4416.491,4654.365720030324,523.28025,0.0,0.0,0.0,325.5835,91.2895,0.0,0.0,42412.8063369013
22-01-2040 21:00:00,24136.472712327457,0.8652999690464263,6361.894294819205,452.745,3915.5040000000004,0.0,526.7583000000001,0.0,0.0,0.0,321.786,91.512,0.0,0.0,41616.88011607836
22-01-2040 22:00:00,22587.419156669424,6.089548532164224,8438.007126886612,449.815,3198.973,0.0,527.8137,0.0,0.0,0.0,323.3765,90.8285,0.0,0.0,38636.573061801726
22-01-2040 23:00:00,21452.425831916462,3.1367123877932954,9162.286631264862,448.082,2276.061,0.0,523.7218500000001,0.0,0.0,0.0,321.5435,90.1855,0.0,0.0,34872.2628332099
23-01-2040 00:00:00,20916.10222957375,2.8014086497878052,7070.422458771973,443.033,2413.917,0.0,502.45125000000013,0.0,0.0,0.0,324.2555,91.0665,0.0,0.0,32279.34914507073
23-01-2040 01:00:00,19809.110512096777,8.025657212905603,6661.076229760103,444.675,1981.8,0.0,496.8090000000001,0.0,0.0,0.0,324.112,90.23899999999999,0.0,0.0,30283.914673211148
23-01-2040 02:00:00,18483.90737438344,1.611621192348969,6812.384658401039,441.809,1712.001,0.0,496.8232500000001,0.0,0.0,0.0,322.4645,91.2035,0.0,0.0,28808.179878310657
23-01-2040 03:00:00,17916.476461637307,10.45931337584868,6907.505510349547,437.245,1628.019,0.0,496.51020000000005,0.0,0.0,0.0,320.39599999999996,91.44,0.0,0.0,28244.986674559786
23-01-2040 04:00:00,17663.82770560186,2.2822286683599495,6993.588917516343,439.966,1698.797,0.0,493.15170000000006,0.0,0.0,0.0,320.9345,91.3145,0.0,0.0,28142.161000166023
23-01-2040 05:00:00,16865.178548687163,11.1623696006989,8375.321038656271,437.265,1787.1,0.0,493.15755000000007,0.0,0.0,0.0,320.4085,91.2485,0.0,0.0,28839.7332470217
23-01-2040 06:00:00,16380.889977323885,3.6450761196080714,11061.166975826607,434.844,2242.6420000000003,0.0,497.23395000000005,0.0,0.0,0.0,325.2025,91.1595,0.0,0.0,31567.931031683635
23-01-2040 07:00:00,15776.631536334387,19.231291812056824,15068.507412979638,426.48699999999997,3114.4959999999996,0.0,505.1634000000001,977.1843982738774,0.0,0.0,320.1645,88.5745,0.0,0.0,36944.85189998305
23-01-2040 08:00:00,14303.24420232655,600.6263410143507,15068.507412979638,433.06,4098.987,0.0,510.5586000000001,4386.758205429935,0.0,0.0,305.312,82.56200000000001,0.0,0.0,40495.51446730355
23-01-2040 09:00:00,12448.915112980534,6995.0092360240205,15068.507412979638,432.152,4655.683,0.0,513.80415,147.54082372123776,0.0,0.0,311.759,84.889,0.0,0.0,41398.79646548951
23-01-2040 10:00:00,11285.591432799867,15724.858379989217,7905.223209999132,434.244,4820.409000000001,0.0,509.54820000000007,0.0,0.0,0.0,315.2915,83.7555,0.0,0.0,41941.151121183575
23-01-2040 11:00:00,10157.467010605213,21465.658575878897,2872.3879740152315,435.726,4696.534000000001,0.0,512.7925500000001,0.0,0.0,0.0,309.089,81.562,0.0,0.0,41647.49309225315
23-01-2040 12:00:00,9270.063283331137,24893.042315963583,0.0,437.477,4276.573,0.0,513.9484500000001,0.0,0.0,0.0,312.4675,81.8475,0.0,0.0,41026.55465330522
23-01-2040 13:00:00,8412.19274151433,25562.92276093772,0.0,426.401,4108.266,0.0,511.14495000000005,0.0,0.0,0.0,321.313,82.132,0.0,0.0,40682.62207877638
23-01-2040 14:00:00,8131.847124656786,24947.404646584117,0.0,427.986,3511.219,0.0,510.2811000000001,0.0,0.0,0.0,325.2465,82.9245,0.0,0.0,39297.248665266554
23-01-2040 15:00:00,8155.286340741727,23825.48301896308,0.0,434.444,3315.191,262.18718743730005,510.5257500000001,0.0,0.0,0.0,329.29699999999997,86.161,0.0,0.0,38442.10263803861
23-01-2040 16:00:00,7884.324378842771,17321.48825037446,2726.932332678295,436.74800000000005,3328.89,3717.279660365446,511.6408500000001,0.0,0.0,0.0,332.0245,87.9355,0.0,0.0,38013.05635518426
23-01-2040 17:00:00,7883.879601931618,6210.701344080338,15068.507412979638,440.68199999999996,3517.612,0.0,516.7302000000001,2447.730537285479,0.0,0.0,332.2465,88.0265,0.0,0.0,38009.22708272852
23-01-2040 18:00:00,7787.3668798370045,258.0216345200312,15068.507412979638,447.52,4660.076,0.0,521.8827,9409.548069062312,0.0,0.0,330.775,89.41799999999999,0.0,0.0,39613.90613633729
23-01-2040 19:00:00,7693.402922824557,7.960759715227122,15068.507412979638,448.6,5487.793000000001,0.0,522.6640500000001,11551.326467982439,0.0,0.0,332.2505,89.6525,0.0,0.0,42083.30849021115
23-01-2040 20:00:00,6769.5509992333,7.787699721417837,15068.507412979638,458.19199999999995,5910.925,0.0,524.54145,12872.51831943175,0.0,0.0,334.838,90.648,0.0,0.0,42892.78819286081
23-01-2040 21:00:00,5690.545418531057,0.9301974667249082,1678.2917231155097,449.56300000000005,5791.805,0.0,526.6264500000001,24562.0,0.0,0.0,336.88699999999994,91.53,2033.0977263855748,0.0,41972.16696330645
23-01-2040 22:00:00,5048.670453734063,5.786693542997977,180.18180819371975,449.829,4967.497,0.0,527.7990000000001,24562.0,0.0,0.0,335.1675,90.8075,1960.0250147957486,0.0,38832.54818802098
23-01-2040 23:00:00,6126.964391378462,3.3963023785072233,181.46812505048402,442.55699999999996,4195.835,0.0,524.6998500000001,22516.48402308884,0.0,0.0,333.3275,90.3165,0.0,0.0,35015.99595492081
24-01-2040 00:00:00,8154.365845916908,2.704062403270082,184.23565525746162,440.62199999999996,3899.583,0.0,506.4663000000001,18485.436801166506,0.0,0.0,333.958,90.679,0.0,0.0,32627.301079312416
24-01-2040 01:00:00,9920.884370125628,7.960759715227122,184.90804815986112,445.815,3095.697,0.0,502.7352,15297.43792604355,0.0,0.0,334.8625,89.3345,0.0,0.0,30365.462850500353
24-01-2040 02:00:00,10607.399466301,2.9420198947578498,188.9911296976204,440.733,2397.495,0.0,502.80300000000005,13781.13506181646,0.0,0.0,337.3635,90.8805,0.0,0.0,28812.269544269293
24-01-2040 03:00:00,12511.245762546807,11.302980845668943,187.50017152273455,439.228,1981.5770000000002,0.0,502.0423500000001,11766.342752393168,0.0,0.0,339.33099999999996,91.069,0.0,0.0,28282.39740912352
24-01-2040 04:00:00,13753.194397743162,2.5634511583000377,184.713151666412,436.467,1701.34,0.0,501.10095000000007,10526.54713972328,0.0,0.0,335.48699999999997,91.456,0.0,0.0,27985.830040784105
24-01-2040 05:00:00,15546.83657828151,9.886052146355421,183.68020025113162,424.954,1781.6629999999998,0.0,498.47670000000005,9291.352245457141,0.0,0.0,339.3265,91.7015,0.0,0.0,28639.286420375982
24-01-2040 06:00:00,16454.13119790198,2.9852848932101708,194.1558867740223,416.555,2181.845,0.0,502.47885000000014,10966.994372948391,0.0,0.0,337.18800000000005,90.205,0.0,0.0,31694.477066230058
24-01-2040 07:00:00,17519.244268475028,20.226386776460217,183.63147612776933,429.35900000000004,2826.853,0.0,512.20005,14513.412331585392,0.0,0.0,333.0105,90.0305,0.0,0.0,37094.201709551795
24-01-2040 08:00:00,18805.782755920674,641.2954395595327,178.96370510966267,433.898,3250.151,0.0,518.2284000000001,15647.180991174979,0.0,0.0,321.1455,88.5935,0.0,0.0,40609.135312346705
24-01-2040 09:00:00,18847.510565437336,8092.2312292741135,190.14101900897026,426.836,3593.99,0.0,517.67115,8783.338855140799,0.0,0.0,323.978,89.71799999999999,0.0,0.0,41620.36566911022
24-01-2040 10:00:00,18272.27214898848,17684.156032545543,0.0,428.412,3637.361,0.0,515.0322,0.0,0.0,0.0,323.8805,90.1135,0.0,0.0,41793.44141869244
24-01-2040 11:00:00,15835.802973247359,20085.836365036805,0.0,410.38199999999995,3122.127,0.0,512.9362500000001,0.0,0.0,0.0,320.3575,90.4245,0.0,0.0,41443.838589642255
24-01-2040 12:00:00,14714.856172580658,20837.965832922084,0.0,427.189,2694.8379999999997,0.0,510.3760500000001,0.0,0.0,0.0,317.6815,88.3865,0.0,0.0,40909.84516932678
24-01-2040 13:00:00,14531.580060025168,21021.32720278282,0.0,443.452,2277.12,0.0,510.4072500000001,0.0,0.0,0.0,322.3955,89.4445,0.0,0.0,40631.46591517522
24-01-2040 14:00:00,14382.500429563977,20139.965926829536,0.0,427.782,2101.698,0.0,508.89720000000005,0.0,0.0,0.0,328.142,90.36,0.0,0.0,39462.44751138561
24-01-2040 15:00:00,16195.215379843909,20398.24284487726,0.0,424.42400000000004,2068.863,0.0,505.9374,0.0,0.0,0.0,328.50800000000004,89.977,0.0,-2852.0619370575105,38710.7755383737
24-01-2040 16:00:00,19066.1882141554,16638.238772615296,0.0,428.93,2301.906,0.0,508.5066000000001,0.0,0.0,0.0,314.698,89.807,0.0,-2521.6199991729154,38387.195320032646
24-01-2040 17:00:00,18805.786623545988,5366.341634284835,0.0,442.092,2846.434,8000.0,514.1098500000002,0.0,0.0,0.0,318.968,89.803,0.0,0.0,38526.896806337
24-01-2040 18:00:00,18818.5265813315,157.09520938037872,2325.8387519853386,451.54,3602.159,8000.0,517.7136000000002,0.0,0.0,0.0,319.1135,88.3305,0.0,0.0,40207.190041294234
24-01-2040 19:00:00,17495.435167039814,4.423846091749854,5061.670752398237,449.38599999999997,5145.367,7730.0,521.5443,0.0,0.0,0.0,310.744,88.35600000000001,0.0,0.0,42674.011151572784
24-01-2040 20:00:00,15905.949456345426,6.468117268622036,15068.507412979638,443.585,5589.463000000001,0.0,524.0602500000001,253.56261753894069,0.0,0.0,317.649,88.214,0.0,0.0,43277.68922118465
24-01-2040 21:00:00,14831.65464327608,0.8761162186595066,15068.507412979638,444.29900000000004,5247.724,0.0,526.74405,4964.885947660066,0.0,0.0,318.798,89.896,0.0,0.0,42323.00256959758
24-01-2040 22:00:00,14578.441213944734,5.721796045319494,7593.05988479507,448.171,4280.548,0.0,527.5251000000001,10516.478034597274,0.0,0.0,320.001,89.235,0.0,0.0,39078.13422839691
24-01-2040 23:00:00,14934.688181650708,3.428751127346464,100.16705280817986,452.415,3416.158,0.0,522.47715,15020.125855353666,0.0,0.0,316.789,88.90899999999999,0.0,0.0,35457.10106089517
25-01-2040 00:00:00,16117.87985307126,1.6224374419620493,86.75817405887976,453.543,2531.657,0.0,503.37345000000005,12115.98476322733,0.0,0.0,317.001,88.92399999999999,0.0,0.0,32743.628528823025
25-01-2040 01:00:00,15695.612521249112,4.8348635770469075,90.50018673310306,447.644,2443.888,0.0,499.20120000000003,10423.272311114259,0.0,0.0,310.4835,88.6475,0.0,0.0,30485.12482481113
25-01-2040 02:00:00,15643.76313628476,2.552634908686958,89.92524207742811,449.028,1798.8329999999999,0.0,500.8840500000001,9557.648974030057,0.0,0.0,318.105,88.455,0.0,0.0,28903.7606614719
25-01-2040 03:00:00,15416.911441096116,10.686454617723365,86.69970511084503,447.399,1739.796,0.0,500.6130000000001,9307.81975450207,0.0,0.0,321.7755,88.1495,0.0,0.0,28363.805345911856
25-01-2040 04:00:00,15486.764621898825,2.8014086497878052,86.17348457853238,442.413,1814.501,0.0,502.5274500000001,8904.16748155721,0.0,0.0,327.0585,89.1265,0.0,0.0,28100.296048739583
25-01-2040 05:00:00,15975.245699102868,8.479939696654979,85.48160202678798,447.533,1908.9379999999999,0.0,503.23320000000007,8943.628027720551,0.0,0.0,324.719,88.152,0.0,0.0,28746.71696787344
25-01-2040 06:00:00,17041.194176743822,2.4228399133299936,83.34748542352001,449.55800000000005,2368.746,0.0,508.2322500000001,10344.950783984457,0.0,0.0,321.158,86.88,0.0,0.0,31743.275924648395
25-01-2040 07:00:00,17984.61241680044,13.185008278344924,90.48069708375813,446.517,2948.1420000000003,0.0,516.6057000000001,13935.600178661492,0.0,0.0,313.498,85.59100000000001,0.0,0.0,36990.67111274658
25-01-2040 08:00:00,19812.20074472295,328.87888573532047,91.30900718091694,448.01099999999997,3547.614,0.0,526.6629,14518.627745815764,0.0,0.0,306.6025,88.4125,0.0,0.0,40383.0575812184
25-01-2040 09:00:00,21468.089714439633,3699.0708376765674,96.47376425731886,450.699,3583.4840000000004,0.0,523.72815,10589.32477606462,0.0,0.0,304.497,90.134,0.0,0.0,41553.15996596157
25-01-2040 10:00:00,20659.620656851766,8208.019181382138,95.27515082260672,453.315,3511.35,0.0,524.8290000000001,7496.1931060952265,0.0,0.0,305.974,89.13799999999999,0.0,0.0,42104.3534931167
25-01-2040 11:00:00,20726.236635266356,11750.773579650471,481.1994423258995,437.11400000000003,3161.386,0.0,533.2557,3799.2647987862647,0.0,0.0,307.613,87.915,0.0,0.0,42079.995168881935
25-01-2040 12:00:00,22093.217861625435,14170.974328074872,388.7686459073484,418.32099999999997,3181.795,0.0,531.9742500000001,0.0,0.0,0.0,311.9225,89.7165,0.0,0.0,42040.74159229899
25-01-2040 13:00:00,23184.091013971964,13881.57824666734,0.0,438.473,2925.5240000000003,0.0,532.4094,0.0,0.0,0.0,309.048,90.17200000000001,0.0,0.0,42233.95840734091
25-01-2040 14:00:00,23711.87019198541,12476.756819482556,0.0,444.22900000000004,2571.355,0.0,532.04145,0.0,0.0,0.0,304.901,90.22399999999999,0.0,0.0,41012.865766857
25-01-2040 15:00:00,24609.411345373872,10699.46480979997,0.0,444.225,2849.262,0.0,532.1211000000001,0.0,0.0,0.0,304.7255,90.9035,0.0,0.0,40353.95823527698
25-01-2040 16:00:00,25418.342976018666,6941.220026698171,0.0,449.26199999999994,2999.678,2743.564577139019,527.8587000000001,0.0,0.0,0.0,296.0985,89.1715,0.0,0.0,40231.543157658954
25-01-2040 17:00:00,25881.30159377323,1849.265012597957,5626.795316452171,449.75300000000004,3295.995,1871.2115667875805,529.89345,6.109970315050305,0.0,0.0,295.27099999999996,89.294,0.0,0.0,40730.013696306814
25-01-2040 18:00:00,26323.65737147818,90.13180802579838,357.4206793363577,454.186,3735.151,0.0,531.4098,8691.001199882028,0.0,0.0,311.453,90.89,0.0,0.0,41398.04690419186
25-01-2040 19:00:00,29146.72991143927,2.62834865597852,89.23335952568371,455.86,4605.038,0.0,529.7889,6660.514802594871,0.0,0.0,313.687,91.13,0.0,0.0,42743.69022100841
25-01-2040 20:00:00,29660.524596325817,4.845679826659987,89.82779383070356,441.913,4861.1179999999995,0.0,529.8031500000001,6615.976389574491,0.0,0.0,311.6695,90.7035,0.0,0.0,43464.9381891305
25-01-2040 21:00:00,29019.04412931088,0.7138724744633017,89.96422137611796,435.095,4462.333,0.0,538.821,6732.361958712987,0.0,0.0,317.237,91.395,0.0,0.0,42497.61798876345
25-01-2040 22:00:00,30803.079128568355,5.819142291837217,85.24772623464901,427.514,3844.565,0.0,535.9837500000001,2476.9215651252143,0.0,0.0,324.4165,91.3135,0.0,0.0,39301.798855734625
25-01-2040 23:00:00,30662.482693267833,1.917399365586372,0.0,415.51599999999996,2872.563,0.0,528.7017000000001,0.0,0.0,0.0,319.0225,91.7175,0.0,0.0,35498.11192163205
26-01-2040 00:00:00,29255.13517067782,0.8923818283740479,0.0,406.25,1668.424,0.0,513.98625,0.0,0.0,0.0,310.1785,91.0435,0.0,0.0,32776.49837268664
26-01-2040 01:00:00,27285.126040849576,3.01466096463352,0.0,373.246,1751.2279999999998,0.0,509.93025000000006,0.0,0.0,0.0,304.28700000000003,90.66799999999999,0.0,0.0,30798.96744211535
26-01-2040 02:00:00,26020.64806863795,1.5181832191493059,0.0,373.55800000000005,1596.259,0.0,507.75810000000007,0.0,0.0,0.0,309.5405,91.4005,0.0,0.0,29356.684284562114
26-01-2040 03:00:00,39188.56088501334,6.586961893340787,0.0,368.376,1720.3020000000001,0.0,508.12230000000005,0.0,0.0,0.0,310.1115,91.2875,0.0,-12200.0,28839.939701870444
26-01-2040 04:00:00,43866.6556616068,2.0791157401581803,0.0,371.458,1692.835,0.0,508.24440000000004,0.0,0.0,0.0,308.897,90.64,0.0,-12200.0,28695.843889209016
26-01-2040 05:00:00,46401.84929509148,6.769935548815855,0.0,368.384,1464.306,0.0,510.08565000000004,0.0,0.0,0.0,311.7865,90.7505,0.0,-12200.0,29366.38766245288
26-01-2040 06:00:00,47230.68810688707,3.407098123109504,0.0,387.68300000000005,1878.283,0.0,513.2211000000001,0.0,0.0,0.0,309.796,90.875,0.0,-12200.0,32240.887908718076
26-01-2040 07:00:00,46982.5279446191,14.558668456781788,0.0,415.681,2582.0789999999997,0.0,525.9961500000001,0.0,0.0,0.0,322.6155,90.1945,0.0,-12200.0,37540.79628255832
26-01-2040 08:00:00,45642.07020602006,383.1331900083187,0.0,420.074,3164.752,0.0,538.2525,0.0,0.0,0.0,321.6295,88.7685,0.0,-10043.220068881456,41229.28178305505
26-01-2040 09:00:00,44096.799623141145,6602.303658952686,0.0,419.267,3658.836,0.0,539.6508000000001,0.0,0.0,0.0,315.0235,90.1685,0.0,-12200.0,42788.86812177336
26-01-2040 10:00:00,43763.719746367824,16965.01711167287,0.0,422.912,3453.445,0.0,538.4740500000001,0.0,0.0,0.0,313.55400000000003,89.15799999999999,0.0,-12200.0,43716.50509627766
26-01-2040 11:00:00,45320.34224527113,22822.78423107195,0.0,421.394,2773.187,0.0,535.5856500000001,0.0,0.0,0.0,312.2835,88.7075,0.0,-12200.0,43746.8911581142
26-01-2040 12:00:00,46573.02354073346,25432.334245232272,0.0,431.10699999999997,2690.2990000000004,0.0,536.8674000000001,0.0,0.0,0.0,316.5115,88.1905,0.0,-12200.0,43395.78957845937
26-01-2040 13:00:00,47680.85066527905,24500.6008710627,0.0,430.04699999999997,2509.442,0.0,540.6175500000002,0.0,0.0,0.0,312.2195,88.2855,0.0,-12200.0,43315.187001576516
26-01-2040 14:00:00,47746.317958975305,22159.174868570375,0.0,436.773,2495.282,0.0,542.6067,0.0,0.0,0.0,306.973,87.244,0.0,-12200.0,41831.04670440191
26-01-2040 15:00:00,48398.29902871873,19209.745842827568,0.0,429.963,2209.063,0.0,546.2392500000001,0.0,0.0,0.0,308.16900000000004,89.42,0.0,-12200.0,40822.128641944284
26-01-2040 16:00:00,47968.83791381187,13729.952566351136,0.0,437.244,2149.254,0.0,547.2852,0.0,0.0,0.0,308.828,89.79,0.0,-12200.0,40326.997463975924
26-01-2040 17:00:00,46030.27194511903,5980.715428557411,0.0,433.255,2255.703,0.0,551.7673500000001,0.0,0.0,0.0,303.113,88.667,0.0,-12200.0,40295.77888691151
26-01-2040 18:00:00,44693.90297312312,350.15444872424956,0.0,432.54400000000004,2880.32,0.0,556.2942,0.0,0.0,0.0,305.5625,88.8205,0.0,-9263.805556497318,41231.012655867984
26-01-2040 19:00:00,44848.32178142438,5.819142291837215,0.0,427.695,4063.98,0.0,559.3767,0.0,0.0,0.0,306.205,89.475,0.0,-7762.142702945966,43435.26002563119
26-01-2040 20:00:00,44780.0117831221,6.500566017461276,0.0,432.57300000000004,4099.712,0.0,559.2213000000002,0.0,0.0,0.0,301.682,89.913,0.0,-7568.465929287282,43587.68694242298
26-01-2040 21:00:00,43593.16133815416,0.9950949644033901,0.0,433.374,3668.724,0.0,555.60915,0.0,0.0,0.0,302.3785,90.7045,0.0,-6881.995953274512,42598.928916951685
26-01-2040 22:00:00,42968.079602472135,5.916488538354939,0.0,437.301,2593.574,0.0,550.5984000000001,0.0,0.0,0.0,310.336,91.213,0.0,-7888.506229620878,39813.98097226453
26-01-2040 23:00:00,42557.07479556541,0.8328512202071852,0.0,432.588,2130.791,0.0,542.5399500000001,0.0,0.0,0.0,315.218,91.016,0.0,-10000.28101580379,36723.75103267686
27-01-2040 00:00:00,41794.379083573025,0.8112187209810244,0.0,433.015,1933.8629999999998,0.0,512.4675000000001,0.0,0.0,0.0,317.4295,91.5785,0.0,-11526.333170765833,34123.27142531513
27-01-2040 01:00:00,40795.19355410861,4.499559839041417,0.0,408.86199999999997,2007.3,0.0,501.56640000000004,0.0,0.0,0.0,311.45799999999997,90.289,0.0,-12200.0,31417.18811687427
27-01-2040 02:00:00,39681.595932594704,0.9193812171118279,0.0,384.11800000000005,1521.521,0.0,501.0592500000001,0.0,0.0,0.0,299.73400000000004,90.251,0.0,-12200.0,29609.950073320448
27-01-2040 03:00:00,38228.668336499846,10.134825887456266,0.0,384.353,1558.254,0.0,499.7725500000001,0.0,0.0,0.0,292.647,91.2,0.0,-12200.0,28628.8182295681
27-01-2040 04:00:00,37156.08301381945,2.4769211613953943,0.0,386.045,1408.415,0.0,501.11685000000017,0.0,0.0,0.0,297.535,90.415,0.0,-12152.563230826981,28147.87105769423
27-01-2040 05:00:00,36274.19869251434,8.458307197428818,0.0,392.228,1528.95,0.0,497.90100000000007,0.0,0.0,0.0,297.1265,88.9245,0.0,-11468.656512271547,28084.74646471768
27-01-2040 06:00:00,35929.85240790067,3.4936486250249454,0.0,387.654,1677.14,0.0,493.57635000000005,0.0,0.0,0.0,295.475,87.177,0.0,-10586.161706502706,28785.71387086064
27-01-2040 07:00:00,36063.38217187904,17.749465615064814,0.0,403.81,1986.954,0.0,495.8065500000001,0.0,0.0,0.0,304.4625,87.3785,0.0,-9467.535445287263,30435.07979748598
27-01-2040 08:00:00,35773.68543295731,558.7566387621167,0.0,437.908,2099.172,0.0,498.6342000000001,0.0,0.0,0.0,307.983,88.25299999999999,0.0,-7742.885130532897,32632.93041485472
27-01-2040 09:00:00,34395.56931331818,8274.744625245232,0.0,447.561,2333.324,0.0,500.5182000000001,0.0,0.0,0.0,311.8165,88.0645,0.0,-11268.091151751607,35793.3371474593
27-01-2040 10:00:00,33020.17213427505,20148.271821754548,0.0,443.335,2762.9,0.0,501.7902000000001,0.0,0.0,0.0,314.573,89.024,0.0,-12200.0,38461.320422535166
27-01-2040 11:00:00,32380.43596627689,26778.26508208595,0.0,449.501,2454.527,0.0,499.0629,0.0,0.0,0.0,317.998,89.804,0.0,-12200.0,38826.284236313004
27-01-2040 12:00:00,32665.889920228765,29089.319055664757,0.0,447.481,2215.291,0.0,494.56815,0.0,0.0,0.0,317.1885,86.8185,0.0,-12200.0,38094.13359222388
27-01-2040 13:00:00,33475.10542950231,29201.472747902782,0.0,454.04900000000004,2055.206,0.0,496.71600000000007,0.0,0.0,0.0,319.888,86.861,0.0,-12200.0,37897.19761397891
27-01-2040 14:00:00,33322.86409425304,26836.780992492713,0.0,447.64,2074.042,0.0,496.9809,0.0,0.0,0.0,310.7075,86.6555,0.0,-12200.0,37158.81389341142
27-01-2040 15:00:00,33435.957326070326,21673.352200949263,0.0,453.403,2115.7129999999997,0.0,496.45875000000007,0.0,0.0,0.0,311.8845,87.3625,0.0,-12200.0,35770.779630292556
27-01-2040 16:00:00,33387.25232048656,15106.396043362894,0.0,440.494,2029.395,0.0,497.4177000000001,0.0,0.0,0.0,312.325,88.98899999999999,0.0,-12200.0,34578.63493552765
27-01-2040 17:00:00,31819.177783532483,6103.588024162002,0.0,436.207,2007.35,0.0,499.5426000000001,0.0,0.0,0.0,314.0455,89.2995,0.0,-8114.176251761393,34644.7901368874
27-01-2040 18:00:00,30534.49575623774,402.13734436471356,0.0,435.944,2520.786,190.88970011423226,503.3743500000001,0.0,0.0,0.0,316.2755,88.7625,0.0,0.0,36108.149172575824
27-01-2040 19:00:00,30990.469442674555,6.035467284098823,0.0,451.66900000000004,3990.68,1144.6570911139388,504.84075000000007,0.0,0.0,0.0,326.328,90.43299999999999,0.0,0.0,38403.638797750966
27-01-2040 20:00:00,31352.776979248138,7.917494716774801,0.0,456.083,4258.083,1016.5626893941189,507.2122500000001,0.0,0.0,0.0,330.7575,90.3625,0.0,0.0,38910.40510141097
27-01-2040 21:00:00,29680.454469570726,0.7895862217548639,0.0,459.244,4374.316,2591.3357579138974,507.24060000000014,0.0,0.0,0.0,331.191,90.02600000000001,0.0,0.0,38862.146745506536
27-01-2040 22:00:00,28699.686571853308,6.067916032938065,0.0,457.337,3584.486,2824.526898979995,508.22025000000014,0.0,0.0,0.0,331.05800000000005,90.551,0.0,0.0,37220.46428717076
27-01-2040 23:00:00,28694.64705606869,2.758143651335484,0.0,457.99800000000005,2825.91,1181.6254005297924,504.9372000000001,0.0,0.0,0.0,331.705,91.462,0.0,0.0,34727.239647687384
28-01-2040 00:00:00,27397.364305499745,3.2448748839240986,0.0,453.542,2298.706,376.4359199921746,492.9036000000001,0.0,0.0,0.0,326.691,91.40899999999999,0.0,0.0,31998.030420261963
28-01-2040 01:00:00,25505.45603166432,6.116133312028438,0.0,455.523,2036.879,0.0,490.5058500000001,0.0,0.0,0.0,324.6675,91.7675,0.0,0.0,29405.435900159217
28-01-2040 02:00:00,24048.601943676993,2.560392884581979,0.0,445.353,1803.896,0.0,492.0303000000001,0.0,0.0,0.0,313.612,89.383,0.0,0.0,27656.489174177135
28-01-2040 03:00:00,23219.43464063622,6.47432145754129,0.0,433.88599999999997,1544.195,0.0,491.26935000000014,0.0,0.0,0.0,311.918,90.906,0.0,0.0,26543.428590182415
28-01-2040 04:00:00,27112.174063632025,2.6100894934784638,0.0,434.77099999999996,1564.796,0.0,485.5933500000001,0.0,0.0,0.0,311.284,91.501,0.0,-4282.462324096348,26159.76405900669
28-01-2040 05:00:00,29490.055247541677,7.911493677026325,0.0,429.835,1477.6970000000001,0.0,486.38415000000003,0.0,0.0,0.0,310.5005,91.5565,0.0,-6636.337093546117,26100.693048889083
28-01-2040 06:00:00,31332.55796076948,2.3252256579821133,0.0,432.746,1438.001,0.0,486.4308000000001,0.0,0.0,0.0,308.9335,90.7835,0.0,-8204.52048006676,26348.30978659705
28-01-2040 07:00:00,32560.598614486215,16.938138730267436,0.0,428.00300000000004,1670.945,0.0,484.37775000000005,0.0,0.0,0.0,298.998,89.021,0.0,-8958.870130484745,27078.60382501039
28-01-2040 08:00:00,33071.01955474005,363.69626289366477,0.0,432.866,1825.145,0.0,489.24345000000005,0.0,0.0,0.0,296.027,89.34299999999999,0.0,-9053.40769398005,28048.09533520102
28-01-2040 09:00:00,32285.419436134,6198.002955872256,0.0,427.647,1929.378,0.0,490.89570000000003,0.0,0.0,0.0,297.035,79.97,0.0,-11538.479757899655,30786.017701224693
28-01-2040 10:00:00,30100.764756519766,15118.477780888818,0.0,441.529,2168.781,0.0,489.99690000000004,0.0,0.0,0.0,301.183,74.817,0.0,-12200.0,33545.516644890566
28-01-2040 11:00:00,29599.764201282047,20419.045813633587,0.0,447.833,2099.828,0.0,485.67945000000003,0.0,0.0,0.0,301.006,74.777,0.0,-12200.0,34843.94429578649
28-01-2040 12:00:00,29895.82705275233,23377.13865619341,0.0,451.411,1927.575,0.0,487.43715000000003,0.0,0.0,0.0,307.7745,76.2755,0.0,-12200.0,34679.78925562344
28-01-2040 13:00:00,29683.192748289115,24257.98157598829,0.0,447.522,2169.014,0.0,487.8684,0.0,0.0,0.0,317.269,85.715,0.0,-12200.0,34932.24373262483
28-01-2040 14:00:00,29697.48362382963,24187.13514102584,0.0,448.67,2137.367,0.0,485.81385000000006,0.0,0.0,0.0,316.5715,86.4355,0.0,-12200.0,34897.82715135389
28-01-2040 15:00:00,27864.848044872102,21141.106189988797,0.0,435.337,2421.534,0.0,484.06320000000005,0.0,0.0,0.0,318.659,88.667,0.0,-12200.0,33253.79482764965
28-01-2040 16:00:00,28540.576334045723,14676.839506229022,0.0,439.746,2247.087,0.0,483.4915500000001,0.0,0.0,0.0,312.5505,88.9455,0.0,-12200.0,32313.477061544138
28-01-2040 17:00:00,27642.014812385085,6136.739829226093,0.0,433.727,2450.708,0.0,480.46425000000005,0.0,0.0,0.0,320.1235,90.5885,0.0,-6501.653218668107,32037.343887350577
28-01-2040 18:00:00,25710.24039374427,347.4720188202056,0.0,435.265,3252.685,2360.9563175235053,483.7578000000001,0.0,0.0,0.0,328.95599999999996,90.06200000000001,0.0,0.0,33853.504872267826
28-01-2040 19:00:00,25640.433624445337,4.726701080916104,0.0,441.69,4192.402,4918.010296659675,490.15755000000007,0.0,0.0,0.0,330.276,90.338,0.0,0.0,36930.59684366131
28-01-2040 20:00:00,26432.182937799207,5.710979795706414,0.0,449.839,4882.254,4888.037548207671,491.79210000000006,0.0,0.0,0.0,328.98800000000006,91.04899999999999,0.0,0.0,38399.14589385354
28-01-2040 21:00:00,24314.650342934845,1.114073710147274,0.0,448.595,5305.689,6782.982685951447,493.9072500000001,0.0,0.0,0.0,327.0425,90.8505,0.0,0.0,38560.93767698229
28-01-2040 22:00:00,23995.40494661138,1.8171299349974954,0.0,451.33099999999996,4784.065,4780.013151657702,494.6238000000001,0.0,0.0,0.0,329.2245,89.9165,0.0,0.0,37199.07593683209
28-01-2040 23:00:00,21980.113026932206,0.7787699721417838,1867.1756581333575,453.355,3412.901,0.0,492.51465,0.0,0.0,0.0,327.5675,90.7435,0.0,0.0,34216.75901670366
29-01-2040 00:00:00,21240.077731656675,2.509369910234636,661.4637542950659,451.56800000000004,2124.5170000000003,0.0,478.8084,0.0,0.0,0.0,325.5595,90.3005,0.0,0.0,30890.368537564078
29-01-2040 01:00:00,21469.308016413655,8.047289712131766,231.7640116838229,450.966,1727.101,0.0,475.1706000000001,0.0,0.0,0.0,322.856,90.619,0.0,0.0,28666.04259678188
29-01-2040 02:00:00,20127.056386314613,2.0550874264852625,3838.1125058044418,442.675,1556.825,0.0,475.93965000000003,0.0,0.0,0.0,318.4615,90.3025,0.0,0.0,27288.678143440295
29-01-2040 03:00:00,18570.441623167004,10.026663391325465,4853.611578486612,438.212,1459.1879999999999,0.0,475.8352500000001,0.0,0.0,0.0,320.10900000000004,91.301,0.0,0.0,26646.192886107638
29-01-2040 04:00:00,16952.784129682797,4.553641087106819,6430.327717706943,438.465,1429.924,0.0,478.1080500000001,0.0,0.0,0.0,316.185,90.523,0.0,0.0,26569.18001965778
29-01-2040 05:00:00,16349.395904389032,9.280342168022923,7768.20399807932,437.73900000000003,1544.96,0.0,479.76795000000004,0.0,0.0,0.0,317.4345,88.5605,0.0,0.0,27443.857791548613
29-01-2040 06:00:00,15516.711644707935,3.093447389340975,11510.182410953297,433.227,2058.27,0.0,487.33215000000007,0.0,0.0,0.0,319.937,88.427,0.0,0.0,30941.559668292794
29-01-2040 07:00:00,14809.49315022478,15.629480690901076,15068.507412979638,430.415,3822.4359999999997,0.0,502.3408500000001,1163.57097803951,0.0,0.0,315.9525,88.8215,0.0,0.0,36870.03229080916
29-01-2040 08:00:00,13852.650382702008,620.2794665613177,15068.507412979638,437.176,4542.1359999999995,0.0,523.5073500000001,4590.604476824232,0.0,0.0,306.02,88.954,0.0,0.0,40750.456074248475
29-01-2040 09:00:00,12468.129475542288,8745.749030896428,14219.279794126813,442.504,4710.139,0.0,528.0441000000001,0.0,0.0,0.0,313.72,88.59100000000001,0.0,0.0,42278.428781759394
29-01-2040 10:00:00,11181.157814061435,20526.105053238673,4267.131789856716,438.37300000000005,4911.913,0.0,528.2554500000001,0.0,0.0,0.0,309.23900000000003,89.04899999999999,0.0,0.0,43058.31773872853
29-01-2040 11:00:00,9952.079708477639,26395.415600691824,0.0,430.135,4106.264,0.0,527.6971500000001,0.0,0.0,0.0,312.0145,88.6045,0.0,0.0,42798.556620035364
29-01-2040 12:00:00,8506.920623970393,27183.011231811877,0.0,443.686,3868.322,0.0,525.6163500000001,0.0,0.0,0.0,309.5145,88.1555,0.0,0.0,42157.14753185121
29-01-2040 13:00:00,8242.243247596864,27661.603356931508,0.0,449.579,3189.845,0.0,522.0633,0.0,0.0,0.0,311.02,88.32600000000001,0.0,0.0,41802.06676748111
29-01-2040 14:00:00,8774.017122331019,26437.395271810514,0.0,453.13199999999995,2509.757,0.0,522.0165000000001,0.0,0.0,0.0,309.7065,87.8085,0.0,0.0,40499.89577398543
29-01-2040 15:00:00,10153.376696039812,23851.51086253675,0.0,454.899,2699.415,0.0,521.0380500000001,0.0,0.0,0.0,309.514,88.204,0.0,0.0,39555.8592166676
29-01-2040 16:00:00,12600.719406569282,18964.768605340912,0.0,454.418,2338.663,2300.797303499239,520.0389,0.0,0.0,0.0,308.829,88.37799999999999,0.0,0.0,39055.05034436352
29-01-2040 17:00:00,13429.385203548749,7668.255876940591,4202.498458136526,434.93800000000005,2839.921,8000.0,523.2351000000001,0.0,0.0,0.0,304.2215,86.1595,0.0,0.0,38971.61431417823
29-01-2040 18:00:00,15263.366716115905,400.01735944054985,15068.507412979638,443.566,3789.9570000000003,90.80982103370843,527.1561000000002,3266.3594079603135,0.0,0.0,305.0665,86.0815,0.0,0.0,40286.922159895934
29-01-2040 19:00:00,17362.910985643164,7.506477231477749,15068.507412979638,452.05,4623.747,0.0,528.6106500000001,3639.1225997639776,0.0,0.0,307.0805,89.6385,0.0,0.0,42969.06898157674
29-01-2040 20:00:00,18496.361127895692,6.7926047570144465,15068.507412979638,453.70300000000003,4815.593,0.0,529.1385000000001,3047.8017368286455,0.0,0.0,308.14599999999996,90.109,0.0,0.0,43700.12225304643
29-01-2040 21:00:00,18014.048913068058,3.6775248684473123,15068.507412979638,455.219,4179.181,0.0,533.5323000000001,3336.387626964559,0.0,0.0,307.6295,89.9955,0.0,0.0,42828.17266108473
29-01-2040 22:00:00,16872.387802273137,3.353037380054902,15068.507412979638,447.974,2901.518,0.0,535.6063500000001,2488.043822481359,0.0,0.0,305.992,88.76700000000001,0.0,0.0,39437.082952257406
29-01-2040 23:00:00,17165.662094610652,1.6981511892536116,14016.134360581847,446.57800000000003,2359.59,0.0,530.1861000000001,0.0,0.0,0.0,307.6095,89.4915,0.0,0.0,35529.96139495496
30-01-2040 00:00:00,17005.693243983285,5.343227308861683,4761.327789113249,443.681,2061.6639999999998,0.0,512.4373500000002,7050.261259057952,0.0,0.0,307.8455,89.9215,0.0,0.0,32770.62687118665
30-01-2040 01:00:00,16479.5840400958,12.665828296917066,90.96793831738096,444.539,1903.265,0.0,506.60595000000006,10048.816171047312,0.0,0.0,307.121,90.589,0.0,0.0,30366.38836340784
30-01-2040 02:00:00,15294.501099896524,5.0079235708561916,89.58417321389214,443.256,1747.5510000000002,0.0,505.09845000000007,10057.524114335702,0.0,0.0,304.8725,89.8635,0.0,0.0,28992.91790890697
30-01-2040 03:00:00,13969.870370729719,12.13583206587613,98.90997042543296,434.538,1756.259,0.0,499.08720000000005,10775.474141138724,0.0,0.0,305.161,89.54299999999999,0.0,0.0,28386.919733184153
30-01-2040 04:00:00,12804.462040504608,5.018739820469272,85.9006294877036,436.348,1787.056,0.0,497.6002500000001,11987.065674456433,0.0,0.0,307.5955,89.4555,0.0,0.0,28446.593740256343
30-01-2040 05:00:00,12507.846119895481,13.249905776023404,62.094022812892504,443.73900000000003,1775.705,0.0,496.6539,12929.759217422548,0.0,0.0,304.8025,88.4795,0.0,0.0,29084.689135120585
30-01-2040 06:00:00,12581.597867015069,4.997107321243113,0.0,450.455,2311.348,0.0,498.4071000000001,15330.958797002433,0.0,0.0,298.974,84.70299999999999,0.0,0.0,32092.814771295012
30-01-2040 07:00:00,12674.664534954585,17.576405621255535,0.0,442.272,3737.409,0.0,503.2795500000001,19487.95430352012,0.0,0.0,293.9295,85.5075,0.0,0.0,37898.83362915864
30-01-2040 08:00:00,12263.818300685749,668.801162325596,0.0,447.775,3905.212,0.0,510.3028500000001,22562.723860512284,0.0,0.0,290.3075,86.7435,0.0,0.0,41456.98213769722
30-01-2040 09:00:00,11780.156284623401,8947.915552414514,0.0,452.676,4027.285,0.0,514.0897500000001,15722.71741910047,0.0,0.0,289.7615,88.0085,0.0,0.0,42582.69375403569
30-01-2040 10:00:00,11159.754375571749,19411.025431877384,365.43092521711685,450.37800000000004,4018.688,0.0,509.59410000000014,5960.513051240518,0.0,0.0,286.053,87.264,0.0,0.0,43063.234340054296
30-01-2040 11:00:00,11552.230652062255,25437.866532725853,0.0,446.31800000000004,3436.086,0.0,507.1836000000001,0.0,0.0,0.0,285.348,88.81299999999999,0.0,0.0,42883.213151767945
30-01-2040 12:00:00,10352.492944338066,26188.832173852818,0.0,451.82199999999995,2903.781,0.0,506.3730000000001,0.0,0.0,0.0,285.6565,89.0195,0.0,0.0,42120.47780279861
30-01-2040 13:00:00,9572.409112054514,26749.56814462311,0.0,452.97,2948.969,0.0,505.62375000000003,0.0,0.0,0.0,283.914,87.87700000000001,0.0,0.0,41872.21640517559
30-01-2040 14:00:00,9417.359594034335,26055.045448816534,0.0,459.207,2674.054,0.0,506.7051000000001,0.0,0.0,0.0,285.4285,89.6235,0.0,0.0,40681.06492562893
30-01-2040 15:00:00,10236.496439822136,24346.477779063658,0.0,456.033,2615.794,0.0,505.2516000000001,0.0,0.0,0.0,285.222,89.766,0.0,0.0,39818.76365693165
30-01-2040 16:00:00,10617.67187913595,18452.965306149177,0.0,463.435,2667.886,4828.537977778908,507.19305000000014,0.0,0.0,0.0,291.526,90.009,0.0,0.0,39328.045404856275
30-01-2040 17:00:00,10521.441493689284,7013.948489096524,10263.997839272015,463.41,3441.684,5485.8507872699065,511.3543500000001,0.0,0.0,0.0,303.596,90.965,0.0,0.0,39356.59755245084
30-01-2040 18:00:00,10349.869767118827,293.8450532385533,15068.507412979638,459.043,4725.663,0.0,515.10825,8060.095168634569,0.0,0.0,305.04,90.806,0.0,0.0,40752.17764729347
30-01-2040 19:00:00,10412.424738953332,10.080744639390867,8362.156502534139,457.455,5424.35,0.0,518.3245500000002,16981.992120839604,0.0,0.0,306.203,91.156,0.0,0.0,43435.39617423414
30-01-2040 20:00:00,10305.508104763085,7.776883471804759,99.42644613307314,451.564,5501.590999999999,0.0,521.4127500000001,24562.0,0.0,0.0,308.4885,91.6065,1442.0836821220037,0.0,44184.56092980369
30-01-2040 21:00:00,10150.149463510437,3.2773236327633395,95.42132319269356,456.035,5182.4,0.0,527.6590500000001,24562.0,0.0,0.0,309.006,92.155,1206.399738825192,0.0,43436.978622750416
30-01-2040 22:00:00,9709.1976337946,5.765061043771815,86.4365948446887,447.55400000000003,3983.848,0.0,526.2447000000001,24169.87071441843,0.0,0.0,305.9025,91.7105,0.0,0.0,40063.23818904086
30-01-2040 23:00:00,10247.540136551414,1.1573387085995952,93.5990409789442,446.289,3267.138,0.0,518.1243000000001,20377.387059798428,0.0,0.0,305.5885,90.8115,0.0,0.0,35968.92197443746
31-01-2040 00:00:00,10488.032946223817,1.1681549582126758,13.252961554540773,447.871,3186.2209999999995,0.0,500.50965,17360.430168813687,0.0,0.0,305.447,91.309,0.0,0.0,32922.260331775986
31-01-2040 01:00:00,10531.160836104276,10.437680876622517,0.0,447.555,2946.0959999999995,0.0,501.49140000000006,15360.963936906506,0.0,0.0,297.2945,81.6105,0.0,0.0,30652.52883190914
31-01-2040 02:00:00,10346.49333021939,4.4130298421367735,0.0,447.593,2182.12,0.0,502.67805000000004,15079.648142279668,0.0,0.0,290.728,77.458,0.0,0.0,29380.820158347276
31-01-2040 03:00:00,9959.297624747882,10.924412109211133,0.0,449.76300000000003,1980.615,0.0,501.8964,15047.415521703666,0.0,0.0,296.4675,84.7515,0.0,0.0,28770.429888211693
31-01-2040 04:00:00,9591.664368116422,3.428751127346464,0.0,446.38,2125.902,0.0,501.7401000000001,15173.340228555806,0.0,0.0,297.028,87.525,0.0,0.0,28667.7262267736
31-01-2040 05:00:00,9022.817904505231,11.973588321679923,0.0,437.504,2622.614,0.0,503.52015000000006,15839.381671092207,0.0,0.0,294.6525,85.2875,0.0,0.0,29278.181967275606
31-01-2040 06:00:00,9106.493978181472,3.2989561319895007,0.0,444.95599999999996,3352.1259999999997,0.0,506.8903500000001,17781.535218132412,0.0,0.0,294.2545,83.8925,0.0,0.0,32109.57704505905
31-01-2040 07:00:00,8968.145153061392,16.310904416525137,0.0,440.43800000000005,4189.862,0.0,515.12025,22488.31624780251,0.0,0.0,292.1075,84.9155,0.0,0.0,37657.054913786014
31-01-2040 08:00:00,9406.62170257604,667.3842336262825,0.0,446.528,4689.169,0.0,525.5475000000001,24444.584387119656,0.0,0.0,292.8275,87.7225,0.0,0.0,41287.83386612041
31-01-2040 09:00:00,9121.268306882339,7603.098789271396,0.0,444.88199999999995,5226.113,0.0,520.8859500000001,18446.457074496764,0.0,0.0,291.1635,86.8905,0.0,0.0,42504.33614113865
31-01-2040 10:00:00,8079.511825582727,17959.711875043875,0.0,446.074,5350.793000000001,0.0,518.9382,9487.665602797932,0.0,0.0,286.3545,85.1945,0.0,0.0,42988.98908454971
31-01-2040 11:00:00,7589.011847964584,24762.354111699264,266.5404444410288,427.83099999999996,5179.513,0.0,518.2950000000001,2651.76429381621,0.0,0.0,286.4445,84.3015,0.0,0.0,42561.49139905621
31-01-2040 12:00:00,6909.89298291565,27985.010449850113,0.0,438.402,4910.49,0.0,519.1558500000001,0.0,0.0,0.0,277.295,75.064,0.0,0.0,41996.73918220433
31-01-2040 13:00:00,5793.196010507676,29075.793186500083,0.0,443.19300000000004,4432.472,0.0,523.7214,0.0,0.0,0.0,286.0195,75.2315,0.0,0.0,41610.11918477054
31-01-2040 14:00:00,5426.1538936535335,28864.916070296724,0.0,445.635,3597.687,0.0,520.9381500000001,0.0,0.0,0.0,289.812,77.245,0.0,0.0,40260.70016216173
31-01-2040 15:00:00,7004.474428453021,24975.780349064564,0.0,444.165,3408.079,1595.6736034053538,520.72545,0.0,0.0,0.0,289.9385,77.7525,0.0,0.0,39426.20371170565
31-01-2040 16:00:00,8321.01408546218,17161.82958983578,6424.109854663666,439.54,3276.075,1364.660354217951,519.6033000000001,0.0,0.0,0.0,290.5465,78.8545,0.0,0.0,39015.53116640761
31-01-2040 17:00:00,8469.186678880742,6664.583626594028,9462.301889703942,441.86800000000005,3462.0679999999998,0.0,520.22775,8670.325982894721,0.0,0.0,288.3805,77.7565,0.0,0.0,39128.530042969534
31-01-2040 18:00:00,9373.978944922816,374.8371303412988,702.3387486179537,450.19599999999997,4411.840999999999,0.0,522.4810500000001,23379.377107342276,0.0,0.0,290.2735,78.2105,0.0,0.0,40452.508620343615
31-01-2040 19:00:00,10301.48964206146,17.619670619707858,0.0,453.464,5576.209,0.0,526.8505500000001,24562.0,0.0,0.0,295.4305,78.0345,471.4948972209604,0.0,43153.492308025234
31-01-2040 20:00:00,9911.82639163939,13.066029532601037,0.0,447.26,5839.059,0.0,527.6353500000001,24562.0,0.0,0.0,292.0885,76.2135,1404.0939572722564,0.0,43962.134659567666
31-01-2040 21:00:00,8755.87827293321,4.002012356839722,0.0,449.50699999999995,5243.206999999999,0.0,527.8267500000001,24562.0,0.0,0.0,293.501,75.4,2466.2331341291865,0.0,43223.409451520696
31-01-2040 22:00:00,8049.174172616864,5.732612294932575,0.0,441.108,4167.219,0.0,526.6413000000001,24562.0,0.0,0.0,293.154,75.423,1202.2807879073298,0.0,40056.76145864193
31-01-2040 23:00:00,7412.593986875232,1.0059112140164708,0.0,440.664,3483.1290000000004,0.0,522.2010000000001,23118.783582422722,0.0,0.0,291.7515,74.9165,0.0,0.0,35962.471655379566
01-02-2040 00:00:00,8339.779803487469,0.9193812171118281,0.0,440.01599999999996,3477.032,0.0,504.1438500000001,19383.99824613804,0.0,0.0,291.82,74.732,0.0,0.0,33039.01817454785
01-02-2040 01:00:00,9599.678087767783,2.7473274017224036,0.0,438.351,3011.736,0.0,499.78740000000005,16316.595619540129,0.0,0.0,290.755,74.118,0.0,0.0,30708.318511899302
01-02-2040 02:00:00,12171.552231186306,1.2330524558911575,47.99326151184801,435.651,2199.991,0.0,499.6147500000001,13165.580168216104,0.0,0.0,291.1065,74.3525,0.0,0.0,29339.74866312327
01-02-2040 03:00:00,14461.422342433367,2.30386116758611,76.15580481524717,437.95599999999996,1725.9979999999998,0.0,499.77450000000005,10751.421500085611,0.0,0.0,296.1885,75.4695,0.0,0.0,28771.317830056643
01-02-2040 04:00:00,15252.74234937735,1.6981511892536116,62.63973299455006,436.839,1785.0320000000002,0.0,498.6396000000001,9739.318823576752,0.0,0.0,291.1745,73.5315,0.0,0.0,28585.705993262694
01-02-2040 05:00:00,17499.755304515955,4.164256101035927,0.0,433.952,1813.235,0.0,499.2988500000001,8269.831572702158,0.0,0.0,288.3095,73.7425,0.0,0.0,29339.417963374573
01-02-2040 06:00:00,18692.34530545041,5.137718566213156,0.0,430.85699999999997,1907.154,0.0,499.93590000000006,9834.876104934785,0.0,0.0,287.17400000000004,73.219,0.0,0.0,32261.97420259339
01-02-2040 07:00:00,20954.960261107157,70.39215248192677,0.0,429.043,3052.3579999999997,0.0,506.9161500000001,11878.253905518857,0.0,0.0,290.026,72.983,0.0,0.0,37911.507724926916
01-02-2040 08:00:00,23769.5936426323,511.42473045527726,0.0,436.659,3955.612,0.0,514.60545,11140.090644167405,0.0,0.0,288.52299999999997,72.362,0.0,0.0,41412.79931210412
01-02-2040 09:00:00,24473.362215335044,4545.712776140431,2.6116130122183283,441.829,4466.606,0.0,516.8643000000001,7071.94340503916,0.0,0.0,293.756,77.57600000000001,0.0,0.0,42653.2298900866
01-02-2040 10:00:00,25358.928515939428,10947.19113089628,3.7127782002059075,431.159,4222.214,0.0,516.1107000000001,548.0222974068969,0.0,0.0,295.8295,81.1985,0.0,0.0,43181.81716929085
01-02-2040 11:00:00,23982.039694139025,13532.208598056077,0.0,428.32199999999995,3608.1290000000004,0.0,513.2830500000001,0.0,0.0,0.0,294.35,81.247,0.0,0.0,43244.59692687138
01-02-2040 12:00:00,24415.26945985175,13735.773629408146,0.0,431.00199999999995,2750.093,0.0,510.1104000000001,0.0,0.0,0.0,291.83099999999996,81.355,0.0,0.0,43114.61667401228
01-02-2040 13:00:00,24903.108340371662,13669.132871244983,0.0,437.168,2389.3720000000003,0.0,510.3622500000001,0.0,0.0,0.0,295.6505,82.0585,0.0,0.0,43272.78824346907
01-02-2040 14:00:00,32543.494544132733,14496.806058359327,0.0,440.51800000000003,1769.81,0.0,510.3748500000001,0.0,0.0,0.0,296.6055,84.4685,0.0,-9192.199477166512,41983.527931838624
01-02-2040 15:00:00,42337.7860005005,14931.696931741102,0.0,441.06300000000005,2168.1620000000003,0.0,508.7374500000001,0.0,0.0,0.0,293.0195,81.8635,0.0,-12200.0,41441.75283768391
01-02-2040 16:00:00,42006.16355823916,10185.250614735072,0.0,448.139,2257.942,0.0,511.2928500000001,0.0,0.0,0.0,299.219,81.949,0.0,-12200.0,41156.62529990894
01-02-2040 17:00:00,39808.708016459226,4385.990807712229,0.0,450.67199999999997,2365.192,0.0,517.3669500000001,0.0,0.0,0.0,292.558,82.264,0.0,-7821.203087514594,41295.76061633984
01-02-2040 18:00:00,37106.19932811829,408.1508066721848,0.0,450.82800000000003,2560.513,0.0,523.9225500000001,0.0,0.0,0.0,286.7925,78.3515,0.0,-24.24279342500813,42395.78180968076
01-02-2040 19:00:00,34551.384334357936,11.50848958831747,0.0,439.05699999999996,4035.798,3936.1172498225715,525.4999500000001,0.0,0.0,0.0,284.862,74.145,0.0,0.0,44743.89919373925
01-02-2040 20:00:00,34372.0116075284,5.938121037581101,0.0,433.57,4398.6990000000005,4343.705206004386,526.1355000000001,0.0,0.0,0.0,283.0405,73.5595,0.0,0.0,45323.28924536211
01-02-2040 21:00:00,35042.63463128706,1.081624961308033,0.0,440.505,3844.23,3261.9917291984166,527.6877000000001,0.0,0.0,0.0,284.38599999999997,75.081,0.0,0.0,44321.38729984514
01-02-2040 22:00:00,34893.89349694728,4.456294840589096,0.0,442.629,2664.531,1404.7257112294465,520.7700000000001,0.0,0.0,0.0,287.079,75.40899999999999,0.0,0.0,41031.44967916931
01-02-2040 23:00:00,32843.278393497836,0.7165527723654997,0.0,437.904,2292.646,0.0,505.8054,0.0,0.0,0.0,283.7325,75.5205,0.0,0.0,37069.21695294716
02-02-2040 00:00:00,30190.968523863667,0.701224247159167,0.0,436.88199999999995,1952.943,0.0,496.02150000000006,0.0,0.0,0.0,275.78,64.045,0.0,0.0,33954.336304419994
02-02-2040 01:00:00,27740.593609291518,5.005403103528491,0.0,424.074,1876.6570000000002,0.0,491.2410000000001,0.0,0.0,0.0,280.819,63.876000000000005,0.0,0.0,31364.27987698922
02-02-2040 02:00:00,26463.49607254649,2.306345411243407,0.0,406.085,1814.115,0.0,492.6420000000001,0.0,0.0,0.0,267.3855,63.3425,0.0,0.0,29963.25123409346
02-02-2040 03:00:00,33047.0478247999,3.7993695564520853,0.0,409.284,1571.7679999999998,0.0,485.4985500000001,0.0,0.0,0.0,272.658,61.577,0.0,-6792.855254565398,29498.794038777738
02-02-2040 04:00:00,34577.6637756404,2.148146100002253,0.0,407.407,1432.2679999999998,0.0,486.7768500000001,0.0,0.0,0.0,267.5625,56.2985,0.0,-8395.467159060918,29273.876546700267
02-02-2040 05:00:00,35295.756589307544,8.370834581717705,0.0,411.665,1684.9289999999999,0.0,493.8415500000001,0.0,0.0,0.0,269.9935,59.5495,0.0,-8706.784848560786,29972.47362798526
02-02-2040 06:00:00,36454.39446788236,6.976437186124407,0.0,422.63699999999994,1949.879,0.0,495.0957000000001,0.0,0.0,0.0,271.6865,58.6155,0.0,-7455.858030813462,32721.861863923677
02-02-2040 07:00:00,36789.11342747956,71.67926053710791,0.0,431.60400000000004,2919.0570000000002,0.0,508.7158500000001,0.0,0.0,0.0,274.0835,60.4205,0.0,-3215.221480817636,38461.51385770875
02-02-2040 08:00:00,36272.17523541287,672.9221406446861,0.0,428.814,3647.8140000000003,0.0,520.9206,0.0,0.0,0.0,277.3315,61.7545,0.0,-564.7072813760024,42017.91921774067
02-02-2040 09:00:00,35676.44170707653,8637.532448045502,0.0,431.786,4194.7029999999995,0.0,523.09365,0.0,0.0,0.0,272.7695,63.3195,0.0,-6744.924991152027,43832.10121203579
02-02-2040 10:00:00,35314.09164848954,18515.32098478234,0.0,431.539,4436.12,0.0,525.7824,0.0,0.0,0.0,269.2215,69.3605,0.0,-12200.0,44888.24275221915
02-02-2040 11:00:00,36855.30166071964,24181.921708694732,0.0,433.94699999999995,3825.673,0.0,521.62845,0.0,0.0,0.0,271.15,71.205,0.0,-12200.0,44765.85259797926
02-02-2040 12:00:00,39069.807225117074,26859.60327917558,0.0,438.291,3145.125,0.0,519.9447,0.0,0.0,0.0,274.911,72.116,0.0,-12200.0,44512.83753096517
02-02-2040 13:00:00,42163.54391982893,27502.391361182425,0.0,444.49,2285.119,0.0,522.46545,0.0,0.0,0.0,273.2625,73.5485,0.0,-12200.0,44263.496616277174
02-02-2040 14:00:00,43055.84762373097,26693.909151353535,0.0,458.23199999999997,1987.66,0.0,523.3285500000001,0.0,0.0,0.0,276.8055,69.4195,0.0,-12200.0,42594.71165817661
02-02-2040 15:00:00,44584.86688026061,24023.917934364654,0.0,459.605,1737.9,0.0,523.6719,0.0,0.0,0.0,273.9565,64.9845,0.0,-12200.0,41592.268838155
02-02-2040 16:00:00,44637.052748627306,18106.336954798793,0.0,458.0,1748.656,0.0,525.0411000000001,0.0,0.0,0.0,276.7935,70.0885,0.0,-12200.0,41211.12417210608
02-02-2040 17:00:00,42792.42753119502,9314.164580563025,0.0,452.316,1747.162,0.0,530.9541000000002,0.0,0.0,0.0,285.2995,72.2235,0.0,-12200.0,40943.8763682134
02-02-2040 18:00:00,39428.46759102027,869.8752426327592,0.0,454.286,2769.375,0.0,535.13565,0.0,0.0,0.0,299.9685,72.0885,0.0,-4085.5909150083753,41718.39154726385
02-02-2040 19:00:00,38202.89448140494,16.74355440104835,0.0,459.042,3940.638,0.0,536.3886000000001,0.0,0.0,0.0,299.25,72.857,0.0,-354.40400103915454,44214.018874797686
02-02-2040 20:00:00,37769.49225630273,9.107282174213639,0.0,458.411,4487.901,0.0,538.04145,0.0,0.0,0.0,294.5775,71.8835,0.0,-115.44548335426953,44494.03786403618
02-02-2040 21:00:00,36202.69016807708,3.634259869994991,0.0,458.124,4447.959,751.1053744119854,538.9416000000001,0.0,0.0,0.0,300.27,71.933,0.0,0.0,43678.85665964485
02-02-2040 22:00:00,34824.635930442986,3.223242384697938,0.0,451.716,3479.547,459.23271644286433,533.3362500000001,0.0,0.0,0.0,302.3055,72.6645,0.0,0.0,40882.378490648625
02-02-2040 23:00:00,32919.327689248894,2.2514572562422397,0.0,447.978,2571.346,0.0,526.4544000000001,0.0,0.0,0.0,299.9275,72.2615,0.0,0.0,37497.19450646744
03-02-2040 00:00:00,33506.986596707124,1.9363792404460047,0.0,450.884,2377.347,0.0,497.62095000000005,0.0,0.0,0.0,306.993,82.93700000000001,0.0,-2969.314922587433,34829.18816796706
03-02-2040 01:00:00,33665.73197009006,7.222999962883992,0.0,452.004,1893.514,0.0,491.6092500000001,0.0,0.0,0.0,305.05400000000003,84.531,0.0,-5117.2625670513735,32295.877808663587
03-02-2040 02:00:00,34350.26579708506,5.4404776753482516,0.0,453.495,1501.5520000000001,0.0,488.7952500000001,0.0,0.0,0.0,312.468,86.743,0.0,-7360.058742218938,30315.186816939055
03-02-2040 03:00:00,33589.335683889134,6.706067798778134,0.0,449.087,1466.1989999999998,0.0,488.8990500000001,0.0,0.0,0.0,302.8915,89.6005,0.0,-7577.142200540202,29274.479543654867
03-02-2040 04:00:00,33711.976133447344,6.0246506755596485,0.0,447.51599999999996,1404.046,0.0,490.89225000000005,0.0,0.0,0.0,293.5525,90.1345,0.0,-8064.1636586957175,28834.37137280595
03-02-2040 05:00:00,33188.01922199957,10.967677069438473,0.0,445.925,1395.624,0.0,485.45565,0.0,0.0,0.0,305.6935,89.0865,0.0,-7654.1012112124445,28728.521041880493
03-02-2040 06:00:00,32809.68435512883,10.080744637343779,0.0,447.046,1439.339,0.0,476.43840000000006,0.0,0.0,0.0,310.5755,90.2865,0.0,-6739.095151482281,29338.768467580157
03-02-2040 07:00:00,33062.34472031987,76.78455600236781,0.0,445.46,1989.876,0.0,473.38605000000007,0.0,0.0,0.0,305.4985,89.7405,0.0,-5896.186510003812,31092.06004515374
03-02-2040 08:00:00,34382.49673973437,1369.2506710182186,0.0,450.663,2246.9320000000002,0.0,480.46065000000004,0.0,0.0,0.0,312.1735,89.8805,0.0,-6792.522079954528,33160.83471909989
03-02-2040 09:00:00,33846.92732434827,11446.490845534972,0.0,450.284,2533.913,0.0,483.37395000000004,0.0,0.0,0.0,314.7635,89.5915,0.0,-12200.0,36626.598216739425
03-02-2040 10:00:00,33412.020592999696,23032.251721088578,0.0,457.717,2864.75,0.0,483.1447500000001,0.0,0.0,0.0,311.449,89.083,0.0,-12200.0,39383.20902446728
03-02-2040 11:00:00,33853.78849165691,29656.360941630493,0.0,454.043,2987.8059999999996,0.0,482.5779,0.0,0.0,0.0,317.066,88.824,0.0,-12200.0,39686.54587990104
03-02-2040 12:00:00,35578.374222207305,32499.195827436397,0.0,459.88800000000003,2004.124,0.0,479.5332000000001,0.0,0.0,0.0,315.4975,89.1675,0.0,-12200.0,39079.56639266293
03-02-2040 13:00:00,38226.065424663284,32751.63627715607,0.0,457.44,1665.7160000000001,0.0,476.1531000000001,0.0,0.0,0.0,313.763,88.661,0.0,-12200.0,38896.81553648456
03-02-2040 14:00:00,40000.3385376273,30295.96904625038,0.0,461.06,1552.204,0.0,474.57945000000007,0.0,0.0,0.0,311.778,89.559,0.0,-12200.0,37992.112161763405
03-02-2040 15:00:00,40770.26284133222,25634.07893301586,0.0,465.121,1502.158,0.0,472.04445000000004,0.0,0.0,0.0,314.497,90.115,0.0,-12200.0,36520.03849951387
03-02-2040 16:00:00,41435.045750866186,18137.974484917053,0.0,458.164,1409.942,0.0,472.8912,0.0,0.0,0.0,314.1585,90.3995,0.0,-12200.0,35464.53269146836
03-02-2040 17:00:00,42255.95695909036,7349.738958334599,0.0,453.249,1539.6960000000001,0.0,473.97300000000007,0.0,0.0,0.0,318.548,90.919,0.0,-12200.0,35181.168761689536
03-02-2040 18:00:00,40859.18341493474,493.95648733015236,0.0,438.514,2276.5029999999997,0.0,471.99885000000006,0.0,0.0,0.0,316.682,89.87,0.0,-9409.740831572068,36675.55814713886
03-02-2040 19:00:00,39937.26530400067,10.30788588126555,0.0,431.949,2968.446,0.0,473.5731000000001,0.0,0.0,0.0,315.9545,90.3895,0.0,-5616.082070927354,39571.44971966849
03-02-2040 20:00:00,37094.72700583239,5.386492307314002,0.0,434.912,3532.9829999999997,0.0,477.67350000000005,0.0,0.0,0.0,317.0585,90.6025,0.0,-2565.286063027146,40310.39142631363
03-02-2040 21:00:00,36642.74470871999,1.9793736791936998,0.0,439.29,3214.1820000000002,0.0,479.3542500000001,0.0,0.0,0.0,315.6825,90.1505,0.0,-1843.1077112651183,40196.08239844134
03-02-2040 22:00:00,34722.90191417398,6.078732282551144,0.0,440.19699999999995,2778.7690000000002,0.0,480.66525000000007,0.0,0.0,0.0,309.485,90.854,0.0,-1112.7124603750126,38456.77283600213
03-02-2040 23:00:00,31982.089897024074,1.8820274326759767,0.0,448.543,2368.11,0.0,477.2403000000001,0.0,0.0,0.0,310.4425,90.7185,0.0,-462.7763565682326,35865.81135515337
04-02-2040 00:00:00,27416.69469682093,1.0599924620818724,0.0,449.824,1824.335,1604.1836665679693,469.0467000000001,0.0,0.0,0.0,307.348,91.37899999999999,0.0,0.0,32734.45821363182
04-02-2040 01:00:00,24889.41427327701,4.943026073177711,0.0,452.759,1658.826,1639.4114542974676,465.96165,0.0,0.0,0.0,303.707,90.105,0.0,0.0,30016.178445505153
04-02-2040 02:00:00,23525.836557194572,3.2773236327633395,0.0,431.81699999999995,1588.349,1107.0498033497825,464.8806000000001,0.0,0.0,0.0,306.1375,90.6615,0.0,0.0,27990.498896291367
04-02-2040 03:00:00,22135.695990453085,4.218337349101328,0.0,445.092,1531.3220000000001,1528.1655384611404,464.60820000000007,0.0,0.0,0.0,305.4575,90.9205,0.0,0.0,26960.00239623791
04-02-2040 04:00:00,21343.996956228293,3.580178621929589,0.0,458.397,1535.274,1714.667623257912,464.1567,0.0,0.0,0.0,307.23400000000004,90.46700000000001,0.0,0.0,26365.58987144117
04-02-2040 05:00:00,18783.95774627172,6.489749767848197,0.0,456.615,1742.615,4087.2516495572454,464.20140000000004,0.0,0.0,0.0,310.651,89.995,0.0,0.0,26393.39840958958
04-02-2040 06:00:00,18543.751140872584,5.051188569308514,0.0,455.004,1618.941,4736.216120192399,463.92750000000007,0.0,0.0,0.0,309.5505,91.4725,0.0,0.0,26693.76603510868
04-02-2040 07:00:00,19412.81041663526,68.59665504615546,0.0,452.57099999999997,1582.047,4901.951050824653,464.64225000000005,0.0,0.0,0.0,308.496,90.712,0.0,0.0,27780.176832042976
04-02-2040 08:00:00,18806.32035583937,302.80090791818384,0.0,455.805,1784.76,2411.1030934914306,467.1111000000001,0.0,0.0,0.0,300.8805,89.7315,0.0,0.0,28767.398535847056
04-02-2040 09:00:00,17945.49138674566,2693.256969906615,1675.8034062712795,447.691,2283.846,0.0,471.80460000000005,0.0,0.0,0.0,295.999,89.08,0.0,0.0,31539.266542892095
04-02-2040 10:00:00,19683.6872907773,6691.6134343771155,0.0,456.849,2485.548,0.0,474.3798000000001,0.0,0.0,0.0,303.8615,90.0355,0.0,0.0,34575.09767578592
04-02-2040 11:00:00,20623.288184648638,10160.308971544688,0.0,459.11400000000003,2848.683,0.0,474.5697,0.0,0.0,0.0,296.945,90.42399999999999,0.0,0.0,36252.91010464179
04-02-2040 12:00:00,20079.13961127091,11593.919940681408,0.0,461.214,3073.639,0.0,474.6702,0.0,0.0,0.0,296.76,90.25,0.0,0.0,36950.47416770166
04-02-2040 13:00:00,20192.491494534414,12177.80597714998,0.0,465.24800000000005,3112.942,0.0,473.0709,0.0,0.0,0.0,299.6965,89.5615,0.0,0.0,37817.32376691344
04-02-2040 14:00:00,18769.77307198024,11304.444347779103,2214.6707169748843,461.861,3241.0009999999997,0.0,473.18565000000007,0.0,0.0,0.0,299.087,90.081,0.0,0.0,37877.69786051778
04-02-2040 15:00:00,18806.03882385341,10023.241596438567,2068.9588075780484,459.017,2794.473,0.0,471.07830000000007,0.0,0.0,0.0,294.545,88.88799999999999,0.0,0.0,35915.44979662325
04-02-2040 16:00:00,19725.82255168338,8461.98097890469,2129.746049402369,458.14300000000003,2393.449,0.0,473.3328000000001,0.0,0.0,0.0,296.4355,91.1165,0.0,0.0,34931.33272735532
04-02-2040 17:00:00,19100.88256740657,3953.274336083182,1909.9086516865646,451.86,2501.717,4951.440647649637,474.13200000000006,0.0,0.0,0.0,296.6775,90.6235,0.0,0.0,34626.250119479904
04-02-2040 18:00:00,16985.063330556473,384.690733738815,8137.191398457893,452.57800000000003,3561.7740000000003,2926.8048886096003,474.3058500000001,0.0,0.0,0.0,292.35,90.196,0.0,0.0,36266.50227350323
04-02-2040 19:00:00,15992.766041776931,11.400327092186668,15068.507412979638,449.341,4820.4220000000005,0.0,478.9810500000001,1165.9255980271428,0.0,0.0,288.536,90.613,0.0,0.0,39188.442868083
04-02-2040 20:00:00,16058.473128242646,5.051188569308514,15068.507412979638,441.50300000000004,5294.165,0.0,479.3715000000001,2170.5680984661776,0.0,0.0,289.8575,92.0205,0.0,0.0,40744.147111663595
04-02-2040 21:00:00,17384.488467271993,1.5359074450574066,15068.507412979638,446.676,5273.967,0.0,480.90525,952.1651367662671,0.0,0.0,298.434,91.46700000000001,0.0,0.0,40806.29039312486
04-02-2040 22:00:00,17007.44527825069,3.4936486250249463,15068.507412979638,447.731,4781.117,0.0,482.9800500000001,144.55499203655927,0.0,0.0,306.5765,90.4015,0.0,0.0,39050.611379120295
04-02-2040 23:00:00,16817.200656662488,0.7463212233025427,13189.9092875223,444.876,3646.3979999999997,0.0,482.9638500000001,0.0,0.0,0.0,303.623,89.75,0.0,0.0,35592.72813286034
05-02-2040 00:00:00,16796.28840658773,1.178971207825756,11169.176479290294,440.293,2254.031,0.0,478.3258500000001,0.0,0.0,0.0,298.6755,90.8055,0.0,0.0,32059.61459967341
05-02-2040 01:00:00,16901.541961892803,2.725694902496243,9015.262133769185,442.305,1831.735,0.0,474.18105000000014,0.0,0.0,0.0,298.8765,90.5395,0.0,0.0,29535.41689699978
05-02-2040 02:00:00,17102.731963120652,2.8663061474662874,7563.023508481187,438.48199999999997,1695.281,0.0,474.7968000000001,0.0,0.0,0.0,296.997,89.57700000000001,0.0,0.0,28116.456441521175
05-02-2040 03:00:00,17835.50772568112,3.3314048808287415,6233.856108136719,432.92199999999997,1766.6889999999999,0.0,474.69165000000004,0.0,0.0,0.0,296.7155,89.0285,0.0,0.0,27574.108481660052
05-02-2040 04:00:00,18486.993739384307,3.223242384697938,5611.915779755076,436.465,1634.476,0.0,470.4657000000001,0.0,0.0,0.0,300.764,89.244,0.0,0.0,27475.93603916339
05-02-2040 05:00:00,20407.61005899319,7.711985974126274,4575.5468448446845,435.48,1676.2679999999998,0.0,470.25900000000007,0.0,0.0,0.0,304.8355,88.7755,0.0,0.0,28430.53006506155
05-02-2040 06:00:00,21558.379427403434,8.144635958649488,6747.061919489108,432.82099999999997,1872.06,0.0,472.1868000000001,0.0,0.0,0.0,305.5655,88.8495,0.0,0.0,32027.807905283116
05-02-2040 07:00:00,21966.42936856999,71.2033712029078,10719.894894294026,432.019,3351.322,0.0,488.4951000000001,0.0,0.0,0.0,303.495,88.991,0.0,0.0,38088.434322426496
05-02-2040 08:00:00,22449.40294732638,343.0698052276819,13048.120472127295,437.88,4636.981,0.0,500.27895000000007,0.0,0.0,0.0,297.248,89.227,0.0,0.0,42540.40659314381
05-02-2040 09:00:00,23432.769889255054,3513.1827718261693,10558.904514407048,424.83099999999996,5275.9259999999995,0.0,500.7789000000001,0.0,0.0,0.0,288.6795,88.6445,0.0,0.0,44870.161399367484
05-02-2040 10:00:00,24249.76706066109,9089.835563587738,5038.567073686616,432.779,5611.937,0.0,500.98365,0.0,0.0,0.0,288.407,87.821,0.0,0.0,46116.39838047425
05-02-2040 11:00:00,25605.339539755685,13107.571012791645,0.0,439.134,5184.615,0.0,499.7385000000001,0.0,0.0,0.0,296.882,89.70100000000001,0.0,0.0,46223.9074180133
05-02-2040 12:00:00,24528.957067377778,13805.970363213313,0.0,433.801,4764.579000000001,0.0,500.38365000000005,0.0,0.0,0.0,307.297,88.62899999999999,0.0,0.0,45629.85758416706
05-02-2040 13:00:00,25555.780631982558,13847.673988109864,0.0,432.852,3899.328,0.0,506.03265000000005,0.0,0.0,0.0,307.8325,88.8685,0.0,0.0,45840.48058890667
05-02-2040 14:00:00,26469.872803193455,12402.073537549117,0.0,448.07800000000003,2657.422,0.0,509.6383500000001,0.0,0.0,0.0,303.70599999999996,87.736,0.0,0.0,43992.555316541024
05-02-2040 15:00:00,28515.7796491699,9897.279027263683,0.0,450.548,2676.143,0.0,509.54325000000006,0.0,0.0,0.0,302.782,88.993,0.0,0.0,43444.21756213144
05-02-2040 16:00:00,30965.23895795341,7338.459063480445,0.0,449.92199999999997,2846.903,0.0,509.18355000000014,0.0,0.0,0.0,293.8185,90.1755,0.0,0.0,43503.309403729254
05-02-2040 17:00:00,31613.949981476442,3139.4272664461782,0.0,453.86800000000005,3644.2670000000003,2816.4393201028506,509.22675000000004,0.0,0.0,0.0,305.33099999999996,89.943,0.0,0.0,43525.81037830684
05-02-2040 18:00:00,29324.741234158137,318.1059011206925,37.191464537485444,442.789,4135.821,8000.0,511.5553500000001,0.0,0.0,0.0,293.608,89.68,0.0,0.0,44037.149935859445
05-02-2040 19:00:00,27159.544024919567,8.166268457875649,3533.5964118508855,441.45,5561.669,8000.0,513.98415,0.0,0.0,0.0,295.6695,90.4195,0.0,0.0,46500.95643335571
05-02-2040 20:00:00,25589.88762921192,4.683436082463783,13294.982453479533,444.709,6102.575,37.681103911203536,514.8423000000001,0.0,0.0,0.0,301.0755,90.4025,0.0,0.0,47299.238843389314
05-02-2040 21:00:00,23728.716710684796,1.254684955117318,12765.289903192532,440.48699999999997,5650.488,0.0,515.8509,1787.1434473851605,0.0,0.0,307.4835,90.5135,0.0,0.0,46164.70435119063
05-02-2040 22:00:00,24192.197457856797,2.466104911782315,88.0737253896614,423.47,4257.318,0.0,516.1843500000001,11803.19369762488,0.0,0.0,315.556,91.60799999999999,0.0,0.0,42450.686523751705
05-02-2040 23:00:00,24141.91832877008,1.1573387085995952,68.62305534343832,417.25800000000004,2997.223,0.0,511.6969500000001,8877.793016157722,0.0,0.0,315.728,93.59,0.0,0.0,38066.91949524357
06-02-2040 00:00:00,25387.564413766962,1.2114199566649968,84.7799746503711,420.67800000000005,2188.455,0.0,493.69320000000005,5249.044420827127,0.0,0.0,318.6275,94.8365,0.0,0.0,34792.76767269582
06-02-2040 01:00:00,26793.028512003955,2.476921161395395,88.04449091564402,418.194,1896.246,0.0,490.5786000000001,1527.08163272426,0.0,0.0,318.9045,94.8415,0.0,0.0,32127.796034476552
06-02-2040 02:00:00,26809.21460214472,3.646622552025786,0.0,414.98400000000004,1760.97,0.0,491.12565000000006,0.0,0.0,0.0,318.3995,94.2815,0.0,0.0,30358.69894326679
06-02-2040 03:00:00,26413.732309345804,2.993262806093198,0.0,410.059,1472.993,0.0,491.2057500000001,0.0,0.0,0.0,318.7525,94.5515,0.0,0.0,29657.624031806205
06-02-2040 04:00:00,26188.42276299624,3.123721691221509,0.0,410.338,1485.671,0.0,489.7341000000001,0.0,0.0,0.0,319.981,94.603,0.0,0.0,29447.086584931832
06-02-2040 05:00:00,26613.547813619858,3.952557908210966,0.0,417.546,1811.67,0.0,492.3489,0.0,0.0,0.0,320.1195,94.2705,0.0,0.0,30228.944488773763
06-02-2040 06:00:00,29132.931213567128,3.7970114746757293,0.0,421.685,2152.94,0.0,490.1788500000001,0.0,0.0,0.0,321.0275,93.4075,0.0,0.0,33170.364749315835
06-02-2040 07:00:00,30422.578282516013,72.70682989912598,0.0,421.083,3668.68,2897.400415562428,496.2912,0.0,0.0,0.0,321.644,93.15100000000001,0.0,0.0,39073.832155738026
06-02-2040 08:00:00,29848.56467148483,644.7999044341707,0.0,422.525,5480.174,5104.6500965030245,505.20930000000004,0.0,0.0,0.0,317.4745,92.4865,0.0,0.0,43166.73182968559
06-02-2040 09:00:00,28416.762044857027,6829.910001929962,0.0,414.249,5601.095,2115.8377034676596,504.16800000000006,0.0,0.0,0.0,315.558,91.711,0.0,0.0,45087.337392603295
06-02-2040 10:00:00,25345.98089146057,12990.67583348747,0.0,426.154,5670.8640000000005,0.0,502.12725000000006,0.0,0.0,0.0,316.974,91.316,0.0,0.0,46217.70261282958
06-02-2040 11:00:00,23040.712847923973,15162.874655691852,0.0,426.01300000000003,4681.188,0.0,499.3038000000001,0.0,0.0,0.0,301.847,90.962,0.0,0.0,45407.08238663715
06-02-2040 12:00:00,22606.50281198484,15709.301592103893,0.0,426.19199999999995,4513.2570000000005,0.0,499.60395000000005,0.0,0.0,0.0,301.8715,91.5895,0.0,0.0,45565.87183267729
06-02-2040 13:00:00,22752.710956615992,15015.20240266277,0.0,411.961,4625.625,0.0,504.4255500000001,0.0,0.0,0.0,311.4225,91.4655,0.0,0.0,45086.76824680407
06-02-2040 14:00:00,24860.7760691807,15375.128142389323,0.0,426.384,3833.382,0.0,506.66970000000003,0.0,0.0,0.0,315.851,91.161,0.0,-3405.364221523567,43470.866605210416
06-02-2040 15:00:00,30735.726824271598,15608.585297740781,0.0,429.05800000000005,3276.045,0.0,510.8572500000001,0.0,0.0,0.0,314.737,91.464,0.0,-9494.857352979008,43004.30915029832
06-02-2040 16:00:00,31837.144759555867,12529.711148917893,0.0,425.689,3107.711,0.0,513.3166500000001,0.0,0.0,0.0,315.0335,91.5665,0.0,-7860.494617392957,42516.14387052364
06-02-2040 17:00:00,31974.193281249813,5866.183202228946,0.0,435.892,3736.987,0.0,516.6027,0.0,0.0,0.0,317.8905,91.5025,0.0,-1578.6693227045944,42906.93648784634
06-02-2040 18:00:00,32100.15689499564,648.0988605661603,0.0,439.68,4778.772,3891.630902320525,519.2280000000001,0.0,0.0,0.0,317.719,91.351,0.0,0.0,44033.62829972789
06-02-2040 19:00:00,33051.987220111005,18.539051836819684,0.0,444.55400000000003,5520.057,5760.114828933241,523.5870000000001,0.0,0.0,0.0,318.171,92.67200000000001,0.0,0.0,46807.84542815994
06-02-2040 20:00:00,33468.905626123385,9.356055915314485,0.0,446.68199999999996,5520.061,6155.535984404087,527.2542000000001,0.0,0.0,0.0,316.1615,93.7535,0.0,0.0,47566.51231464156
06-02-2040 21:00:00,32593.043197432748,2.163249922616066,0.0,446.30699999999996,5071.021,6801.096291449063,528.7620000000001,0.0,0.0,0.0,315.0725,93.7695,0.0,0.0,46757.454449466626
06-02-2040 22:00:00,32662.273690559843,1.8820274326759772,0.0,442.3,4137.6759999999995,1121.621992893084,525.9793500000002,0.0,0.0,0.0,307.215,91.95299999999999,0.0,0.0,43129.070745368335
06-02-2040 23:00:00,32003.87623041989,1.3844799504742822,0.0,445.509,2694.381,0.0,517.4305500000002,0.0,0.0,0.0,304.6455,93.8845,0.0,0.0,38508.11387899036
07-02-2040 00:00:00,30587.06838713587,1.3195824527958,0.0,448.74300000000005,2376.339,0.0,497.89695000000006,0.0,0.0,0.0,291.881,92.59100000000001,0.0,0.0,34907.22810079054
07-02-2040 01:00:00,28109.07723611389,5.322687440879111,0.0,448.087,2197.513,0.0,494.53650000000005,0.0,0.0,0.0,292.8645,92.1625,0.0,0.0,32141.801485026168
07-02-2040 02:00:00,26644.885649635653,2.6308156731109085,0.0,438.76199999999994,2012.003,0.0,493.1358000000001,0.0,0.0,0.0,302.23400000000004,91.619,0.0,0.0,30459.674707817696
07-02-2040 03:00:00,26143.568759028443,4.375692343353286,0.0,443.727,1945.495,0.0,493.48365,0.0,0.0,0.0,302.9035,92.4915,0.0,0.0,29888.763812631172
07-02-2040 04:00:00,25922.181355692708,3.276107447280038,0.0,443.25199999999995,2036.128,0.0,493.6162500000001,0.0,0.0,0.0,301.9825,92.3775,0.0,0.0,29757.358091338945
07-02-2040 05:00:00,26598.05917296595,8.527349269286583,0.0,451.164,1970.8210000000001,0.0,493.59270000000004,0.0,0.0,0.0,300.59,90.87200000000001,0.0,0.0,30395.832172754548
07-02-2040 06:00:00,28967.898652153748,10.329518380491713,0.0,447.092,2388.4139999999998,251.65495527830353,495.2710500000001,0.0,0.0,0.0,293.5015,86.3075,0.0,0.0,33503.83806081406
07-02-2040 07:00:00,29143.163960899423,76.21129477376401,0.0,447.37300000000005,3865.4159999999997,4431.2563168526685,503.87505000000004,0.0,0.0,0.0,300.069,87.042,0.0,0.0,39544.86800690956
07-02-2040 08:00:00,28718.521907134258,1566.225392722871,0.0,454.186,4958.009,2054.395822939994,517.60125,0.0,0.0,0.0,297.89799999999997,87.199,0.0,0.0,43640.96270913784
07-02-2040 09:00:00,26166.95530008588,11748.286857780235,0.0,451.27,5263.621,0.0,517.9723500000001,0.0,0.0,0.0,292.3935,88.1065,0.0,0.0,45345.57781323947
07-02-2040 10:00:00,20186.735106717853,17823.908324151715,0.0,436.75199999999995,6081.021,0.0,515.94195,0.0,0.0,0.0,284.7785,88.3225,0.0,0.0,46354.29611668129
07-02-2040 11:00:00,18215.779110765005,19825.18330647338,0.0,427.87199999999996,5457.596,0.0,516.0525,0.0,0.0,0.0,287.461,87.85,0.0,0.0,46188.35589306038
07-02-2040 12:00:00,22489.944653399893,24245.11524395371,0.0,439.978,4024.21,0.0,516.9198000000001,0.0,0.0,0.0,295.995,87.806,0.0,-7987.797753054125,45764.89877075071
07-02-2040 13:00:00,28104.889044903193,30514.57498154015,0.0,457.17699999999996,4022.863,0.0,521.1630000000001,0.0,0.0,0.0,295.10900000000004,88.012,0.0,-12200.0,45633.17834531065
07-02-2040 14:00:00,27801.83077681292,28374.791384873763,0.0,462.54400000000004,3484.0359999999996,0.0,522.75165,0.0,0.0,0.0,299.4205,88.5735,0.0,-12200.0,44362.06336893541
07-02-2040 15:00:00,28128.519002448393,23371.9802653642,0.0,458.741,3906.5240000000003,0.0,523.6222500000001,0.0,0.0,0.0,295.9285,85.6585,0.0,-12200.0,43675.80968367003
07-02-2040 16:00:00,27276.468983460334,15890.994889097388,0.0,464.699,4771.157999999999,0.0,525.7230000000001,0.0,0.0,0.0,282.45599999999996,84.632,0.0,-7178.643861003449,43352.764387982104
07-02-2040 17:00:00,25668.284394334063,7494.200788166903,0.0,464.472,5621.969,2109.817560203941,526.1556,0.0,0.0,0.0,284.8725,86.7675,0.0,0.0,43328.983765333054
07-02-2040 18:00:00,24481.1593479688,602.7463259385146,0.0,465.602,6221.007,8000.0,527.80245,0.0,0.0,0.0,288.613,88.829,0.0,0.0,44217.07998641981
07-02-2040 19:00:00,25922.248142976394,2.509369910234636,0.0,464.93800000000005,6223.733,8000.0,527.4348000000001,0.0,0.0,0.0,291.632,91.251,0.0,0.0,47077.15666456784
07-02-2040 20:00:00,26072.56340081911,1.4601936977658445,2744.925863013468,469.231,6225.404,5620.182439796059,527.0400000000001,0.0,0.0,0.0,292.8845,91.9935,0.0,0.0,48013.071548529806
07-02-2040 21:00:00,25352.589478049184,1.0275437132426313,10684.718812006344,467.42199999999997,6035.994000000001,0.0,527.54145,0.0,0.0,0.0,288.0555,93.7025,0.0,0.0,47194.39772328298
07-02-2040 22:00:00,24202.659384332146,5.91648853835494,12792.478562292868,459.015,4409.775,0.0,523.83465,0.0,0.0,0.0,291.0265,92.4005,0.0,0.0,43565.56577036895
07-02-2040 23:00:00,22461.922450468977,1.1248899597603543,11577.554180211679,456.86,3015.015,0.0,516.57045,0.0,0.0,0.0,297.462,93.287,0.0,0.0,39084.29699862947
08-02-2040 00:00:00,20869.02162662201,1.3736637008612018,10181.875277349689,461.435,2466.403,0.0,502.2274500000001,0.0,0.0,0.0,301.9685,94.5275,0.0,0.0,35446.96505779886
08-02-2040 01:00:00,19363.707045644107,6.100364781777305,9585.160639879363,459.45599999999996,1808.135,0.0,497.4720000000001,0.0,0.0,0.0,300.9035,93.6995,0.0,0.0,32624.232899866645
08-02-2040 02:00:00,18091.072671203594,2.8446736482401267,9361.635788585132,459.415,1766.493,0.0,496.45275000000004,0.0,0.0,0.0,303.4285,93.9195,0.0,0.0,31054.399332827208
08-02-2040 03:00:00,17439.44742298909,5.613633549188691,9348.243061726895,461.287,1741.279,0.0,496.9753500000001,0.0,0.0,0.0,300.629,95.2,0.0,0.0,30354.679955544652
08-02-2040 04:00:00,17258.12928062644,4.391397342910614,9364.396189197072,462.415,1759.348,0.0,497.62530000000004,0.0,0.0,0.0,291.7295,93.9465,0.0,0.0,30197.988165165832
08-02-2040 05:00:00,17730.617727155593,10.124009637843187,3970.2510901573946,463.418,1833.2060000000001,0.0,498.76470000000006,5445.7354808676355,0.0,0.0,296.79400000000004,93.43700000000001,0.0,0.0,30826.824339057148
08-02-2040 06:00:00,18144.90614795421,10.52421087352716,85.60828474752992,458.181,2330.264,0.0,502.5205500000001,11401.827058645631,0.0,0.0,296.70099999999996,93.99799999999999,0.0,0.0,33887.63502068554
08-02-2040 07:00:00,17605.73597338013,74.76191732561125,83.00641655998402,445.49,4157.41,0.0,512.3514,16058.409721158157,0.0,0.0,290.5425,90.8165,0.0,0.0,40008.78469971137
08-02-2040 08:00:00,17516.92369328641,1868.5828344069187,84.65329192962919,448.975,6050.619000000001,0.0,523.0153500000001,16540.592981760663,0.0,0.0,286.8315,90.3105,0.0,0.0,44178.97325722186
08-02-2040 09:00:00,16827.647112636587,13922.579155710482,172.04487959221862,449.635,6212.7519999999995,0.0,518.3526,6677.182078538974,0.0,0.0,295.247,91.36399999999999,0.0,0.0,45987.63602522733
08-02-2040 10:00:00,15338.983788422825,22845.658095577193,0.0,453.534,6341.241,0.0,511.11855000000014,0.0,0.0,0.0,296.8365,93.7305,0.0,0.0,46894.66322596669
08-02-2040 11:00:00,13458.830245969466,24864.166700855527,0.0,448.934,5200.667,0.0,515.7865500000001,0.0,0.0,0.0,289.249,94.439,0.0,0.0,46582.15679932312
08-02-2040 12:00:00,12594.33334855051,25304.452875016625,0.0,455.54699999999997,4574.92,0.0,518.72595,0.0,0.0,0.0,283.043,92.73100000000001,0.0,0.0,45965.37796058891
08-02-2040 13:00:00,12757.253642682588,24979.52327234159,0.0,462.80400000000003,4546.206,0.0,516.9954,0.0,0.0,0.0,289.1185,91.7205,0.0,0.0,45883.454444664814
08-02-2040 14:00:00,14153.091959870879,24793.349411815325,0.0,469.00199999999995,3593.188,0.0,518.3757,0.0,0.0,0.0,289.153,90.5,0.0,-1523.8436996738308,44629.707714934
08-02-2040 15:00:00,19539.90269451601,27031.739171574343,0.0,467.63199999999995,3150.66,0.0,520.12545,0.0,0.0,0.0,292.8555,92.5715,0.0,-9302.224443428218,43993.0995389621
08-02-2040 16:00:00,20320.803638052217,21363.40254745578,0.0,464.713,3279.3,0.0,518.2191000000001,0.0,0.0,0.0,304.9925,94.0145,0.0,-4862.974728207035,43669.34522896483
08-02-2040 17:00:00,19919.426788938352,11649.241444532485,0.0,464.366,4253.722,4402.261376326398,523.9332,0.0,0.0,0.0,302.3095,94.3335,0.0,0.0,43722.99670630534
08-02-2040 18:00:00,18806.297150087485,1438.7558910327193,2702.6108369254725,468.216,5470.432,8000.0,528.1153500000001,0.0,0.0,0.0,302.6325,94.3525,0.0,0.0,44412.07380112377
08-02-2040 19:00:00,19026.32248659628,20.788831756340393,6496.916859832945,465.281,6291.883000000001,8000.0,529.87665,0.0,0.0,0.0,306.6255,94.5515,0.0,0.0,47449.54206516946
08-02-2040 20:00:00,18419.356707886727,5.840774791063378,12859.321468184004,469.06800000000004,5969.401,3327.738623673602,529.2499500000001,0.0,0.0,0.0,310.855,94.51700000000001,0.0,0.0,48141.23760265507
08-02-2040 21:00:00,17549.539377562432,1.8603949334498164,15068.507412979638,470.449,6178.095,0.0,530.6944500000001,5949.404211452722,0.0,0.0,310.0355,95.1905,0.0,0.0,47215.43714632774
08-02-2040 22:00:00,16982.290243206073,5.786693542997977,15068.507412979638,465.39099999999996,5641.033,0.0,528.99015,4037.8827395664375,0.0,0.0,311.8385,94.9025,0.0,0.0,43995.01715111571
08-02-2040 23:00:00,15793.830866107359,1.2006037070519164,15068.507412979638,462.574,5155.107,0.0,523.0821000000001,1507.5179427963994,0.0,0.0,318.195,94.318,0.0,0.0,39617.37532177755
09-02-2040 00:00:00,15042.788309187155,0.5732612294932574,15068.507412979638,459.619,3902.8759999999997,0.0,507.31935000000016,11.98752492503263,0.0,0.0,321.1355,95.3465,0.0,0.0,35981.78094959282
09-02-2040 01:00:00,14445.089360730812,5.018739820469272,13818.313567034906,452.173,2936.76,0.0,503.2183500000001,0.0,0.0,0.0,322.7305,94.8785,0.0,0.0,33088.3032248352
09-02-2040 02:00:00,14309.54456396365,2.9852848932101708,550.1886298664049,441.036,2106.629,0.0,501.4992000000001,12461.436462576983,0.0,0.0,319.2225,94.6775,0.0,0.0,31265.831045388724
09-02-2040 03:00:00,15170.632663953424,2.4228399133299936,0.0,424.773,1791.6429999999998,0.0,497.6545500000001,11900.065900215548,0.0,0.0,315.155,94.213,0.0,0.0,30661.104333941552
09-02-2040 04:00:00,14294.731559009639,3.104263638954054,0.0,419.523,1930.148,0.0,500.94735000000014,12416.273464277567,0.0,0.0,310.7965,93.3305,0.0,0.0,30432.57369601579
09-02-2040 05:00:00,14873.765347698863,8.047289712131766,0.0,413.51199999999994,1826.505,0.0,503.09220000000005,12546.810299276,0.0,0.0,321.69599999999997,92.64299999999999,0.0,0.0,31071.73670424198
09-02-2040 06:00:00,14730.883665710353,9.745440901385376,0.0,427.399,2404.703,0.0,503.36295,15140.915950722163,0.0,0.0,324.111,93.20700000000001,0.0,0.0,34196.68714151756
09-02-2040 07:00:00,15609.275521356583,78.91535717703408,0.0,442.64599999999996,4082.002,0.0,514.3860000000001,18380.947996380775,0.0,0.0,315.4645,92.8105,0.0,0.0,40202.623855225254
09-02-2040 08:00:00,15404.92180262159,2084.269667941353,0.0,452.49,5128.028,0.0,526.2963000000001,19217.01478388627,0.0,0.0,321.7285,93.6795,0.0,0.0,43993.74791878434
09-02-2040 09:00:00,13039.725820751994,12917.987524146807,7.786114913292703,453.87800000000004,5410.816999999999,0.0,528.6855,12274.477519787197,0.0,0.0,316.286,93.148,0.0,0.0,45863.2311692563
09-02-2040 10:00:00,12445.1905898028,21258.484130789955,1424.0014845613885,453.786,5470.5830000000005,0.0,528.13215,3863.445103746025,0.0,0.0,297.637,93.889,0.0,0.0,46829.765353235285
09-02-2040 11:00:00,13961.467286698491,24484.592835431496,0.0,413.041,5616.439,0.0,525.3492000000001,0.0,0.0,0.0,295.6965,93.9355,0.0,0.0,46654.94273523923
09-02-2040 12:00:00,14832.405811655746,23653.18358596773,0.0,424.50699999999995,5088.601,0.0,521.7234000000001,0.0,0.0,0.0,292.9285,93.5725,0.0,0.0,46259.682137397314
09-02-2040 13:00:00,16691.18165469306,21969.843436144594,0.0,453.13,4590.274,0.0,522.2835,0.0,0.0,0.0,300.553,94.169,0.0,0.0,45876.2597721793
09-02-2040 14:00:00,17063.024176431776,20819.07805152602,0.0,453.869,3928.8,0.0,525.8890500000001,0.0,0.0,0.0,296.25,93.47,0.0,0.0,44394.79632021466
09-02-2040 15:00:00,18082.18190361449,19069.16312201818,0.0,456.784,3424.0559999999996,0.0,524.5639500000001,0.0,0.0,0.0,296.3925,92.5265,0.0,0.0,43207.093566618765
09-02-2040 16:00:00,22655.591923328495,14679.701155861649,0.0,457.417,2642.9240000000004,0.0,525.9478500000001,0.0,0.0,0.0,270.9835,77.8095,0.0,0.0,42581.28390921276
09-02-2040 17:00:00,29175.895673934876,6808.601990192194,0.0,455.837,2340.531,1772.4347668326009,526.5037500000001,0.0,0.0,0.0,276.579,85.738,0.0,0.0,42619.730265936654
09-02-2040 18:00:00,31989.310753485992,535.9668008273566,0.0,457.871,2843.7859999999996,5500.393522463284,522.8856000000002,0.0,0.0,0.0,299.899,93.89,0.0,0.0,43238.932996192285
09-02-2040 19:00:00,34379.7661962837,3.6991573676734726,0.0,453.474,4084.725,5052.716131707799,522.84765,0.0,0.0,0.0,304.91,93.912,0.0,0.0,45882.39836301514
09-02-2040 20:00:00,34203.06599854639,0.8977487178856673,0.0,460.051,3986.4640000000004,5724.630760950888,526.17165,0.0,0.0,0.0,300.1955,95.0005,0.0,0.0,46260.59797854611
09-02-2040 21:00:00,33876.44890837376,1.0708087116949527,0.0,460.82,3936.4109999999996,5356.477783186965,528.0717000000001,0.0,0.0,0.0,292.8485,94.5585,0.0,0.0,45441.27874940274
09-02-2040 22:00:00,32513.261822448065,5.840774791063378,0.0,454.251,2749.053,323.3470348584633,524.8608,0.0,0.0,0.0,298.9545,95.1675,0.0,0.0,42531.66815917671
09-02-2040 23:00:00,31564.985844996605,1.7954974357713347,1169.8967216083547,459.115,2365.9829999999997,0.0,518.4702000000001,0.0,0.0,0.0,298.2045,94.5855,0.0,0.0,38975.83194494401
10-02-2040 00:00:00,30233.200008998232,1.2006037070519164,1514.6970906016068,456.509,2474.879,0.0,493.9315500000001,0.0,0.0,0.0,284.4565,94.4015,0.0,0.0,36158.966452632456
10-02-2040 01:00:00,29047.458362016663,5.652664719269079,0.0,454.009,2408.786,0.0,488.1714,0.0,0.0,0.0,279.4415,94.4315,0.0,0.0,33317.93495528757
10-02-2040 02:00:00,27283.0501724427,3.9917555260116755,0.0,446.884,2106.819,0.0,488.7460500000001,0.0,0.0,0.0,273.9445,93.8375,0.0,0.0,31198.61864640714
10-02-2040 03:00:00,26170.527942687033,5.022794583526251,0.0,444.658,2031.019,0.0,488.66595,0.0,0.0,0.0,268.074,94.88600000000001,0.0,0.0,29984.51347957858
10-02-2040 04:00:00,25768.730006519512,3.9342139928430293,0.0,445.87199999999996,1903.1960000000001,0.0,488.5291500000001,0.0,0.0,0.0,271.3685,94.6145,0.0,0.0,29451.347366620954
10-02-2040 05:00:00,25411.953109345992,7.012511739336683,0.0,439.889,2124.359,0.0,487.749,0.0,0.0,0.0,275.7555,95.0185,0.0,0.0,29323.19768008731
10-02-2040 06:00:00,26003.838446994345,6.8925904801411,0.0,443.76099999999997,2194.527,0.0,480.22980000000007,0.0,0.0,0.0,274.686,94.156,0.0,0.0,30013.235254940784
10-02-2040 07:00:00,26457.287693714738,77.06577849319734,0.0,446.865,2355.6020000000003,1093.066323908919,480.08400000000006,0.0,0.0,0.0,275.95,94.26799999999999,0.0,0.0,31845.82706989194
10-02-2040 08:00:00,26743.33726196502,1298.306889806871,0.0,451.63800000000003,2482.225,1392.0303388211942,480.8604,0.0,0.0,0.0,277.018,93.913,0.0,0.0,33867.90277302542
10-02-2040 09:00:00,23812.448084666656,8588.261612595143,0.0,445.74,3123.223,0.0,484.1458500000001,0.0,0.0,0.0,281.14799999999997,95.126,0.0,0.0,37586.174686320504
10-02-2040 10:00:00,20434.9768837507,14304.0088917394,0.0,454.43199999999996,3622.492,0.0,484.5984000000001,0.0,0.0,0.0,282.953,95.21799999999999,0.0,0.0,40598.19171740065
10-02-2040 11:00:00,18362.176644662646,16823.272395642238,0.0,453.48800000000006,3296.2070000000003,0.0,482.92395000000005,0.0,0.0,0.0,281.9645,93.8235,0.0,0.0,41195.922027415196
10-02-2040 12:00:00,27268.226987786937,26423.806955198266,0.0,456.778,2473.6839999999997,0.0,482.3788500000001,0.0,0.0,0.0,291.5975,94.6225,0.0,-12200.0,40380.904126949295
10-02-2040 13:00:00,33638.424787960954,30721.765331309725,0.0,454.41900000000004,2213.685,0.0,479.6337000000001,0.0,0.0,0.0,296.028,95.325,0.0,-12200.0,40147.57146083907
10-02-2040 14:00:00,36093.24799955975,29411.79526130138,0.0,453.22,2099.837,0.0,477.6640500000001,0.0,0.0,0.0,290.2755,95.8855,0.0,-12200.0,39319.50672990496
10-02-2040 15:00:00,37692.30303453462,26614.8625508094,0.0,456.028,1989.785,0.0,471.3628500000001,0.0,0.0,0.0,286.04400000000004,95.339,0.0,-12200.0,37757.65868761848
10-02-2040 16:00:00,37284.37479275876,20872.974999474238,0.0,456.25300000000004,2146.7729999999997,0.0,478.19445,0.0,0.0,0.0,287.4265,95.8735,0.0,-12200.0,36606.295335317154
10-02-2040 17:00:00,36197.29808485012,11005.706854757971,0.0,454.209,2241.479,0.0,483.91665000000006,0.0,0.0,0.0,284.6035,95.8815,0.0,-12200.0,36254.72876726431
10-02-2040 18:00:00,35243.553867978415,1419.2217429926418,0.0,447.19800000000004,2479.274,0.0,488.37930000000006,0.0,0.0,0.0,295.681,96.676,0.0,-5173.126194363496,36855.94983818081
10-02-2040 19:00:00,34138.83634367097,9.0315684265835,0.0,445.51599999999996,4024.528,0.0,487.7565000000001,0.0,0.0,0.0,298.018,96.26700000000001,0.0,-657.346270294056,39958.97663047387
10-02-2040 20:00:00,33387.03960109427,1.676518690027451,0.0,442.457,4564.056,729.8368017718094,487.40625000000006,0.0,0.0,0.0,298.245,94.054,0.0,0.0,40980.88795673624
10-02-2040 21:00:00,30318.8485715848,2.195698671455307,0.0,445.385,4753.932,3798.7830894535946,487.4442,0.0,0.0,0.0,293.7595,95.6685,0.0,0.0,41089.67701433746
10-02-2040 22:00:00,29144.66846714671,4.294051096392891,0.0,445.483,4471.923,3712.126188340364,488.10990000000004,0.0,0.0,0.0,293.74,94.38600000000001,0.0,0.0,39435.2501539876
10-02-2040 23:00:00,27477.86119116758,1.7954974357713347,0.0,441.855,3811.801,3363.561491863544,487.0420500000001,0.0,0.0,0.0,297.17,93.633,0.0,0.0,36646.59160188393
11-02-2040 00:00:00,27618.747178493883,1.092441210921113,0.0,444.189,3487.5,763.9640533964593,478.2426000000001,0.0,0.0,0.0,289.4795,92.5955,0.0,0.0,33765.250074315714
11-02-2040 01:00:00,26146.84707050022,5.720047972100823,0.0,435.226,2887.625,0.0,470.40840000000003,0.0,0.0,0.0,291.819,92.801,0.0,0.0,30858.278758237066
11-02-2040 02:00:00,24758.439599161396,2.9870840842220736,0.0,449.435,2171.926,0.0,469.41390000000007,0.0,0.0,0.0,306.2215,92.1175,0.0,0.0,28739.01341208507
11-02-2040 03:00:00,23823.023951640847,4.529074107447977,0.0,453.38599999999997,1824.47,0.0,467.9649,0.0,0.0,0.0,307.6735,91.5575,0.0,0.0,27442.197224981453
11-02-2040 04:00:00,25855.86565403724,3.237873935562215,0.0,450.36400000000003,1628.3229999999999,0.0,466.8310500000001,0.0,0.0,0.0,306.1985,91.1225,0.0,-2273.2785688078075,26991.372001534015
11-02-2040 05:00:00,31598.269794564672,8.71724622141358,0.0,449.06800000000004,1570.836,0.0,465.6955500000001,0.0,0.0,0.0,306.693,92.568,0.0,-8135.802148977178,26822.845698438454
11-02-2040 06:00:00,33170.04103956054,9.448860354321154,0.0,449.726,1664.5529999999999,0.0,465.5739,0.0,0.0,0.0,306.647,91.316,0.0,-9213.751146959527,27430.32923310004
11-02-2040 07:00:00,35586.10177139618,79.14045999326507,0.0,450.54,1436.83,0.0,463.8687000000001,0.0,0.0,0.0,306.651,93.698,0.0,-10606.34813840094,28325.859688694993
11-02-2040 08:00:00,36954.19267985656,1711.0093685332834,0.0,442.087,1657.039,0.0,465.9144,0.0,0.0,0.0,307.8415,95.0625,0.0,-12200.0,29256.631800974395
11-02-2040 09:00:00,35540.786324528,11252.77108203946,0.0,441.574,1904.1,0.0,468.7900500000001,0.0,0.0,0.0,313.3505,94.4605,0.0,-12200.0,32055.367581640858
11-02-2040 10:00:00,33593.08336400037,20966.14246878561,0.0,450.903,2065.429,0.0,462.88320000000004,0.0,0.0,0.0,318.2,94.352,0.0,-12200.0,34690.787161214364
11-02-2040 11:00:00,31651.16813437866,26562.416000193345,0.0,452.11800000000005,2176.305,0.0,465.83460000000014,0.0,0.0,0.0,318.612,93.678,0.0,-12200.0,35716.68548399709
11-02-2040 12:00:00,31143.116878281486,29248.95608342212,0.0,456.24800000000005,1955.441,0.0,465.32880000000006,0.0,0.0,0.0,314.6835,94.4935,0.0,-12200.0,35400.314073788824
11-02-2040 13:00:00,32384.55498722065,31157.234554175695,0.0,443.13800000000003,2018.989,0.0,464.7952500000001,0.0,0.0,0.0,308.025,94.833,0.0,-12200.0,35564.62572204437
11-02-2040 14:00:00,34701.38244692418,29695.807803968808,0.0,433.494,2013.349,0.0,460.60185000000007,0.0,0.0,0.0,308.4255,95.0935,0.0,-12200.0,35409.99401626433
11-02-2040 15:00:00,36909.89319205896,24981.123576373408,0.0,424.879,1801.6770000000001,0.0,453.11070000000007,0.0,0.0,0.0,309.9975,93.5795,0.0,-12200.0,33787.970523417156
11-02-2040 16:00:00,38408.5322517443,18091.47542783042,0.0,431.04699999999997,1745.485,0.0,456.45045000000005,0.0,0.0,0.0,315.111,94.09200000000001,0.0,-12200.0,32955.98612628276
11-02-2040 17:00:00,36097.18134950127,9015.398133750521,0.0,437.186,1893.692,0.0,460.5339,0.0,0.0,0.0,316.0925,95.0845,0.0,-12200.0,32639.48972719312
11-02-2040 18:00:00,34404.32948465522,1013.125652508395,2135.33389243533,433.31699999999995,2523.466,0.0,468.09990000000005,0.0,0.0,0.0,318.9185,95.2185,0.0,-8757.63118760931,33925.76555728948
11-02-2040 19:00:00,35032.27713069518,4.575273586332977,2515.2990630856366,438.684,3853.8759999999997,0.0,471.29100000000005,0.0,0.0,0.0,314.29200000000003,92.995,0.0,-6224.026681750853,37596.954977341185
11-02-2040 20:00:00,36004.14562256426,1.4061124497004425,1631.6783155684534,440.843,4409.055,0.0,467.7820500000001,0.0,0.0,0.0,321.6245,94.6645,0.0,-4984.334678293224,39412.103775513526
11-02-2040 21:00:00,36835.340846499326,1.784681186158254,834.9716593048943,439.11,4289.595,0.0,465.79380000000003,0.0,0.0,0.0,319.99,95.43700000000001,0.0,-4346.7701369204515,39845.249024094526
11-02-2040 22:00:00,36197.37605089515,4.964658572403868,339.50871710592764,432.777,4065.373,0.0,470.8390500000001,0.0,0.0,0.0,313.9275,95.5455,0.0,-4244.194741360003,38445.26939502477
11-02-2040 23:00:00,36341.73129812844,1.2438687055042374,54.26210722365067,437.154,2760.7740000000003,0.0,472.11120000000005,0.0,0.0,0.0,316.8475,95.7605,0.0,-5698.881726644493,35415.88672123528
12-02-2040 00:00:00,35163.64102449753,1.016727463629551,0.0,441.19,2103.547,0.0,466.9281000000001,0.0,0.0,0.0,316.2235,95.4945,0.0,-7285.490075202069,31844.53365816389
12-02-2040 01:00:00,33408.566803594,2.8663061474662865,0.0,439.23,2168.034,0.0,466.44060000000013,0.0,0.0,0.0,311.4125,95.5195,0.0,-7870.082350252731,29508.42673843197
12-02-2040 02:00:00,32438.752020766857,3.5909948715426685,0.0,430.79900000000004,2035.984,0.0,467.87925000000007,0.0,0.0,0.0,313.08799999999997,97.022,0.0,-8366.877076385063,27878.498814808474
12-02-2040 03:00:00,31139.41556115598,3.179977386245616,0.0,428.459,2022.944,0.0,467.33805000000007,0.0,0.0,0.0,313.877,96.508,0.0,-7458.011453733885,27460.00107275717
12-02-2040 04:00:00,31183.0153013248,3.2773236327633386,0.0,435.31800000000004,1822.999,0.0,465.98400000000004,0.0,0.0,0.0,301.0695,96.2915,0.0,-7270.051853700912,27483.40077691051
12-02-2040 05:00:00,30636.032523615697,3.720789866899632,0.0,440.597,1917.46,0.0,468.78015,0.0,0.0,0.0,303.9025,97.9875,0.0,-6168.665223439526,28163.49020398047
12-02-2040 06:00:00,29273.86262314768,2.4552886621692336,0.0,439.879,2490.675,0.0,474.1774500000001,0.0,0.0,0.0,302.8575,97.0565,0.0,-2038.979428021914,31573.472949407103
12-02-2040 07:00:00,26990.69510657042,69.22399752371412,0.0,442.43699999999995,2958.151,5182.710533239002,489.6426000000001,0.0,0.0,0.0,300.9825,95.2405,0.0,0.0,37165.40594093306
12-02-2040 08:00:00,25245.66124098299,608.9115882179702,0.0,444.444,2904.244,8000.0,503.3301000000001,0.0,0.0,0.0,312.7665,96.4935,0.0,0.0,40954.93602426362
12-02-2040 09:00:00,23114.789206409387,5615.861696608986,0.0,440.20599999999996,3958.3379999999997,8000.0,502.2756000000001,0.0,0.0,0.0,312.255,98.49700000000001,0.0,0.0,43267.36052689617
12-02-2040 10:00:00,22316.287019256633,11962.339422082321,132.02873155724956,441.07800000000003,4520.473,2547.289466760998,501.27585000000016,0.0,0.0,0.0,309.8425,98.3725,0.0,0.0,44597.821042539224
12-02-2040 11:00:00,21896.185221850665,14739.132745571631,1773.3368828670064,444.845,4132.084,0.0,500.1063000000001,0.0,0.0,0.0,311.938,97.851,0.0,0.0,44925.54858540028
12-02-2040 12:00:00,20208.92753020184,14483.671702389063,3810.2488600272045,444.245,3595.3740000000003,0.0,504.2295000000001,0.0,0.0,0.0,305.3475,96.6925,0.0,0.0,44719.235093133924
12-02-2040 13:00:00,19089.36268352128,14661.756532354371,4910.73385925265,437.392,3258.2259999999997,0.0,505.4383500000001,0.0,0.0,0.0,320.718,98.23700000000001,0.0,0.0,44687.48605730498
12-02-2040 14:00:00,20675.56238097418,17026.962528868415,5823.928200685827,440.98,2772.639,0.0,509.3860500000001,0.0,0.0,0.0,316.6335,98.5565,0.0,-5611.447314354235,43555.238192052624
12-02-2040 15:00:00,28576.273407137844,21516.145790542658,6778.895682042406,441.337,2207.374,0.0,510.1102500000001,0.0,0.0,0.0,314.099,99.272,0.0,-12200.0,42529.25542737683
12-02-2040 16:00:00,30888.335887821006,18826.19833504328,8511.64342118369,440.103,1957.316,0.0,512.8776000000001,0.0,0.0,0.0,312.887,96.68799999999999,0.0,-12200.0,42059.611937464484
12-02-2040 17:00:00,29907.533283712102,11169.25303891137,9353.078822693846,449.941,2181.365,0.0,512.9505,0.0,0.0,0.0,313.346,97.977,0.0,-12200.0,41918.38454523304
12-02-2040 18:00:00,26017.264094074348,1751.7457060864251,6256.893684330455,455.31199999999995,3527.7490000000003,1667.7416405163349,514.2525,0.0,0.0,0.0,314.448,99.444,0.0,0.0,42160.29494531999
12-02-2040 19:00:00,25709.424324802938,4.629354834398381,2108.80247221631,455.275,4732.210999999999,8000.0,520.089,0.0,0.0,0.0,315.283,98.251,0.0,0.0,45062.53230751564
12-02-2040 20:00:00,25414.88918661294,3.2665073831502593,1127.1643802136823,453.608,5688.369000000001,8000.0,525.0813,0.0,0.0,0.0,316.3035,98.1695,0.0,0.0,45869.53975985049
12-02-2040 21:00:00,23741.561094353794,1.5250911954443263,2173.2854791689024,455.404,5667.871999999999,6062.258359483665,531.0321000000001,0.0,0.0,0.0,323.444,98.819,0.0,0.0,45024.785665333155
12-02-2040 22:00:00,22163.16386543569,1.514274945831246,7895.394111172322,457.027,4650.242,0.0,529.2748500000001,0.0,0.0,0.0,317.8785,97.9695,0.0,0.0,41746.232820595455
12-02-2040 23:00:00,21039.38665409438,1.4926424466050854,11060.82317343972,450.601,3401.745,0.0,525.49845,0.0,0.0,0.0,322.505,99.22,0.0,0.0,37563.822880021035
13-02-2040 00:00:00,21487.86101504666,1.0491762124687918,8219.70070047506,448.02099999999996,2839.4390000000003,0.0,506.91885000000013,0.0,0.0,0.0,316.5145,98.7435,0.0,0.0,34492.28621801689
13-02-2040 01:00:00,23241.256686563745,8.155452208262568,4160.795539110055,447.165,2587.452,0.0,499.41045,0.0,0.0,0.0,315.996,99.055,0.0,0.0,31873.731581645712
13-02-2040 02:00:00,24732.640081159305,9.86441964712926,1411.9335755995962,451.55199999999996,2161.02,0.0,497.7336000000001,0.0,0.0,0.0,314.89599999999996,99.71,0.0,0.0,30162.389769382375
13-02-2040 03:00:00,25708.54524213473,3.2600197904297055,0.0,453.048,2139.958,0.0,497.49690000000004,0.0,0.0,0.0,320.5295,98.8685,0.0,0.0,29690.037443058278
13-02-2040 04:00:00,25652.893157986768,5.321719009045824,0.0,455.168,1991.854,0.0,492.65685000000013,0.0,0.0,0.0,320.498,98.289,0.0,0.0,29482.711020065577
13-02-2040 05:00:00,26188.399433525294,7.682789989953517,0.0,454.779,2168.9320000000002,0.0,490.9783500000001,0.0,0.0,0.0,328.6015,99.0545,0.0,0.0,30216.942952224406
13-02-2040 06:00:00,28231.986245463333,5.559552301123289,0.0,457.7,2707.7990000000004,393.396790892446,491.84115,0.0,0.0,0.0,328.3105,97.8925,0.0,0.0,33245.83422627484
13-02-2040 07:00:00,29719.61804350397,82.47390329973751,286.78258278014255,455.319,2992.3709999999996,3817.286917542413,497.05185000000006,0.0,0.0,0.0,330.454,98.14200000000001,0.0,0.0,38899.73454765226
13-02-2040 08:00:00,32094.916262694675,2635.0871794874693,2422.6741530732215,456.375,3115.157,0.0,506.99025000000006,0.0,0.0,0.0,325.637,96.93700000000001,0.0,0.0,42355.32670307723
13-02-2040 09:00:00,27144.47270319201,11661.78359588317,0.0,452.166,3391.802,0.0,507.2823000000001,0.0,0.0,0.0,314.871,97.316,0.0,0.0,44345.483742614175
13-02-2040 10:00:00,23490.66891314349,16006.521806735062,0.0,454.825,3364.21,0.0,507.2695500000001,0.0,0.0,0.0,310.21299999999997,97.057,0.0,0.0,45244.55629383015
13-02-2040 11:00:00,22369.099007863024,16750.197181758507,0.0,450.42800000000005,2693.968,0.0,512.7171000000001,0.0,0.0,0.0,313.23900000000003,98.09100000000001,0.0,0.0,45057.32778537382
13-02-2040 12:00:00,36495.31963956466,26551.95605048174,0.0,453.585,2412.552,0.0,510.25365000000005,0.0,0.0,0.0,310.928,96.219,0.0,-12200.0,44509.374669367135
13-02-2040 13:00:00,41902.7648257473,28100.68798029416,318.78475237530074,455.51300000000003,2337.76,0.0,504.65670000000006,0.0,0.0,0.0,313.1755,97.6535,0.0,-12200.0,44574.15536502219
13-02-2040 14:00:00,45900.7021919543,26549.83046923561,11503.470257647248,450.314,2083.144,0.0,507.8782500000001,0.0,0.0,0.0,313.5115,98.0855,0.0,-12200.0,43186.391539155615
13-02-2040 15:00:00,45302.38011360101,21694.452206838978,11057.533437881124,456.713,2414.044,0.0,505.2459,0.0,0.0,0.0,311.036,98.29899999999999,0.0,-12200.0,42508.74311518012
13-02-2040 16:00:00,43614.65050714049,15796.091631218052,9908.355498732359,454.35,2452.383,0.0,502.9815000000001,0.0,0.0,0.0,304.599,97.329,0.0,-12200.0,42169.1137292823
13-02-2040 17:00:00,41743.550424924346,7624.201232584484,7920.32940902398,455.51300000000003,2692.862,0.0,507.10065000000003,0.0,0.0,0.0,308.4295,98.3795,0.0,-12200.0,42042.63353709304
13-02-2040 18:00:00,40352.091309640324,1017.841536959379,4244.678990820132,465.102,3143.3909999999996,0.0,513.3396000000001,0.0,0.0,0.0,310.722,98.899,0.0,-8953.941992624623,42460.12132434375
13-02-2040 19:00:00,42106.3417408113,5.624449798719189,1791.7195201291179,463.426,3532.283,0.0,513.2997,0.0,0.0,0.0,299.9565,96.5265,0.0,-4468.746508568784,45407.95284491831
13-02-2040 20:00:00,44495.52860309939,3.6667086188321925,1462.7001323006407,463.67199999999997,3679.9159999999997,0.0,515.8479000000001,0.0,0.0,0.0,298.6445,95.1595,0.0,-5692.878723736681,46374.771601796914
13-02-2040 21:00:00,44416.77988409741,2.3038611675860587,1324.707568043872,458.296,3888.333,0.0,517.2996,0.0,0.0,0.0,299.6,95.271,0.0,-6446.136240063806,45557.64228201303
13-02-2040 22:00:00,44100.84130741866,6.295057274812745,683.7972707136651,452.85900000000004,3136.3959999999997,0.0,518.4238500000001,0.0,0.0,0.0,306.853,96.37799999999999,0.0,-7954.141979331616,42174.23678545676
13-02-2040 23:00:00,44885.92670235594,1.6116211923489685,218.10964030137984,446.43300000000005,2654.538,0.0,509.4193500000001,0.0,0.0,0.0,312.195,96.544,0.0,-11948.318744744734,37837.080937951716
14-02-2040 00:00:00,46154.15585156339,1.1465224589865148,214.66289581474848,445.69800000000004,2263.618,0.0,489.55365000000006,0.0,0.0,0.0,313.349,98.34,0.0,-12200.0,34826.76130051989
14-02-2040 01:00:00,47327.5624309386,4.196704849875167,216.10123193639447,426.385,1861.259,0.0,478.9143000000001,0.0,0.0,0.0,311.73900000000003,96.25399999999999,0.0,-12200.0,32108.410110175286
14-02-2040 02:00:00,47184.669146074135,5.667714797254093,199.01660532064852,409.56,1565.524,0.0,473.05800000000005,0.0,0.0,0.0,312.982,96.42399999999999,0.0,-12200.0,30467.227607365094
14-02-2040 03:00:00,46912.86404185665,4.229153598714409,94.07946083528805,406.99800000000005,1790.464,0.0,474.73545,0.0,0.0,0.0,315.1535,97.6455,0.0,-12200.0,29677.033763513467
14-02-2040 04:00:00,47546.36946547337,4.3805810932975335,75.64420151995728,406.85,1959.213,0.0,476.31345000000005,0.0,0.0,0.0,315.596,97.95299999999999,0.0,-12200.0,29673.467116504955
14-02-2040 05:00:00,47829.816121887096,6.727707259335963,73.45161596863181,406.461,1750.408,0.0,481.31520000000006,0.0,0.0,0.0,313.0205,97.2625,0.0,-12200.0,30297.52358165491
14-02-2040 06:00:00,46926.52062684167,4.943026073177711,55.86707984720124,432.874,2838.704,0.0,482.07945000000007,0.0,0.0,0.0,309.606,94.698,0.0,-12200.0,33404.58870518747
14-02-2040 07:00:00,47392.22912619475,76.73047475519185,65.07593916266342,444.973,3092.7459999999996,0.0,494.92590000000007,0.0,0.0,0.0,309.20099999999996,96.37299999999999,0.0,-12200.0,38932.60215957157
14-02-2040 08:00:00,46519.50720925936,897.4025978980485,71.30288212836604,457.966,3413.9109999999996,0.0,503.9025000000001,0.0,0.0,0.0,303.2875,97.6515,0.0,-10688.395044685392,42322.91849969523
14-02-2040 09:00:00,46393.051331980954,5813.49620953919,109.65558859176235,453.345,3335.8459999999995,0.0,501.63975000000005,0.0,0.0,0.0,303.507,95.48,0.0,-12200.0,44122.56160875045
14-02-2040 10:00:00,48004.62891847099,11596.176923930712,762.6251064540993,459.085,3328.1459999999997,0.0,499.7614500000001,0.0,0.0,0.0,300.28,94.65899999999999,0.0,-12200.0,44876.62325013766
14-02-2040 11:00:00,49465.902849994236,16602.57540359146,2614.1671307649813,456.225,3220.952,0.0,498.81015,0.0,0.0,0.0,297.884,97.115,0.0,-12200.0,44812.2841074654
14-02-2040 12:00:00,50499.13508510098,19972.096748056698,3859.6697383535793,461.404,2968.886,0.0,502.3458000000001,0.0,0.0,0.0,296.155,96.212,0.0,-12200.0,44161.26389508863
14-02-2040 13:00:00,51182.45165514138,19701.00908400407,4534.021350512252,456.20099999999996,3037.417,0.0,506.0973000000001,0.0,0.0,0.0,291.063,97.656,0.0,-12200.0,43947.478225260784
14-02-2040 14:00:00,51123.93835176039,18462.743195799405,4804.726733018266,457.57599999999996,2880.2740000000003,0.0,514.19565,0.0,0.0,0.0,294.503,97.999,0.0,-12200.0,42534.51946803363
14-02-2040 15:00:00,50023.18898154079,15536.060742992899,4634.143577126932,459.06800000000004,2874.0879999999997,0.0,513.6073500000001,0.0,0.0,0.0,291.906,93.96700000000001,0.0,-12200.0,41868.80562227811
14-02-2040 16:00:00,48806.592630280094,11723.87356686274,4314.613699564477,456.921,3123.72,0.0,513.9253500000001,0.0,0.0,0.0,286.3155,86.8385,0.0,-12200.0,41689.07235480781
14-02-2040 17:00:00,48188.04718137933,6608.371577354849,4171.893920859089,452.06800000000004,3014.1020000000003,0.0,517.4616000000001,0.0,0.0,0.0,290.6435,85.9675,0.0,-12200.0,41354.11182441726
14-02-2040 18:00:00,46339.91402778692,966.6482279209888,2789.2231611809984,454.842,3230.627,0.0,519.9849,0.0,0.0,0.0,293.4465,86.6415,0.0,-12200.0,41569.248564534515
14-02-2040 19:00:00,45144.96864303602,4.229153598714409,1377.4699467504106,455.29699999999997,3932.5679999999998,0.0,522.1468500000001,0.0,0.0,0.0,294.284,88.01899999999999,0.0,-8382.406887953264,44473.01518057372
14-02-2040 20:00:00,45063.77171718628,1.5142749458312457,748.7328844010481,453.455,4382.893,0.0,522.7651500000001,0.0,0.0,0.0,303.9195,93.2635,0.0,-7198.962865394817,45353.240822039494
14-02-2040 21:00:00,43867.000813287,1.5683561938966473,518.7131193849782,454.407,4103.781,0.0,524.0697,0.0,0.0,0.0,313.998,97.04299999999999,0.0,-6457.013319440484,44327.65087956242
14-02-2040 22:00:00,43014.98229465941,2.30386116758611,521.1074228070211,454.95300000000003,3399.133,0.0,523.6107000000001,0.0,0.0,0.0,315.3255,97.5575,0.0,-8178.584980396961,40954.76714047746
14-02-2040 23:00:00,42466.13532154879,1.254684955117318,126.63497110104072,455.555,3054.6740000000004,0.0,512.7883500000002,0.0,0.0,0.0,311.8005,98.6635,0.0,-10298.422911516998,37380.037889645406
15-02-2040 00:00:00,42102.064147831865,0.9193812171118279,72.32901216635946,453.905,2795.453,0.0,495.7266000000001,0.0,0.0,0.0,302.6705,98.2085,0.0,-12200.0,34239.8157454146
15-02-2040 01:00:00,39916.35692155122,7.419947234573104,61.26084030341008,447.881,2619.874,0.0,491.92800000000005,0.0,0.0,0.0,309.046,98.734,0.0,-12200.0,31682.860168083596
15-02-2040 02:00:00,38807.176128146326,7.798515971030915,77.20532243247726,445.94699999999995,2258.2960000000003,0.0,490.7451000000001,0.0,0.0,0.0,310.981,98.48700000000001,0.0,-12200.0,30030.21737521942
15-02-2040 03:00:00,37202.10775506037,2.617532406365439,78.42439999899943,446.519,2175.319,0.0,489.04170000000005,0.0,0.0,0.0,312.303,98.995,0.0,-11902.579213334695,29361.626181256714
15-02-2040 04:00:00,36629.830707795336,3.1367123877932945,77.79293536022305,436.715,2179.999,0.0,487.5361500000001,0.0,0.0,0.0,306.0655,99.0745,0.0,-11477.37012035655,29201.341332528395
15-02-2040 05:00:00,35159.59162079339,7.073827246954535,74.41635361121735,434.774,2433.261,0.0,489.50580000000014,0.0,0.0,0.0,307.0895,98.2935,0.0,-9548.109735012964,29932.6709931019
15-02-2040 06:00:00,33472.64561980238,4.488743589428334,75.03027756558731,435.42400000000004,3070.855,0.0,490.71555000000006,0.0,0.0,0.0,300.53700000000003,95.666,0.0,-5644.397584508821,32851.79710590589
15-02-2040 07:00:00,31271.51817139337,83.92328074789027,71.63615513217519,442.741,4065.007,536.355265222559,501.9793500000001,0.0,0.0,0.0,299.7375,96.3585,0.0,0.0,38031.85676609465
15-02-2040 08:00:00,28838.59620264397,2090.8567639557195,80.00306159592583,446.25699999999995,4373.525,3753.7073217904326,512.2815,0.0,0.0,0.0,294.9235,98.0055,0.0,0.0,41224.3975449218
15-02-2040 09:00:00,25500.882310579207,11039.155825997554,170.8638068419241,449.714,3881.3140000000003,0.0,512.6793000000001,0.0,0.0,0.0,285.3365,96.5435,0.0,0.0,42723.35683634726
15-02-2040 10:00:00,22148.29719019386,18024.928666712014,2459.782796926651,460.793,3774.305,0.0,510.5454000000001,0.0,0.0,0.0,260.237,95.805,0.0,-5683.171747444816,43111.93945681158
15-02-2040 11:00:00,22437.678206051445,24834.674095950646,6113.612603723945,454.404,3543.796,0.0,505.7872500000001,0.0,0.0,0.0,259.368,95.509,0.0,-12200.0,42854.309472944406
15-02-2040 12:00:00,20586.101478779616,27065.89545981373,7738.897339824791,456.816,3475.276,0.0,502.5295500000001,0.0,0.0,0.0,264.032,97.646,0.0,-12200.0,42430.25753747591
15-02-2040 13:00:00,19154.59077416053,27225.150266079632,7879.468384689913,455.44800000000004,3752.462,0.0,505.62840000000006,0.0,0.0,0.0,277.4555,97.6395,0.0,-12200.0,42189.92958590526
15-02-2040 14:00:00,18134.703590245037,26109.2525441196,7618.366526898579,463.55699999999996,3767.921,0.0,511.48365,0.0,0.0,0.0,281.9555,97.3895,0.0,-12200.0,41022.221333426016
15-02-2040 15:00:00,17473.365358246778,23713.01411009549,7817.234036401729,461.952,3468.548,0.0,511.3657500000001,0.0,0.0,0.0,284.9385,98.1455,0.0,-12200.0,40005.26231959836
15-02-2040 16:00:00,15921.269049377372,18827.34807023851,9975.33460215354,461.216,3640.3920000000003,0.0,513.5776500000001,0.0,0.0,0.0,285.9265,98.9555,0.0,-12011.528990289115,39565.88585449264
15-02-2040 17:00:00,15052.387750964044,10363.308341354614,10379.45443028523,454.469,3754.84,0.0,518.7288000000001,0.0,0.0,0.0,291.27099999999996,97.95200000000001,0.0,-3200.757295299669,39618.75205942654
15-02-2040 18:00:00,11503.321212735726,1245.1045636655983,6958.777508530999,461.055,4300.23,8000.0,524.61945,0.0,0.0,0.0,295.4775,98.8815,0.0,0.0,39907.58462475722
15-02-2040 19:00:00,13828.110300082373,5.786693542997977,7944.17214198404,462.156,5694.463000000001,8000.0,529.653,0.0,0.0,0.0,292.4275,95.5775,0.0,0.0,42997.00548453231
15-02-2040 20:00:00,13138.358001518878,3.125896138180215,9014.41611393118,463.385,6470.776999999999,8000.0,530.7214500000001,0.0,0.0,0.0,291.606,96.678,0.0,0.0,44061.520907778635
15-02-2040 21:00:00,11538.905420389383,2.1740661722291463,15068.507412979638,464.17900000000003,6548.995,1923.281880351009,530.9586,6017.318185736793,0.0,0.0,294.9615,98.4645,0.0,0.0,43455.770849865025
15-02-2040 22:00:00,10055.551215946432,5.483838553831727,15068.507412979638,455.841,5414.235,0.0,528.2587500000001,7616.380933619108,0.0,0.0,300.33099999999996,96.616,0.0,0.0,40380.96252949211
15-02-2040 23:00:00,9470.236403746683,1.6981511892536116,15068.507412979638,457.056,4563.9259999999995,0.0,522.7212000000001,5416.626061321105,0.0,0.0,303.173,97.426,0.0,0.0,36572.67035029511
16-02-2040 00:00:00,8971.285664816658,0.822034970594105,15068.507412979638,458.765,3734.3920000000003,0.0,506.41455000000013,4082.6870025939534,0.0,0.0,305.765,97.412,0.0,0.0,33787.18785494556
16-02-2040 01:00:00,8002.774271720452,7.365865986507704,15068.507412979638,458.07800000000003,3727.191,0.0,502.20090000000005,2644.0805725008104,0.0,0.0,308.936,96.818,0.0,0.0,31323.558797022004
16-02-2040 02:00:00,7332.746862260208,7.647088476447793,15068.507412979638,460.091,3209.687,0.0,501.34935000000013,2348.4721483179637,0.0,0.0,313.756,98.955,0.0,0.0,29821.114696546145
16-02-2040 03:00:00,7012.7356761245,4.27241859716673,15068.507412979638,454.39300000000003,3054.2990000000004,0.0,499.9707000000001,2190.880554477444,0.0,0.0,321.723,99.56,0.0,0.0,29175.684388695503
16-02-2040 04:00:00,6987.692802214,4.012828606452802,15068.507412979638,455.61699999999996,2993.072,0.0,499.5133500000001,2054.0650921382075,0.0,0.0,320.4845,99.1165,0.0,0.0,28951.414160468154
16-02-2040 05:00:00,6551.018566095848,8.198717206714889,15068.507412979638,456.105,2910.3190000000004,0.0,501.6457500000001,3130.0454097175243,0.0,0.0,319.8685,99.1365,0.0,0.0,29532.45659486236
16-02-2040 06:00:00,5662.462591123468,5.191799814278558,15068.507412979638,452.798,3587.3059999999996,0.0,506.65575000000007,6224.771715604791,0.0,0.0,318.818,97.191,0.0,0.0,32485.10576723156
16-02-2040 07:00:00,4934.382125694636,81.76003082527421,15068.507412979638,457.337,4472.804,0.0,519.29745,11078.012808381813,0.0,0.0,318.04,96.98899999999999,0.0,0.0,37698.60888097183
16-02-2040 08:00:00,4681.443297760612,1601.5945289576432,6952.168423533229,466.788,5410.6630000000005,0.0,529.2187500000001,19797.145504185708,0.0,0.0,321.9455,98.3405,0.0,0.0,40604.86188297317
16-02-2040 09:00:00,4233.765667623097,9057.549058492694,332.6298453696284,467.9,6125.496,0.0,527.9061000000002,20210.412687535732,0.0,0.0,323.17900000000003,97.97,0.0,0.0,42181.89458638676
16-02-2040 10:00:00,3934.980009212613,16394.28688479237,2991.729388216837,471.51199999999994,5843.246999999999,0.0,521.8207500000001,11043.71576604557,0.0,0.0,309.435,97.431,0.0,0.0,42699.711990310454
16-02-2040 11:00:00,4054.269176783511,21886.280890832364,8435.672412392692,467.77,5007.931,0.0,520.5105000000001,0.0,0.0,0.0,313.028,96.51,0.0,0.0,42434.02022359303
16-02-2040 12:00:00,4666.127501515734,25544.271612478457,3774.4787655931095,461.718,4553.785,0.0,515.0305500000001,0.0,0.0,0.0,315.1065,97.6045,0.0,0.0,41877.588695131446
16-02-2040 13:00:00,5997.77023537748,27640.428338744576,453.452941850308,463.491,4003.833,0.0,515.4358500000001,0.0,0.0,0.0,313.671,98.14200000000001,0.0,0.0,41459.805919240964
16-02-2040 14:00:00,7183.157796350742,25592.8420392102,0.0,465.63800000000003,3820.315,0.0,521.4648000000001,0.0,0.0,0.0,315.6195,98.1745,0.0,0.0,39998.49729639264
16-02-2040 15:00:00,8013.959092519756,23908.341045602276,0.0,465.281,3598.218,0.0,520.6923,0.0,0.0,0.0,318.0765,98.6555,0.0,0.0,38962.56898786839
16-02-2040 16:00:00,8050.6709436135225,20604.587760431183,0.0,462.223,3677.515,2602.566675829499,521.6077500000001,0.0,0.0,0.0,321.4945,99.1605,0.0,0.0,38474.87353237113
16-02-2040 17:00:00,7290.848877229715,11984.967016272885,10401.880832968318,466.036,3829.8340000000003,1113.4180595231119,522.1686000000001,0.0,0.0,0.0,322.8535,99.5665,0.0,0.0,38136.578105189656
16-02-2040 18:00:00,6961.760374481197,2044.4766856148308,15068.507412979638,467.80400000000003,4228.795999999999,0.0,523.48035,6947.618433366362,0.0,0.0,316.496,98.34100000000001,0.0,0.0,38273.923774274066
16-02-2040 19:00:00,8098.525071628136,9.366872164927566,15068.507412979638,470.631,5835.217,0.0,525.90195,9623.792523549211,0.0,0.0,316.0215,99.9265,0.0,0.0,41189.34262757801
16-02-2040 20:00:00,8544.002022961777,4.0993586033574445,15068.507412979638,463.394,6255.151999999999,0.0,528.6252000000001,9683.191884468462,0.0,0.0,321.2185,100.1715,0.0,0.0,42002.23757701375
16-02-2040 21:00:00,8539.109476939107,1.481826196992005,15068.507412979638,461.35,6152.464,0.0,532.8439500000001,9222.852146447793,0.0,0.0,316.3525,100.0415,0.0,0.0,41348.279753933384
16-02-2040 22:00:00,9546.451828191519,3.060998640501734,10035.04668491222,444.226,4864.445,0.0,533.5810500000001,12039.588193882526,0.0,0.0,314.802,99.286,0.0,0.0,38663.89949997903
16-02-2040 23:00:00,8881.011422354111,1.4926424466050854,357.9858791673601,458.92900000000003,4576.295,0.0,528.1593,19784.791352961918,0.0,0.0,313.5065,99.8515,0.0,0.0,35663.91078877997
17-02-2040 00:00:00,9146.964809470966,1.114073710147274,355.7250798433503,463.064,4720.29,0.0,506.06655000000006,17239.239332239595,0.0,0.0,320.94599999999997,100.15700000000001,0.0,0.0,33440.48097363848
17-02-2040 01:00:00,9756.784895662522,6.403219770943556,341.23452555540746,462.783,4324.105,0.0,500.5243500000001,14648.139487601653,0.0,0.0,321.7655,99.0345,0.0,0.0,30993.219135336003
17-02-2040 02:00:00,10448.273757992165,5.148534815826237,342.00436670453155,461.596,3712.717,0.0,497.76945,12700.575370144908,0.0,0.0,324.2395,99.2895,0.0,0.0,29091.727199513633
17-02-2040 03:00:00,12023.429916896834,4.672619832850703,201.83480861591798,460.895,3227.228,0.0,493.43430000000006,10669.728810855122,0.0,0.0,327.218,99.884,0.0,0.0,27978.393202340856
17-02-2040 04:00:00,14355.37592393885,4.542824837493738,184.93728263387848,462.775,3064.922,0.0,491.4292500000001,7887.433048806843,0.0,0.0,323.1,99.492,0.0,0.0,27338.56879461728
17-02-2040 05:00:00,17879.62959526737,9.291158417636003,188.9424055742581,449.842,2915.282,0.0,489.6120000000001,4566.875779724802,0.0,0.0,319.27,99.693,0.0,0.0,27392.319965470324
17-02-2040 06:00:00,20592.21568287305,5.646082298027932,196.5043895200843,449.76800000000003,2913.905,0.0,486.86895000000004,2567.8444605547766,0.0,0.0,320.68,98.97,0.0,0.0,28140.74148358443
17-02-2040 07:00:00,23468.839362936804,80.95962835390627,190.81341191136974,451.051,2928.3390000000004,0.0,486.4614,1293.8179867360464,0.0,0.0,319.936,99.76100000000001,0.0,0.0,29870.6441447355
17-02-2040 08:00:00,24276.175206307566,1703.2023778229202,196.96239627968976,449.84,3236.118,0.0,485.1981000000001,124.47305226721141,0.0,0.0,304.58799999999997,95.579,0.0,0.0,31499.99064686606
17-02-2040 09:00:00,21134.381725778116,7906.008703443543,0.0,454.2,3895.739,0.0,486.65925000000004,0.0,0.0,0.0,296.461,86.181,0.0,0.0,34975.23284000241
17-02-2040 10:00:00,18315.932122584207,12437.985824206757,0.0,458.534,4078.842,0.0,481.74315,0.0,0.0,0.0,296.654,86.87700000000001,0.0,0.0,37078.357880871605
17-02-2040 11:00:00,16338.387928586324,14746.392561810726,0.0,455.535,4001.235,0.0,478.32060000000007,0.0,0.0,0.0,300.219,86.095,0.0,0.0,37555.55501431282
17-02-2040 12:00:00,15818.801767388219,16361.442994448164,0.0,459.11199999999997,3604.2940000000003,0.0,476.04750000000007,0.0,0.0,0.0,310.837,92.568,0.0,-1489.1611857447356,36862.461907697994
17-02-2040 13:00:00,27235.67548455826,27747.66771310191,0.0,456.19199999999995,3289.188,0.0,477.2355000000001,0.0,0.0,0.0,313.908,96.788,0.0,-12200.0,36608.33793635221
17-02-2040 14:00:00,28472.53182503425,27715.247478723173,0.0,458.717,3034.577,0.0,476.0700000000001,0.0,0.0,0.0,317.6475,99.0125,0.0,-12200.0,35958.64201093311
17-02-2040 15:00:00,29691.408402507703,25377.43573688179,0.0,458.282,2613.0460000000003,0.0,476.1651000000001,0.0,0.0,0.0,309.7225,93.9525,0.0,-12200.0,34522.76081364441
17-02-2040 16:00:00,29678.933624226705,18988.230331846746,0.0,464.832,2573.661,0.0,477.1885500000001,0.0,0.0,0.0,303.3125,89.4365,0.0,-12200.0,33471.126684996496
17-02-2040 17:00:00,29886.353670910423,9893.709532162444,0.0,459.24199999999996,2597.051,0.0,482.8638000000001,0.0,0.0,0.0,310.2485,98.2235,0.0,-11943.364288193436,33289.39843130316
17-02-2040 18:00:00,28312.18524457186,1443.0607543312237,0.0,462.94599999999997,3499.812,0.0,486.1813500000001,0.0,0.0,0.0,314.922,99.48,0.0,-1947.6919268171841,33819.64069721379
17-02-2040 19:00:00,28464.415056355287,6.673626011270564,0.0,456.543,4391.322,1733.3449119993602,489.7954500000001,0.0,0.0,0.0,319.256,99.04700000000001,0.0,0.0,36899.052030736835
17-02-2040 20:00:00,27876.617228703723,4.283234846779811,0.0,454.724,4900.3240000000005,3024.418204357,490.63845000000003,0.0,0.0,0.0,324.61,100.204,0.0,0.0,38102.26084544056
17-02-2040 21:00:00,27093.60101330968,1.4710099473789249,0.0,459.015,4740.863,3869.7520126154122,492.4902000000001,0.0,0.0,0.0,322.939,100.046,0.0,0.0,37950.74195799248
17-02-2040 22:00:00,26155.643860196935,3.7640548653519543,0.0,457.481,4133.889,3685.454650602529,488.6622000000001,0.0,0.0,0.0,320.643,99.792,0.0,0.0,36100.06060639387
17-02-2040 23:00:00,25078.394181387415,0.8652999690464263,0.0,458.17699999999996,3722.965,3074.5098156480817,487.42890000000006,0.0,0.0,0.0,322.0305,99.5695,0.0,0.0,33876.078757026204
18-02-2040 00:00:00,25035.219880003184,0.5083637318147755,0.0,458.06300000000005,3258.17,1067.5897063790362,481.9254,0.0,0.0,0.0,322.969,99.449,0.0,0.0,31268.871325530603
18-02-2040 01:00:00,23431.555454906345,6.067916032938065,0.0,458.79699999999997,3056.9440000000004,591.2110547416705,479.55345,0.0,0.0,0.0,322.2065,100.3035,0.0,0.0,28939.64363015497
18-02-2040 02:00:00,22384.94434675249,5.445869956339956,0.0,461.33,2998.241,0.0,476.1073500000001,0.0,0.0,0.0,319.4345,100.2405,0.0,0.0,27208.353071633373
18-02-2040 03:00:00,21719.53075938569,2.401296519082993,0.0,453.774,2708.692,0.0,475.3335000000001,0.0,0.0,0.0,319.0,98.89,0.0,0.0,26224.173507924766
18-02-2040 04:00:00,21230.92441747822,4.454484529055329,0.0,447.031,2808.6929999999998,0.0,474.1461000000001,0.0,0.0,0.0,319.415,99.641,0.0,0.0,25825.85365841429
18-02-2040 05:00:00,20904.713119450353,5.680030127376253,0.0,448.469,2997.244,0.0,477.3028500000001,0.0,0.0,0.0,314.3545,99.1875,0.0,0.0,25692.573475891793
18-02-2040 06:00:00,21361.52007529955,2.7752948804329454,0.0,446.759,3145.841,0.0,477.6420000000001,0.0,0.0,0.0,303.9415,99.6275,0.0,0.0,26302.403528005372
18-02-2040 07:00:00,21327.1147717311,75.97333728227623,0.0,443.376,3295.487,609.9489840769384,480.05670000000003,0.0,0.0,0.0,307.7375,99.4865,0.0,0.0,27126.908679754626
18-02-2040 08:00:00,19928.88313283197,2145.8033119901675,0.0,444.87300000000005,3231.264,681.4945940745492,481.9165500000001,0.0,0.0,0.0,314.2215,100.4655,0.0,0.0,27871.365148800778
18-02-2040 09:00:00,15604.453361073605,9569.480955115312,0.0,454.30800000000005,3316.175,0.0,478.73400000000004,0.0,0.0,0.0,326.188,100.007,0.0,0.0,30482.56218075173
18-02-2040 10:00:00,13200.52510393341,14136.654690853677,0.0,451.634,3194.212,0.0,477.8727,0.0,0.0,0.0,324.281,99.479,0.0,0.0,32808.638370760666
18-02-2040 11:00:00,16179.31855783859,22395.29359204874,0.0,449.861,3272.594,0.0,476.9968500000001,0.0,0.0,0.0,322.366,98.713,0.0,-10682.161965807656,33859.698145739276
18-02-2040 12:00:00,18042.281895461107,29051.203201265325,0.0,440.724,3370.165,0.0,474.72315000000003,0.0,0.0,0.0,324.9965,100.0155,0.0,-12200.0,33625.045284569285
18-02-2040 13:00:00,18316.023363933913,29447.65289649438,0.0,448.155,3740.884,0.0,475.20945000000006,0.0,0.0,0.0,324.411,99.524,0.0,-12200.0,33631.5845094089
18-02-2040 14:00:00,20455.045006292734,27442.48841113297,0.0,442.853,3417.1679999999997,0.0,476.7483000000001,0.0,0.0,0.0,315.684,99.588,0.0,-12200.0,33532.62902644988
18-02-2040 15:00:00,23430.431751145356,23135.29478414355,0.0,446.966,3106.1820000000002,0.0,476.8891500000001,0.0,0.0,0.0,305.6915,93.7145,0.0,-12200.0,32129.885506342078
18-02-2040 16:00:00,24975.590977943142,17013.061719251626,0.0,446.52,3041.598,0.0,474.80025000000006,0.0,0.0,0.0,311.85200000000003,91.57600000000001,0.0,-12200.0,31066.20073837001
18-02-2040 17:00:00,25258.331460553305,9574.176359162122,0.0,442.99300000000005,2980.461,0.0,477.43095000000005,0.0,0.0,0.0,316.1645,97.7575,0.0,-9871.975102359787,30954.572275614857
18-02-2040 18:00:00,24391.94869357433,1827.5027177101265,0.0,438.94199999999995,3323.282,0.0,477.3828000000001,0.0,0.0,0.0,314.2035,97.8675,0.0,-0.7997260300980997,32154.84496757788
18-02-2040 19:00:00,23283.57237512819,7.192805992698419,0.0,443.541,4118.787,6234.726085505939,478.8520500000001,0.0,0.0,0.0,316.9015,97.1495,0.0,0.0,35911.72021768008
18-02-2040 20:00:00,22389.05252192106,1.4710099473789249,0.0,438.421,4879.325,8000.0,479.58675000000005,0.0,0.0,0.0,319.1335,99.5065,0.0,0.0,37930.96172352965
18-02-2040 21:00:00,22093.043818486287,2.1416174233899055,0.0,440.832,5203.986,8000.0,480.3463500000001,0.0,0.0,0.0,322.973,99.465,0.0,0.0,38059.51539198353
18-02-2040 22:00:00,21399.12995508454,2.8987548963055283,1942.006740364861,447.397,4635.137,1495.2739144940606,481.93170000000003,0.0,0.0,0.0,325.5665,99.3595,0.0,0.0,36538.18904263916
18-02-2040 23:00:00,20380.2001983903,1.9901899288067806,2284.5153853431257,449.25199999999995,3828.143,0.0,482.2363500000001,0.0,0.0,0.0,321.20599999999996,99.389,0.0,0.0,33453.36301221841
19-02-2040 00:00:00,20118.060289833404,1.1357062093734345,1398.4189069103631,441.899,3187.006,0.0,477.5760000000001,0.0,0.0,0.0,317.055,99.604,0.0,0.0,30488.13683365842
19-02-2040 01:00:00,18815.463422082525,7.679537225287033,4833.822102967519,445.39599999999996,3116.1679999999997,0.0,477.60525000000007,0.0,0.0,0.0,311.3245,99.1585,0.0,0.0,28582.242759673933
19-02-2040 02:00:00,17883.628719842425,9.334423416088324,4547.2513855297475,446.603,2946.0359999999996,0.0,477.93510000000015,0.0,0.0,0.0,300.214,98.758,0.0,0.0,27162.76932899458
19-02-2040 03:00:00,17599.40853836583,2.8663061474662874,4528.1617565109555,443.733,2929.7009999999996,0.0,476.8153500000001,0.0,0.0,0.0,298.0545,97.5345,0.0,0.0,26819.699028951083
19-02-2040 04:00:00,17046.66299893833,3.2448748839240986,4975.693192543789,443.00199999999995,3018.33,0.0,475.2390000000001,0.0,0.0,0.0,301.2785,97.4775,0.0,0.0,26807.18191326599
19-02-2040 05:00:00,16687.410886363097,6.165262279455787,6075.458702531996,441.716,3114.202,0.0,477.21330000000006,0.0,0.0,0.0,298.85,97.90700000000001,0.0,0.0,27666.201851835845
19-02-2040 06:00:00,16995.262258510447,3.461199876185705,8728.990952483673,443.971,3450.123,0.0,484.39140000000003,0.0,0.0,0.0,292.632,97.38600000000001,0.0,0.0,31041.75388034424
19-02-2040 07:00:00,17146.935052838504,80.51616211976997,13930.461424871643,429.406,3811.1740000000004,0.0,497.2662,0.0,0.0,0.0,288.606,97.15799999999999,0.0,0.0,36946.6742825127
19-02-2040 08:00:00,16216.17941806111,1978.53001172388,14404.289431291247,437.91900000000004,5542.293000000001,0.0,512.6673000000001,0.0,0.0,0.0,302.35400000000004,96.73100000000001,0.0,0.0,40230.858694737
19-02-2040 09:00:00,15480.72339115779,9572.434988824156,8616.547607807963,440.142,6054.773,0.0,512.05965,0.0,0.0,0.0,302.425,97.693,0.0,0.0,41855.68922954559
19-02-2040 10:00:00,15123.811191897745,17936.813874612984,1340.4300629238132,443.86800000000005,5903.5,0.0,509.40540000000004,0.0,0.0,0.0,296.8375,97.5945,0.0,0.0,42480.52055136209
19-02-2040 11:00:00,13067.522115175263,21455.90699964368,0.0,449.347,5619.793000000001,0.0,506.0529,0.0,0.0,0.0,280.7585,97.4855,0.0,0.0,42413.94053660184
19-02-2040 12:00:00,11880.671122596099,22438.538892821736,0.0,452.658,5254.688,0.0,505.72530000000006,0.0,0.0,0.0,272.353,96.806,0.0,0.0,42083.38028441981
19-02-2040 13:00:00,11732.107156701168,22345.19492699911,0.0,451.155,4795.915,0.0,505.02885000000015,0.0,0.0,0.0,288.3465,98.2965,0.0,0.0,41727.536195095476
19-02-2040 14:00:00,12601.238146170186,20617.325843197825,0.0,453.06699999999995,3880.639,0.0,509.99430000000007,0.0,0.0,0.0,296.6825,98.4915,0.0,0.0,40354.22346465922
19-02-2040 15:00:00,14697.816804320439,19049.47194497916,0.0,452.60900000000004,3732.435,0.0,510.90255000000013,0.0,0.0,0.0,299.0285,98.2985,0.0,-1400.404504678401,39553.25007376836
19-02-2040 16:00:00,19998.62471342411,18405.8298816756,0.0,462.954,3655.506,0.0,510.1143000000001,0.0,0.0,0.0,303.6365,98.1685,0.0,-6472.574475930949,39094.531951256875
19-02-2040 17:00:00,21250.360361021747,10782.544760358116,0.0,468.417,4357.031,0.0,513.09855,0.0,0.0,0.0,303.4,98.34100000000001,0.0,-890.8775620860724,38946.01726085102
19-02-2040 18:00:00,21519.587145500376,1974.6361618631713,0.0,468.80400000000003,5781.945,7239.389388906839,518.38395,0.0,0.0,0.0,307.0455,98.0415,0.0,0.0,39472.3212610254
19-02-2040 19:00:00,22638.046372034434,5.92730478796802,0.0,462.81800000000004,6841.533,8000.0,516.9942,0.0,0.0,0.0,309.133,98.575,0.0,0.0,42497.16713601269
19-02-2040 20:00:00,24824.627681636117,2.531002409460797,0.0,460.481,6699.536999999999,8000.0,516.8818500000001,0.0,0.0,0.0,315.1805,99.1825,0.0,0.0,43712.91315390033
19-02-2040 21:00:00,26509.88739799007,1.8279461846105756,3251.6515391353532,463.625,5445.035,490.6106110931614,518.5296000000001,0.0,0.0,0.0,315.3105,99.4595,0.0,0.0,43004.18044150975
19-02-2040 22:00:00,26963.66427324834,5.938121037581101,1613.8239023548922,463.352,3778.313,0.0,517.3837500000001,0.0,0.0,0.0,317.717,99.777,0.0,0.0,39551.94587430949
19-02-2040 23:00:00,27689.540192247983,1.8171299349974954,1914.110561483798,465.19300000000004,3432.507,0.0,509.7576000000001,0.0,0.0,0.0,304.39799999999997,98.334,0.0,0.0,35703.70077597889
20-02-2040 00:00:00,27829.24678021458,1.1953843810720142,0.0,462.621,3251.6940000000004,0.0,489.48990000000003,0.0,0.0,0.0,302.2635,97.9895,0.0,0.0,32977.49834953069
20-02-2040 01:00:00,25818.926735535468,6.240009409515009,0.0,465.16900000000004,3108.123,0.0,484.76475000000005,0.0,0.0,0.0,302.3225,98.8995,0.0,0.0,30774.162357027697
20-02-2040 02:00:00,24900.260190058852,7.210601648550103,0.0,460.045,2696.236,0.0,481.95930000000004,0.0,0.0,0.0,301.019,98.521,0.0,0.0,29410.71147252827
20-02-2040 03:00:00,24305.952057709434,2.7246270635396144,0.0,453.754,2909.492,0.0,481.44180000000006,0.0,0.0,0.0,300.2915,98.3435,0.0,0.0,29006.186817834063
20-02-2040 04:00:00,24494.656636048516,3.1021531903014092,0.0,451.88599999999997,2552.5460000000003,0.0,478.65525,0.0,0.0,0.0,307.9925,98.5525,0.0,0.0,28842.13853900719
20-02-2040 05:00:00,24938.292231615047,5.333960830180843,0.0,449.226,2754.0809999999997,0.0,477.0483000000001,0.0,0.0,0.0,311.6185,98.4475,0.0,0.0,29507.185033413793
20-02-2040 06:00:00,27320.409768974103,3.7839644416184988,0.0,442.413,3126.453,0.0,480.4587000000001,0.0,0.0,0.0,306.3875,97.7385,0.0,0.0,32325.84203302539
20-02-2040 07:00:00,31855.094144983283,70.62139652294387,0.0,447.189,4033.9159999999997,0.0,494.98125000000005,0.0,0.0,0.0,305.1305,97.6975,0.0,-276.6339207318216,37693.46238938209
20-02-2040 08:00:00,37358.45999854923,3265.2184956868687,0.0,455.445,5024.054,0.0,506.9463000000001,0.0,0.0,0.0,304.08299999999997,98.194,0.0,-7105.356837757059,40641.59522243862
20-02-2040 09:00:00,37604.49070517182,15261.63749953848,0.0,446.006,5140.923,0.0,505.82715,0.0,0.0,0.0,305.9845,97.8245,0.0,-12200.0,41953.07044778413
20-02-2040 10:00:00,39813.89172064133,23510.595286125597,0.0,446.569,4491.971,0.0,505.67940000000004,0.0,0.0,0.0,305.0105,98.5045,0.0,-12200.0,41987.32186517608
20-02-2040 11:00:00,41790.572491749124,28952.022452593257,0.0,433.49300000000005,4284.788,0.0,501.0703500000001,0.0,0.0,0.0,303.527,97.71,0.0,-12200.0,41831.79738167172
20-02-2040 12:00:00,43181.193153826374,30915.20991034672,0.0,434.50300000000004,4298.357,0.0,497.70120000000003,0.0,0.0,0.0,299.1455,98.4695,0.0,-12200.0,41458.90979360022
20-02-2040 13:00:00,44617.09578822714,30668.859242190578,0.0,439.79900000000004,3854.458,0.0,500.4453000000001,0.0,0.0,0.0,293.468,98.59200000000001,0.0,-12200.0,41251.094202812754
20-02-2040 14:00:00,45047.21054503229,30042.317176201974,0.0,432.93800000000005,3309.0820000000003,0.0,504.2770500000001,0.0,0.0,0.0,299.7135,98.5285,0.0,-12200.0,39880.77302173427
20-02-2040 15:00:00,46784.36219076357,27640.26609498657,12706.760352083627,437.784,3105.7929999999997,0.0,502.8358500000001,0.0,0.0,0.0,305.0015,97.9235,0.0,-12200.0,39160.46879406489
20-02-2040 16:00:00,48884.11917970547,22133.443010740393,14386.46591768635,441.65,3003.2529999999997,0.0,503.2132500000001,0.0,0.0,0.0,308.7165,97.5965,0.0,-12200.0,38783.96768815434
20-02-2040 17:00:00,49694.63421108561,12984.680519261052,13543.53078765914,439.31199999999995,4099.3679999999995,0.0,505.5627,0.0,0.0,0.0,302.8325,98.1945,0.0,-12200.0,38657.584957533334
20-02-2040 18:00:00,47765.362146023224,2678.6009516808913,8598.741689623654,446.315,4714.374,0.0,508.51035000000013,0.0,0.0,0.0,309.1035,98.1235,0.0,-12200.0,38848.21346115628
20-02-2040 19:00:00,45288.53102707987,10.599924620818722,3991.6458478575805,436.792,5348.093000000001,0.0,514.9198500000001,0.0,0.0,0.0,312.9895,99.0065,0.0,-12200.0,41937.098654296795
20-02-2040 20:00:00,45612.28994214519,5.267513561570121,3181.1346729630313,444.647,4707.825,0.0,516.8338500000001,0.0,0.0,0.0,303.6965,99.4555,0.0,-12200.0,43477.59405735357
20-02-2040 21:00:00,45089.29804426108,2.0767199257114233,2731.4441467330616,446.847,3947.993,0.0,517.2414,0.0,0.0,0.0,302.95,99.90899999999999,0.0,-11843.141731329364,42442.018768021146
20-02-2040 22:00:00,42920.03596081711,6.31668977403891,1723.2231475064473,448.67800000000005,3518.324,0.0,515.2719000000001,0.0,0.0,0.0,311.02,99.59,0.0,-11269.455336651183,39193.06968863908
20-02-2040 23:00:00,42050.43134988512,1.3303987024088801,839.9532136774505,454.20300000000003,3010.303,0.0,506.0578500000001,0.0,0.0,0.0,304.8775,98.4395,0.0,-12200.0,35403.907504129056
21-02-2040 00:00:00,41127.91762465262,1.5359074450574062,534.2278547460155,454.38300000000004,2786.35,0.0,487.37595000000005,0.0,0.0,0.0,295.903,98.527,0.0,-12200.0,32954.05251852827
21-02-2040 01:00:00,40263.09339860918,4.326499845232132,341.35048896900844,434.458,2616.6079999999997,0.0,484.48815,0.0,0.0,0.0,294.6895,99.3815,0.0,-12200.0,30550.410683861865
21-02-2040 02:00:00,39942.908169334325,4.456294840589096,200.5777262331685,418.62,2432.9,0.0,484.64265,0.0,0.0,0.0,295.1305,99.3155,0.0,-12200.0,29266.385397612135
21-02-2040 03:00:00,41390.6183388801,6.013834784872662,167.61878022598103,420.38699999999994,2370.2110000000002,0.0,482.5762500000001,0.0,0.0,0.0,292.5735,98.5615,0.0,-12200.0,28780.012369118962
21-02-2040 04:00:00,44531.57487105399,4.532008587880657,169.18867148071877,411.532,2278.3579999999997,0.0,481.0300500000001,0.0,0.0,0.0,293.187,98.882,0.0,-12200.0,28610.441888076686
21-02-2040 05:00:00,45415.729488418634,6.403219770943554,208.39210113801528,424.42800000000005,2526.006,0.0,484.7308500000001,0.0,0.0,0.0,303.9695,98.3075,0.0,-12200.0,29225.47460237852
21-02-2040 06:00:00,46658.710779573914,5.451389804992486,213.93495741169318,448.619,2935.344,0.0,490.53795,0.0,0.0,0.0,300.6825,97.6015,0.0,-12200.0,32339.416346332324
21-02-2040 07:00:00,48227.48148908458,83.24185702226622,223.67003725949326,456.31199999999995,3583.2859999999996,0.0,500.44845000000004,0.0,0.0,0.0,297.4955,97.0155,0.0,-12200.0,37594.15797912917
21-02-2040 08:00:00,47577.86740603355,3876.478963830311,217.17121368541848,460.337,4540.5070000000005,0.0,511.90485000000007,0.0,0.0,0.0,301.89799999999997,97.493,0.0,-12200.0,40490.85305161065
21-02-2040 09:00:00,48279.145228033834,16230.05295066736,722.9919300287438,451.56300000000005,4370.342000000001,0.0,512.8665000000001,0.0,0.0,0.0,304.6145,97.8465,0.0,-12200.0,41900.890565725815
21-02-2040 10:00:00,49353.250527462784,25348.61647322744,8304.005569475325,436.789,3828.365,0.0,514.8775500000002,0.0,0.0,0.0,303.1035,98.1425,0.0,-12200.0,42308.404909824174
21-02-2040 11:00:00,49806.087569769654,29645.825914507353,13631.751659901347,448.01599999999996,3169.708,0.0,514.9992000000001,0.0,0.0,0.0,302.631,96.749,0.0,-12200.0,42023.032602156505
21-02-2040 12:00:00,48744.09567282529,31671.17947080625,13352.407490323181,459.869,2823.0209999999997,0.0,514.9407000000001,0.0,0.0,0.0,302.4695,97.3015,0.0,-12200.0,41750.98909392156
21-02-2040 13:00:00,47162.47671202033,32220.991071138353,12644.10588348817,468.588,2871.34,0.0,517.1850000000001,0.0,0.0,0.0,303.3505,96.9225,0.0,-12200.0,41243.949749074236
21-02-2040 14:00:00,47119.7626580485,30426.89974781672,12435.950581589685,468.635,2962.0290000000005,0.0,521.9014500000001,0.0,0.0,0.0,300.33,96.751,0.0,-12200.0,40132.775530012776
21-02-2040 15:00:00,46109.747777703866,26653.986374031654,12699.78878614903,463.874,3127.344,0.0,521.4411000000001,0.0,0.0,0.0,295.6905,96.3085,0.0,-12200.0,39538.22611263165
21-02-2040 16:00:00,45041.33562273766,20581.85200374449,12403.623100221273,462.091,3163.05,0.0,522.7824,0.0,0.0,0.0,300.0825,97.0065,0.0,-12200.0,39150.29819583176
21-02-2040 17:00:00,43191.481375880365,12509.209002519661,12436.590816570679,456.916,4181.706,0.0,526.4497500000001,0.0,0.0,0.0,306.07,98.654,0.0,-12200.0,39256.976950087235
21-02-2040 18:00:00,41022.15354280606,2834.192702365051,8403.461250082415,465.027,4823.436,0.0,529.0684500000001,0.0,0.0,0.0,308.6915,98.1695,0.0,-12200.0,39527.796236867754
21-02-2040 19:00:00,39683.70378839103,12.741542044208623,3433.6766767620866,468.051,5322.334,0.0,532.1293500000002,0.0,0.0,0.0,306.5675,98.3735,0.0,-8406.288544635434,42728.645056400725
21-02-2040 20:00:00,38896.154716128556,6.576279764752838,2502.2663345687033,469.145,5131.009,0.0,532.0932,0.0,0.0,0.0,301.83099999999996,98.915,0.0,-5041.719524848631,44092.42217676025
21-02-2040 21:00:00,38458.7262930741,2.9312036451447687,2081.3337604296103,444.918,4491.72,0.0,533.6010000000001,0.0,0.0,0.0,304.171,100.105,0.0,-3983.9207122891457,43535.57253073109
21-02-2040 22:00:00,36317.183480258165,6.067916032938063,1736.5540676583478,440.26199999999994,3534.208,0.0,532.0246500000001,0.0,0.0,0.0,308.496,99.931,0.0,-3740.482619779017,40181.05732133245
21-02-2040 23:00:00,35800.27535699356,2.4336561629430733,1150.8355338255642,437.74800000000005,2981.759,0.0,523.1895000000001,0.0,0.0,0.0,307.4155,98.0455,0.0,-5890.18971010192,36174.943825980576
22-02-2040 00:00:00,34800.32790534221,2.0659036760983427,374.52869353131973,441.05699999999996,2740.7270000000003,0.0,505.1395500000001,0.0,0.0,0.0,305.689,99.47,0.0,-6337.428018798637,33519.66626588408
22-02-2040 01:00:00,32316.53119320767,8.220349705941047,349.7349361171946,440.63599999999997,2711.908,0.0,499.7614500000001,0.0,0.0,0.0,305.657,99.281,0.0,-6068.95893039753,31195.491320437148
22-02-2040 02:00:00,30473.11267487347,8.67463218969042,345.47254980544676,438.515,2465.886,0.0,500.91120000000006,0.0,0.0,0.0,304.5035,99.7125,0.0,-5396.70230720998,29746.35348991505
22-02-2040 03:00:00,30161.67214643439,6.0354672840988215,343.16594980549417,437.07800000000003,2518.47,0.0,499.65600000000006,0.0,0.0,0.0,303.3445,99.0735,0.0,-5692.629924765402,29169.87649760836
22-02-2040 04:00:00,29425.044229060823,5.062004818921592,245.45556729723467,433.92699999999996,2391.806,0.0,496.7152500000001,0.0,0.0,0.0,306.4475,99.1565,0.0,-4834.6503416691885,29053.16812960206
22-02-2040 05:00:00,29989.226336542888,8.231165955554125,183.71235817254637,432.01199999999994,2457.484,0.0,501.4540500000001,0.0,0.0,0.0,307.476,99.14399999999999,0.0,-4839.00171005425,29637.594563562023
22-02-2040 06:00:00,30117.967980382095,6.197711028295027,217.03965855235583,430.352,2919.732,0.0,508.9056000000001,0.0,0.0,0.0,314.7265,98.3455,0.0,-2544.120188970337,32649.641353899624
22-02-2040 07:00:00,30569.443618578316,99.37970144498206,206.94499467415153,427.08099999999996,4391.265,831.409876008318,522.0609000000001,0.0,0.0,0.0,314.509,95.552,0.0,0.0,38157.193458815396
22-02-2040 08:00:00,30219.387746029694,4953.8080145627255,217.3904722405714,429.341,5241.548,0.0,528.8574000000001,0.0,0.0,0.0,312.4195,92.0915,0.0,-1260.1274920088617,41511.50928118898
22-02-2040 09:00:00,30735.227117933267,19797.220903176873,919.9825863000005,431.833,4945.936,0.0,526.3890000000001,0.0,0.0,0.0,314.8085,92.3935,0.0,-12200.0,43243.04163367757
22-02-2040 10:00:00,33110.13227184637,29832.613000676065,10438.382359562063,435.241,4066.897,0.0,526.9233,0.0,0.0,0.0,315.8395,90.2105,0.0,-12200.0,43431.38165040061
22-02-2040 11:00:00,36555.19722211315,35122.061452078735,15797.44734200288,428.92,3091.6079999999997,0.0,526.5246000000001,0.0,0.0,0.0,315.98,90.529,0.0,-12200.0,42961.584528321546
22-02-2040 12:00:00,37385.7292355325,37915.16751720364,15911.119747324614,427.89,2935.607,0.0,524.16735,0.0,0.0,0.0,313.6185,90.1955,0.0,-12200.0,42443.773448240056
22-02-2040 13:00:00,37087.44781403243,38443.957709582224,15671.671864437958,458.945,2903.0440000000003,0.0,524.5431000000001,0.0,0.0,0.0,313.145,90.32600000000001,0.0,-12200.0,42371.33755559001
22-02-2040 14:00:00,37161.96952073789,37222.32752713962,15932.019472799642,468.418,2600.237,0.0,525.2848500000001,0.0,0.0,0.0,310.6035,89.6915,0.0,-12200.0,41134.97655606734
22-02-2040 15:00:00,37152.73364916015,33707.414173184305,16641.689253018674,471.23,2994.429,0.0,526.20585,0.0,0.0,0.0,312.5,90.0,0.0,-12200.0,40290.34112658923
22-02-2040 16:00:00,37742.97968470049,27484.090266784486,17008.885940466454,474.709,2807.5570000000002,0.0,526.89345,0.0,0.0,0.0,313.8555,90.4875,0.0,-12200.0,39813.97427643162
22-02-2040 17:00:00,37616.08289820358,17091.31845860586,16510.651570130634,477.17,3509.868,0.0,528.4899,0.0,0.0,0.0,315.209,91.605,0.0,-12200.0,39653.77684552211
22-02-2040 18:00:00,35772.014618821144,3728.350425379138,10854.421082750632,474.162,4245.754,0.0,529.5493500000001,0.0,0.0,0.0,303.6395,91.5175,0.0,-12200.0,40070.612905034126
22-02-2040 19:00:00,34090.09266311384,15.553766943609508,5213.889507917978,462.709,5185.279,0.0,528.8532000000001,0.0,0.0,0.0,300.9465,91.3055,0.0,-4103.558426769294,43286.49870537899
22-02-2040 20:00:00,34449.01989516268,6.879134753919089,4078.4985467157967,462.251,5457.415,0.0,532.0816500000001,0.0,0.0,0.0,300.2355,92.3625,0.0,-1793.265474789685,44979.13124445788
22-02-2040 21:00:00,33412.41122315649,3.2016098854717776,4065.8955649669224,471.645,4592.686,0.0,533.73675,0.0,0.0,0.0,302.329,93.303,0.0,-582.2225728355152,44240.3096908148
22-02-2040 22:00:00,32664.864999520465,6.554647265526678,3693.655930751149,468.134,3787.763,0.0,534.0525,0.0,0.0,0.0,302.106,92.62799999999999,0.0,-1718.7016389084638,41020.17278053952
22-02-2040 23:00:00,31747.17033542967,2.1740661722291454,2407.45893533036,454.86800000000005,3123.1020000000003,0.0,529.97715,0.0,0.0,0.0,302.3035,92.2155,0.0,-2565.6840604272584,37016.14875705318
23-02-2040 00:00:00,30153.287134752856,1.860394933449816,1557.3496653792681,452.462,2735.732,0.0,509.8903500000001,0.0,0.0,0.0,299.863,92.32,0.0,-2541.223677922084,33996.71162711214
23-02-2040 01:00:00,27517.70933478146,7.982392214453281,607.8548775587406,462.211,2553.9539999999997,0.0,504.6745500000001,0.0,0.0,0.0,301.78700000000003,92.43700000000001,0.0,-1018.0530407885744,31602.671988861068
23-02-2040 02:00:00,25927.860067307527,8.577285943172697,399.4978577895672,467.534,2416.848,0.0,506.25795000000005,0.0,0.0,0.0,299.65,91.73100000000001,0.0,-421.45634371354026,30216.429977023683
23-02-2040 03:00:00,25407.939063923022,5.851591040676457,403.6900813636603,464.241,2305.799,0.0,506.43105000000014,0.0,0.0,0.0,301.3175,91.1795,0.0,-436.32004918319217,29558.873143742323
23-02-2040 04:00:00,22647.692229568456,5.462206054605566,308.53186843710137,468.42199999999997,2449.468,2037.2291258317455,507.42660000000006,0.0,0.0,0.0,306.8545,91.8785,0.0,0.0,29321.19190613343
23-02-2040 05:00:00,20287.72914474919,8.371777200524175,84.1952851700189,459.4,2586.0679999999998,5225.587755298548,510.5125500000001,0.0,0.0,0.0,315.921,91.29899999999999,0.0,0.0,30061.930699939392
23-02-2040 06:00:00,18859.662644175067,5.6568985476410125,82.35351330693811,456.642,3087.55,8000.0,516.5127,0.0,0.0,0.0,318.4105,91.6355,0.0,0.0,33135.89385740001
23-02-2040 07:00:00,18671.069498596098,96.91359653319975,452.5172723827782,465.843,4370.2609999999995,8000.0,527.70015,0.0,0.0,0.0,312.151,89.814,0.0,0.0,38677.06090358849
23-02-2040 08:00:00,16750.809000516136,5441.438855348452,6901.9770171527525,471.98,5368.1359999999995,467.18311886970696,535.1517,0.0,0.0,0.0,313.687,90.678,0.0,0.0,42121.18793308012
23-02-2040 09:00:00,14452.615759592563,20454.198625810917,0.0,466.01199999999994,5031.451,0.0,535.9891500000001,0.0,0.0,0.0,317.156,91.164,0.0,0.0,44084.63380708806
23-02-2040 10:00:00,9219.224395763315,20247.419761818866,6826.022554558178,476.241,4542.845,0.0,533.9799,0.0,0.0,0.0,316.04400000000004,90.915,0.0,0.0,44476.47655420889
23-02-2040 11:00:00,5243.623740384304,14998.43864148814,16040.815567855287,475.871,3887.574,0.0,529.4869500000001,0.0,0.0,0.0,313.45,90.35,0.0,-67.30679146131479,44157.58788280892
23-02-2040 12:00:00,10070.720454026108,34923.317802980826,16033.09766671469,475.56800000000004,3726.39,0.0,525.7839,0.0,0.0,0.0,301.726,89.971,0.0,-12200.0,43462.51578557196
23-02-2040 13:00:00,9870.783846238346,38354.282179401205,15847.587388390064,479.324,3938.993,0.0,526.99935,0.0,0.0,0.0,294.9095,90.6375,0.0,-12200.0,43142.766327649486
23-02-2040 14:00:00,9273.709941664009,37237.383892725426,16041.79784618225,482.29,3576.163,0.0,525.1839,0.0,0.0,0.0,294.218,90.925,0.0,-12200.0,41570.899087352285
23-02-2040 15:00:00,8788.986299018117,33961.30473979205,16597.100833247387,477.67,3717.69,0.0,526.2886500000001,0.0,0.0,0.0,293.411,90.82600000000001,0.0,-12200.0,40517.21194192925
23-02-2040 16:00:00,8222.04694439769,27936.22316713588,16999.326267462777,475.96,3660.8309999999997,0.0,527.44065,0.0,0.0,0.0,295.994,92.53,0.0,-12200.0,40136.98758091775
23-02-2040 17:00:00,7704.25150687349,17523.351678176306,16578.420004350308,473.902,4569.152,0.0,528.8286000000002,0.0,0.0,0.0,302.5035,93.5235,0.0,-10752.879350424424,39689.079880675105
23-02-2040 18:00:00,3898.4531237128585,2124.442721115144,11580.324384522231,480.89,5593.49,8000.0,532.3750500000001,0.0,0.0,0.0,316.0625,94.5765,0.0,0.0,39678.91077040488
23-02-2040 19:00:00,7262.665491563951,15.283360703282504,12956.231166327882,478.914,6532.718000000001,8000.0,538.5486000000001,0.0,0.0,0.0,320.44,94.745,0.0,0.0,42732.197939752645
23-02-2040 20:00:00,6956.249008408229,6.814237256240608,14097.253201390096,478.909,6918.880999999999,8000.0,540.5326500000001,0.0,0.0,0.0,322.144,94.478,0.0,0.0,43834.12446955346
23-02-2040 21:00:00,6290.429575290013,2.4228399133299936,15068.507412979638,478.45,6969.508000000001,3554.616941731627,541.4017500000001,8554.792307326356,0.0,0.0,325.043,95.215,0.0,0.0,43246.60828068606
23-02-2040 22:00:00,6241.163764035658,6.273424775586591,15068.507412979638,472.181,5933.599,0.0,539.3896500000001,10399.081751933623,0.0,0.0,325.9165,94.7135,0.0,0.0,40330.07977906901
23-02-2040 23:00:00,6429.756909614625,2.8338573986270466,15068.507412979638,468.726,4739.371,0.0,534.0322500000001,8444.226562729473,0.0,0.0,323.6395,94.2185,0.0,0.0,37151.46372880559
24-02-2040 00:00:00,6162.082429232879,1.6873349396405315,15068.507412979638,475.35900000000004,4193.713,0.0,509.41890000000006,6901.715265943309,0.0,0.0,324.8925,95.7885,0.0,0.0,34437.19067270734
24-02-2040 01:00:00,5622.084582841519,6.619544763205161,15068.507412979638,474.3,3752.9040000000005,0.0,505.27035000000006,5463.454291348815,0.0,0.0,320.9225,95.2315,0.0,0.0,31857.888496946947
24-02-2040 02:00:00,4947.377346750895,6.240976026747351,15068.507412979638,472.54900000000004,3300.925,0.0,504.74715000000003,4777.641185354416,0.0,0.0,323.2855,96.0385,0.0,0.0,30011.726832577468
24-02-2040 03:00:00,4871.950917870189,2.5742674079131187,15068.507412979638,471.12199999999996,2775.3790000000004,0.0,502.18050000000005,4497.639150281349,0.0,0.0,321.488,94.73299999999999,0.0,0.0,29102.685674088454
24-02-2040 04:00:00,4635.92134781056,3.558546122703428,15068.507412979638,466.82,2600.782,0.0,502.0453500000001,4423.789843658746,0.0,0.0,317.348,95.334,0.0,0.0,28591.96734103564
24-02-2040 05:00:00,4040.655135676953,7.506477231477749,15068.507412979638,462.844,2636.8979999999997,0.0,499.31250000000006,4967.475033815455,0.0,0.0,319.1525,96.5515,0.0,0.0,28580.266372986815
24-02-2040 06:00:00,3457.4597821494735,5.289146060796281,15068.507412979638,454.129,2829.861,0.0,498.9715500000001,6022.060206922495,0.0,0.0,309.5475,94.7035,0.0,0.0,29256.991144008403
24-02-2040 07:00:00,3437.355865765415,100.92642513965254,15068.507412979638,437.56800000000004,3305.316,0.0,498.64830000000006,7307.455759303037,0.0,0.0,305.4395,93.8905,0.0,0.0,31118.44609079479
24-02-2040 08:00:00,3408.7277031884996,5222.052864446344,15068.507412979638,435.374,3805.752,0.0,502.4949000000001,3643.4735257538814,0.0,0.0,311.1485,94.8575,0.0,0.0,33147.41180601536
24-02-2040 09:00:00,2915.5513288528186,19117.688742370643,1240.3412136684724,431.4,4479.197,0.0,497.6065500000001,6831.8140102148645,0.0,0.0,318.454,95.417,0.0,0.0,36743.8221638815
24-02-2040 10:00:00,3072.530445304441,28216.38380418575,0.0,437.75,4565.222,0.0,497.0244,0.0,0.0,0.0,322.638,94.948,0.0,0.0,38957.84247379979
24-02-2040 11:00:00,2968.1110009440936,28207.671246465023,0.0,440.906,4123.125,0.0,493.5643500000001,0.0,0.0,0.0,327.406,95.32799999999999,0.0,0.0,39085.990300379824
24-02-2040 12:00:00,2447.598998761279,28097.311557728863,0.0,444.805,4012.538,0.0,492.34620000000007,0.0,0.0,0.0,327.5985,94.6855,0.0,0.0,38363.6721149608
24-02-2040 13:00:00,2060.5456064139785,28506.578170926532,0.0,445.999,3749.732,0.0,489.5022000000001,0.0,0.0,0.0,328.55699999999996,94.925,0.0,0.0,38084.487500903764
24-02-2040 14:00:00,1955.6294388917088,28012.565815514834,0.0,465.08099999999996,3362.198,0.0,483.6144,0.0,0.0,0.0,325.3235,94.5355,0.0,0.0,37033.54936689009
24-02-2040 15:00:00,2139.7896589677916,26328.083042663086,0.0,469.13199999999995,3217.844,0.0,481.7356500000001,0.0,0.0,0.0,327.7785,95.0605,0.0,0.0,35322.423681234184
24-02-2040 16:00:00,2965.5514002768505,24785.99776574446,0.0,471.06800000000004,3101.8059999999996,0.0,481.7953500000001,0.0,0.0,0.0,326.3275,94.5475,0.0,0.0,34366.45366166847
24-02-2040 17:00:00,3752.002655590101,15318.70820701805,0.0,467.486,3273.281,8000.0,484.37745000000007,0.0,0.0,0.0,330.37300000000005,95.677,0.0,0.0,33928.946821913654
24-02-2040 18:00:00,4718.599574155697,3159.7185507203176,6568.696207296387,468.211,3973.219,8000.0,489.7033500000001,0.0,0.0,0.0,318.798,95.618,0.0,0.0,34426.37913446635
24-02-2040 19:00:00,6366.973747886571,15.14274945831246,13730.24385019698,461.561,6232.609,7730.0,491.95140000000004,0.0,0.0,0.0,309.3655,95.5835,0.0,0.0,37668.96605659075
24-02-2040 20:00:00,6918.056208428895,6.619544763205161,15068.507412979638,468.04,6862.7480000000005,0.0,495.8215500000001,8051.712099634788,0.0,0.0,323.0935,95.4745,0.0,0.0,39425.3938879116
24-02-2040 21:00:00,6735.117531059525,2.0226386776460217,15068.507412979638,464.254,6846.186,0.0,497.2044000000001,8264.012304360233,0.0,0.0,327.0265,95.6575,0.0,0.0,39363.78143720554
24-02-2040 22:00:00,6305.799518289292,6.111181031390386,15068.507412979638,463.28,6199.081999999999,0.0,494.98515000000003,7790.017329048034,0.0,0.0,321.741,96.036,0.0,0.0,37683.60723927822
24-02-2040 23:00:00,5114.122276929027,2.476921161395395,15068.507412979638,459.68300000000005,5290.6630000000005,0.0,493.8867000000001,7656.093932931402,0.0,0.0,317.716,95.836,0.0,0.0,35275.469524788605
25-02-2040 00:00:00,4080.9248504501006,2.0118224280329415,15068.507412979638,458.39099999999996,4578.363,0.0,487.3708500000001,6675.8285864190075,0.0,0.0,314.1885,95.9535,0.0,0.0,32353.395013550213
25-02-2040 01:00:00,3827.622465736525,7.798515971030917,15068.507412979638,451.55,3917.591,0.0,486.9538500000001,5021.862080669951,0.0,0.0,307.07,94.595,0.0,0.0,29704.158582721346
25-02-2040 02:00:00,4041.660718258687,7.949943465614042,14898.355867703156,451.329,3307.998,0.0,487.2223500000001,3830.0621912004444,0.0,0.0,308.3745,93.9795,0.0,0.0,27911.993231088378
25-02-2040 03:00:00,4225.249156680869,4.878128575499229,84.48762991019741,452.75699999999995,2806.005,0.0,487.16415000000006,17903.132134193373,0.0,0.0,307.1145,92.9425,0.0,0.0,26829.092910564093
25-02-2040 04:00:00,4286.3228280199755,4.218337349101328,85.78369159163411,454.75800000000004,2532.6639999999998,0.0,485.4202500000001,17654.02730763556,0.0,0.0,306.9025,94.9015,0.0,0.0,26363.529042860966
25-02-2040 05:00:00,5016.457002490733,7.171173493472257,86.60225686412046,446.216,2418.274,0.0,487.0869,17067.84422240258,0.0,0.0,303.5975,94.3065,0.0,0.0,26391.2434673576
25-02-2040 06:00:00,6341.6640078293785,4.358948594071372,85.78369159163411,443.07099999999997,2343.292,0.0,486.47610000000014,16413.236832608833,0.0,0.0,296.4415,94.2945,0.0,0.0,26991.48583069388
25-02-2040 07:00:00,7808.047072392904,100.79663014429558,85.0723193905448,450.07599999999996,2348.143,0.0,486.03975,15464.283538068781,0.0,0.0,292.784,92.914,0.0,0.0,27633.105837615407
25-02-2040 08:00:00,8130.750125747409,4312.784840722746,85.80318124097903,451.028,2744.8909999999996,0.0,488.0038500000001,11467.552346432969,0.0,0.0,284.405,94.97,0.0,0.0,28626.562105860692
25-02-2040 09:00:00,7042.574405424812,16214.347756229168,279.15999239185993,448.63300000000004,2980.053,0.0,487.59465000000006,3047.926276979472,0.0,0.0,284.431,95.501,0.0,0.0,31547.294474586946
25-02-2040 10:00:00,5163.581011062719,23077.754768979426,0.0,445.469,3454.883,0.0,481.88145000000003,0.0,0.0,0.0,285.634,95.575,0.0,0.0,34089.589525713134
25-02-2040 11:00:00,4097.109102171044,24453.731643248717,0.0,451.148,3311.875,0.0,479.34780000000006,0.0,0.0,0.0,283.481,95.67399999999999,0.0,0.0,34774.620477487
25-02-2040 12:00:00,4406.826076720408,23761.647526413548,0.0,457.70599999999996,3000.545,0.0,478.5717000000001,0.0,0.0,0.0,285.193,94.15700000000001,0.0,0.0,34306.82578144533
25-02-2040 13:00:00,5127.398624706024,23033.49548546365,0.0,457.704,2869.53,0.0,479.4760500000001,0.0,0.0,0.0,293.2195,94.6245,0.0,0.0,34238.642858679326
25-02-2040 14:00:00,6342.047986173091,24717.969303621998,0.0,455.11,2742.7090000000003,0.0,478.86030000000005,0.0,0.0,0.0,296.5095,92.6915,0.0,-2982.922149257736,34027.31902342616
25-02-2040 15:00:00,9401.842768945531,31873.103217702814,0.0,460.91,2350.033,0.0,477.9333000000001,0.0,0.0,0.0,307.002,92.89299999999999,0.0,-12200.0,32484.231217052482
25-02-2040 16:00:00,10554.283266407776,26878.226193656134,0.0,459.77,2135.064,0.0,479.6958000000001,0.0,0.0,0.0,308.329,95.149,0.0,-11546.114154806894,31413.618121949305
25-02-2040 17:00:00,12526.353446367197,17078.54045401308,0.0,460.212,2093.4629999999997,0.0,482.89845,0.0,0.0,0.0,309.238,96.09,0.0,-4265.379552031365,30941.584963661633
25-02-2040 18:00:00,13780.882727368687,3853.8297371405215,0.0,459.096,2804.2070000000003,8000.0,485.93145000000004,0.0,0.0,0.0,308.582,95.71700000000001,0.0,0.0,31845.825209938368
25-02-2040 19:00:00,17707.45065152256,19.447616804318432,0.0,459.565,4469.19,8000.0,491.42295,0.0,0.0,0.0,309.9365,95.1135,0.0,0.0,35742.13597298122
25-02-2040 20:00:00,22274.497327734945,7.23607099115074,0.0,460.89,4739.516,7730.0,491.6230500000001,0.0,0.0,0.0,322.6815,94.9925,0.0,0.0,38617.15403032652
25-02-2040 21:00:00,25090.875008276867,2.7689599009485644,1840.0670871124057,461.16900000000004,4800.266,0.0,494.07765,0.0,0.0,0.0,323.5285,94.9955,0.0,0.0,39123.99101222304
25-02-2040 22:00:00,25436.43185961394,5.91648853835494,906.2916809824783,456.939,4141.702,0.0,497.0323500000001,0.0,0.0,0.0,325.3485,95.2825,0.0,0.0,37683.47406660099
25-02-2040 23:00:00,24547.20291783686,2.8446736482401267,4644.725043937589,454.381,2782.952,0.0,496.2876000000001,0.0,0.0,0.0,323.28,94.83200000000001,0.0,0.0,34438.2381985705
26-02-2040 00:00:00,24109.77449478241,1.9685574295806199,2618.2623463162163,458.875,2353.7889999999998,0.0,493.47720000000004,0.0,0.0,0.0,322.129,95.04700000000001,0.0,0.0,30993.328128616507
26-02-2040 01:00:00,24193.729037481287,6.716891009722884,442.3693469704449,452.591,2201.857,0.0,494.37165000000005,0.0,0.0,0.0,318.4475,95.8075,0.0,0.0,28686.574252495964
26-02-2040 02:00:00,23447.3559318696,6.946122484769882,0.0,453.966,2169.493,0.0,494.34645000000006,0.0,0.0,0.0,322.769,95.583,0.0,0.0,27447.781177656107
26-02-2040 03:00:00,23321.90891817133,2.254592456928899,0.0,441.111,1782.65,0.0,493.4167500000001,0.0,0.0,0.0,322.3105,95.4355,0.0,0.0,26905.240154612115
26-02-2040 04:00:00,23270.65614607324,3.8476043818956662,0.0,409.67800000000005,2055.291,0.0,489.0264000000001,0.0,0.0,0.0,321.7455,94.9035,0.0,0.0,27094.21032361222
26-02-2040 05:00:00,24040.760588672914,6.987297250049893,0.0,409.496,2105.77,32.005280354886054,491.79225,0.0,0.0,0.0,325.564,94.854,0.0,0.0,27977.46434151689
26-02-2040 06:00:00,23204.769509348043,5.58118480034945,160.75201094224212,416.69800000000004,2518.444,4044.3462267476953,495.65070000000003,0.0,0.0,0.0,316.1265,89.9505,0.0,0.0,31803.19879351124
26-02-2040 07:00:00,22269.887118360224,120.43893944164945,8710.60296865748,422.126,4236.175,0.0,510.6000000000001,0.0,0.0,0.0,303.183,85.72200000000001,0.0,0.0,37327.959189062516
26-02-2040 08:00:00,20715.62000377843,6120.764228547575,6818.328737064556,435.651,5550.535,0.0,529.7698500000001,0.0,0.0,0.0,285.1705,81.0315,0.0,0.0,41286.325071766376
26-02-2040 09:00:00,16410.8408751701,18736.04182705511,0.0,433.666,5976.831,0.0,530.0766000000001,0.0,0.0,0.0,289.9555,81.5425,0.0,0.0,43297.81875493209
26-02-2040 10:00:00,13048.503030931184,22380.25735626676,0.0,445.406,5410.0869999999995,0.0,524.2228500000001,0.0,0.0,0.0,295.9655,81.5725,0.0,0.0,43773.472498882446
26-02-2040 11:00:00,12289.391203030456,23135.36992300531,0.0,446.926,4625.108,0.0,523.7016000000001,0.0,0.0,0.0,301.8425,81.0265,0.0,0.0,43376.372034947046
26-02-2040 12:00:00,12572.580647746945,22923.668437204527,0.0,444.60900000000004,3689.8459999999995,0.0,526.65705,0.0,0.0,0.0,301.9285,80.4255,0.0,0.0,42532.975334561335
26-02-2040 13:00:00,20606.301649543475,34614.45848347219,0.0,437.309,3674.864,0.0,526.0686000000001,0.0,0.0,0.0,296.286,76.063,0.0,-12200.0,42485.75408877995
26-02-2040 14:00:00,21630.04553845022,32431.562559007438,0.0,448.42699999999996,3220.364,0.0,526.3996500000001,0.0,0.0,0.0,288.1465,69.7625,0.0,-12200.0,41307.17329158187
26-02-2040 15:00:00,23049.300860957588,26605.799244504364,0.0,453.49199999999996,3240.903,0.0,527.3478000000001,0.0,0.0,0.0,290.857,70.222,0.0,-12200.0,40509.56864863729
26-02-2040 16:00:00,26073.27447038631,18765.802325794855,0.0,454.69699999999995,3503.888,0.0,527.7039000000001,0.0,0.0,0.0,285.7755,71.3325,0.0,-10712.95137331287,40285.63023613075
26-02-2040 17:00:00,29347.205820823587,9387.141033421889,0.0,455.256,4405.835,0.0,528.4045500000001,0.0,0.0,0.0,283.228,79.38600000000001,0.0,-5266.010834926248,40386.33258750364
26-02-2040 18:00:00,30767.32293253707,1443.1256558764037,0.0,452.962,5136.602,1211.117872291663,533.6967000000001,0.0,0.0,0.0,279.8875,79.0955,0.0,0.0,40909.70158090947
26-02-2040 19:00:00,32981.04336896964,6.684442260883643,0.0,446.548,6360.811,2244.9970178642543,535.0018500000001,0.0,0.0,0.0,280.4085,80.3565,0.0,0.0,43904.687016945376
26-02-2040 20:00:00,35984.39366008381,6.835869755466769,0.0,442.561,6161.81,831.2257881892074,536.8536000000001,0.0,0.0,0.0,281.401,81.692,0.0,0.0,45278.51086262878
26-02-2040 21:00:00,36280.52405806003,1.6568260551388028,0.0,442.224,5835.395,0.0,537.7119,0.0,0.0,0.0,282.2705,82.3415,0.0,0.0,44340.236441539695
26-02-2040 22:00:00,34040.04788413028,5.457727839468555,0.0,438.94699999999995,4641.278,0.0,536.7771000000001,0.0,0.0,0.0,283.14599999999996,82.08,0.0,0.0,40789.20597539863
26-02-2040 23:00:00,35725.91188345436,1.755248980051243,0.0,433.57800000000003,3660.0840000000003,0.0,530.32905,0.0,0.0,0.0,278.3935,82.0065,0.0,-4642.251891786713,36714.15702005734
27-02-2040 00:00:00,37245.921459602185,1.33815286501257,0.0,434.131,2799.032,0.0,511.7361000000001,0.0,0.0,0.0,276.642,83.035,0.0,-8140.123373780974,33766.095609218755
27-02-2040 01:00:00,36110.53123435293,1.6762908007285224,0.0,435.832,2662.373,0.0,509.32935000000015,0.0,0.0,0.0,274.124,82.78399999999999,0.0,-9133.642060097674,31440.968367532583
27-02-2040 02:00:00,35734.78828975545,1.2005942066597997,0.0,432.097,2343.911,0.0,510.8620500000001,0.0,0.0,0.0,280.3225,82.4555,0.0,-9936.083598845893,29919.841405213305
27-02-2040 03:00:00,34503.00726030681,2.3254925690651382,0.0,435.923,2433.072,0.0,511.0851000000001,0.0,0.0,0.0,282.349,82.225,0.0,-9269.081111130665,29441.15593690759
27-02-2040 04:00:00,34033.10226596529,2.174066112299802,0.0,430.73900000000003,2397.966,0.0,512.2651500000001,0.0,0.0,0.0,287.714,82.677,0.0,-8985.053786232187,29222.52434399049
27-02-2040 05:00:00,33486.932579472596,2.963652389714594,0.0,427.134,2423.265,0.0,514.6221000000002,0.0,0.0,0.0,297.1345,90.1155,0.0,-7839.176156647067,29884.715065651566
27-02-2040 06:00:00,33577.29582362874,2.5526349085402593,0.0,414.723,2780.344,0.0,514.6657500000001,0.0,0.0,0.0,296.8205,92.3745,0.0,-5214.459207184951,33025.791672562664
27-02-2040 07:00:00,31788.136222682413,82.17104831037224,0.0,407.085,4839.876,0.0,523.1965500000001,0.0,0.0,0.0,297.994,94.492,0.0,-113.08571541093988,38602.83313164766
27-02-2040 08:00:00,30432.359506936034,1724.8132445498547,0.0,409.86699999999996,5300.666,2459.5999782743274,536.2890000000001,0.0,0.0,0.0,294.0545,92.6665,0.0,0.0,42015.25278827085
27-02-2040 09:00:00,29313.520785207504,6845.113824882866,0.0,404.681,6195.953,0.0,533.5666500000001,0.0,0.0,0.0,297.5765,94.7155,0.0,0.0,44498.54639154379
27-02-2040 10:00:00,28777.74964132109,10666.61850365147,0.0,405.73199999999997,6021.89,0.0,534.14205,0.0,0.0,0.0,302.83299999999997,94.40700000000001,0.0,-2045.0579821394094,45631.39836972289
27-02-2040 11:00:00,27616.53182651324,14277.518429439231,0.0,402.94599999999997,6138.2119999999995,0.0,533.4235500000001,0.0,0.0,0.0,299.3525,93.8965,0.0,-4359.95501291574,45971.606201187904
27-02-2040 12:00:00,25951.89903679048,15649.589939484367,0.0,406.44300000000004,6009.209,0.0,535.2555000000001,0.0,0.0,0.0,293.475,94.146,0.0,-4473.788955650296,45518.29533575978
27-02-2040 13:00:00,25130.02012682715,15510.057827701752,0.0,415.045,6345.4130000000005,0.0,538.3183500000001,0.0,0.0,0.0,290.616,95.096,0.0,-3792.1783762926934,45601.02681552434
27-02-2040 14:00:00,24225.770848479948,13278.256700230111,0.0,427.325,5787.111,0.0,539.7541500000001,0.0,0.0,0.0,286.466,94.301,0.0,-1366.2361283129248,44353.266160434796
27-02-2040 15:00:00,24130.601657100255,10418.103464822843,0.0,432.215,5767.4890000000005,603.7742441158261,538.9141500000001,0.0,0.0,0.0,290.691,94.287,0.0,0.0,43192.627219568996
27-02-2040 16:00:00,22867.67115457348,6924.88748978242,0.0,432.50300000000004,5809.076999999999,4860.459273264678,539.0497500000001,0.0,0.0,0.0,292.568,95.147,0.0,0.0,42676.794386128204
27-02-2040 17:00:00,23106.19921058619,2975.8206747987256,0.0,430.722,5675.545999999999,8000.0,533.4615,0.0,0.0,0.0,301.9205,93.4635,0.0,0.0,42672.85946830845
27-02-2040 18:00:00,22298.735735580052,432.87712576508784,0.0,430.852,6006.844,8000.0,532.4470500000001,0.0,0.0,0.0,305.216,94.33,0.0,0.0,42685.20918817025
27-02-2040 19:00:00,22133.11241674309,5.375676057700924,6810.134323746228,431.289,6853.326999999999,2265.7652647764044,532.7628000000001,0.0,0.0,0.0,302.288,94.47200000000001,0.0,0.0,45364.70408801923
27-02-2040 20:00:00,21231.828086861144,2.357942415651512,10711.070746577814,425.50699999999995,7328.536999999999,0.0,533.8641000000001,0.0,0.0,0.0,311.2855,94.7425,0.0,0.0,46595.854613548574
27-02-2040 21:00:00,19946.27584387066,1.5575399442835676,15068.507412979638,422.25699999999995,7174.863,0.0,537.1011000000001,276.0244293272699,0.0,0.0,321.0925,94.6965,0.0,0.0,45307.27616090502
27-02-2040 22:00:00,19067.957473105398,1.1465224589865148,14359.801990776406,427.48900000000003,6093.406999999999,0.0,533.57775,0.0,0.0,0.0,320.496,95.02799999999999,0.0,0.0,41685.10842171204
27-02-2040 23:00:00,20708.816850850464,1.7738649365451737,10176.844214711167,436.87800000000004,4708.407999999999,0.0,525.9498000000001,0.0,0.0,0.0,300.812,94.17299999999999,0.0,0.0,37617.85825178299
28-02-2040 00:00:00,23968.296760783014,1.2655012047303984,4994.985945677548,435.483,3509.0809999999997,0.0,507.72645000000006,0.0,0.0,0.0,299.176,95.26299999999999,0.0,0.0,34382.5404002878
28-02-2040 01:00:00,27008.458474157458,5.740769077008911,0.0,437.89599999999996,2892.236,0.0,501.3640500000001,0.0,0.0,0.0,296.964,95.04700000000001,0.0,0.0,31753.362824969878
28-02-2040 02:00:00,25948.139593510074,5.472438685051804,0.0,434.899,2598.126,0.0,498.9999,0.0,0.0,0.0,311.613,94.568,0.0,0.0,30378.23068792968
28-02-2040 03:00:00,25374.37255829825,1.4935297147783089,0.0,428.389,2641.43,0.0,499.58925000000005,0.0,0.0,0.0,309.267,94.749,0.0,0.0,29821.395177547834
28-02-2040 04:00:00,25332.58357091571,0.8394988315975036,0.0,429.85400000000004,2398.619,0.0,497.19330000000014,0.0,0.0,0.0,313.7425,93.6435,0.0,0.0,29539.94104811757
28-02-2040 05:00:00,25825.98402549356,1.8650198953736323,0.0,426.412,2580.219,0.0,496.59900000000005,0.0,0.0,0.0,312.60900000000004,93.34200000000001,0.0,0.0,30229.516238508008
28-02-2040 06:00:00,28308.65290260758,1.2235362053346268,0.0,429.92400000000004,2718.903,0.0,500.78115,0.0,0.0,0.0,310.9855,93.0965,0.0,0.0,32925.90770077039
28-02-2040 07:00:00,33336.978825926715,63.68587755473479,0.0,428.835,3547.42,0.0,511.1565000000001,0.0,0.0,0.0,302.375,92.056,0.0,-1542.0011177661547,37399.68048754241
28-02-2040 08:00:00,36275.88210711749,722.4175064602342,0.0,438.185,4405.121,0.0,520.4076000000001,0.0,0.0,0.0,308.528,91.984,0.0,-2941.095333823436,40573.82074548143
28-02-2040 09:00:00,35778.95957252246,2909.6845280058624,0.0,429.371,5660.189,0.0,515.5167,0.0,0.0,0.0,295.4915,92.4215,0.0,-3824.699353172862,42673.86756315546
28-02-2040 10:00:00,34205.96971389512,6036.94659319527,0.0,427.667,6715.044,0.0,509.2447500000001,0.0,0.0,0.0,296.4135,91.4805,0.0,-4963.440998590111,44210.74275254032
28-02-2040 11:00:00,33690.389482606355,9279.44240588488,0.0,432.43199999999996,7159.701999999999,0.0,505.39140000000003,0.0,0.0,0.0,290.9085,90.3025,0.0,-7561.717637136182,44867.42131573536
28-02-2040 12:00:00,34302.40566470865,9804.551622620424,0.0,437.144,7248.416,0.0,508.86345000000006,0.0,0.0,0.0,290.6325,91.5895,0.0,-8766.359414372102,44917.15535881993
28-02-2040 13:00:00,33488.36750502839,9293.884109297867,0.0,433.709,7569.579000000001,0.0,512.4372000000001,0.0,0.0,0.0,294.655,91.296,0.0,-7730.069127285027,44903.58662537375
28-02-2040 14:00:00,33075.293529770126,7599.626773034107,0.0,435.445,6666.956,0.0,515.1528000000001,0.0,0.0,0.0,287.3515,91.3895,0.0,-6142.661172087788,43417.15412139209
28-02-2040 15:00:00,34657.68214847782,6590.362521745256,0.0,436.066,6056.420999999999,0.0,514.8421500000001,0.0,0.0,0.0,294.2195,93.5845,0.0,-6747.876032560725,42762.95710827976
28-02-2040 16:00:00,36765.11250604027,3999.708495672043,0.0,432.223,5536.106,0.0,515.2149000000001,0.0,0.0,0.0,295.224,92.61,0.0,-6663.896160360822,41814.38226419682
28-02-2040 17:00:00,37481.427655263615,2140.881918416214,0.0,429.43699999999995,5657.184,0.0,513.1170000000001,0.0,0.0,0.0,298.86,92.662,0.0,-5402.178852347748,42044.75053627172
28-02-2040 18:00:00,37636.61612100248,556.7556325836969,0.0,436.93300000000005,5941.979,0.0,513.3219,0.0,0.0,0.0,298.072,93.08200000000001,0.0,-4128.011979607829,42156.11934950541
28-02-2040 19:00:00,35878.861635756104,4.175072350649007,0.0,434.689,7007.204000000001,0.0,515.44545,0.0,0.0,0.0,301.0,93.177,0.0,-1099.1549352310903,44008.517438269686
28-02-2040 20:00:00,36609.25494112293,1.946924930354459,0.0,436.754,7204.983,0.0,515.5788000000001,0.0,0.0,0.0,300.4125,94.2845,0.0,-993.3679293074019,45065.83372514191
28-02-2040 21:00:00,39346.868432137846,0.8436674698202655,0.0,428.611,6113.279,0.0,517.01295,0.0,0.0,0.0,300.5865,94.2345,0.0,-3556.247382843343,44098.329389369224
28-02-2040 22:00:00,40349.09004747404,4.856496076273068,0.0,412.555,4588.313,0.0,515.4426000000001,0.0,0.0,0.0,291.4065,92.0505,0.0,-6218.336361109636,40784.092590982844
28-02-2040 23:00:00,39464.239257552814,1.1032574605341934,0.0,416.36400000000003,3838.893,0.0,504.2247000000001,0.0,0.0,0.0,295.7245,94.2405,0.0,-8281.488990148344,36974.791572957416
01-03-2040 00:00:00,38850.24987127239,0.5191799814278558,0.0,422.319,3660.2259999999997,0.0,478.28895000000006,0.0,0.0,0.0,293.618,94.135,0.0,-10300.694695265971,34055.92213374916
01-03-2040 01:00:00,37188.702565720785,4.30486734600597,0.0,424.654,3481.053,0.0,475.761,0.0,0.0,0.0,302.02099999999996,94.46700000000001,0.0,-10904.787610672072,31565.511232060133
01-03-2040 02:00:00,36243.524556146134,0.6273424775586588,0.0,425.298,3075.191,0.0,476.7580500000001,0.0,0.0,0.0,306.32099999999997,93.155,0.0,-11143.582403244047,29946.064890910377
01-03-2040 03:00:00,37898.47369291142,4.532008587880657,0.0,424.471,2821.6620000000003,0.0,475.49550000000005,0.0,0.0,0.0,308.904,94.395,0.0,-12200.0,29418.32054267415
01-03-2040 04:00:00,40144.27994895195,0.6273424775586588,0.0,422.223,2582.6679999999997,0.0,474.2649,0.0,0.0,0.0,310.4475,93.8345,0.0,-12200.0,29091.079935663536
01-03-2040 05:00:00,43147.09650777274,2.1740661722291463,0.0,422.851,2880.577,0.0,473.59275,0.0,0.0,0.0,311.2745,93.5285,0.0,-12200.0,29929.082398641
01-03-2040 06:00:00,45094.70885207588,1.6332536915751292,0.0,421.95099999999996,3076.135,0.0,476.09040000000005,0.0,0.0,0.0,299.893,92.811,0.0,-12200.0,32796.87304831755
01-03-2040 07:00:00,45613.67841963303,108.54106486726107,0.0,419.76099999999997,4061.6079999999997,0.0,489.0123000000001,0.0,0.0,0.0,297.3615,91.4225,0.0,-12200.0,37765.683271396854
01-03-2040 08:00:00,46879.02232035597,1802.6686092648063,0.0,416.99199999999996,4252.361,0.0,497.5398000000001,0.0,0.0,0.0,305.996,92.198,0.0,-12200.0,41286.65205160789
01-03-2040 09:00:00,47436.90406620096,5063.172973879807,0.0,397.209,5530.486999999999,0.0,494.96055000000007,0.0,0.0,0.0,308.2585,90.0725,0.0,-12200.0,43220.95691671396
01-03-2040 10:00:00,47449.79486137373,7317.008987005419,0.0,404.124,5729.391,0.0,489.8475000000001,0.0,0.0,0.0,297.471,88.309,0.0,-12200.0,44392.914791160736
01-03-2040 11:00:00,50060.30658168273,9778.798215192117,0.0,392.175,4949.142,0.0,485.3319,0.0,0.0,0.0,293.1485,89.8085,0.0,-12200.0,43845.65952974183
01-03-2040 12:00:00,48592.07479221895,11493.238676363026,0.0,404.11300000000006,5142.044,0.0,473.22975,0.0,0.0,0.0,306.2145,93.1345,0.0,-12200.0,44153.35462843297
01-03-2040 13:00:00,47933.2209522919,12377.326470987373,0.0,414.77099999999996,4776.601,0.0,481.91325000000006,0.0,0.0,0.0,308.8385,92.9235,0.0,-12200.0,43462.80482236021
01-03-2040 14:00:00,51665.997642444294,13231.550600430006,0.0,416.211,4139.1179999999995,0.0,490.1010000000001,0.0,0.0,0.0,308.7575,91.9605,0.0,-12200.0,41503.73913906198
01-03-2040 15:00:00,55774.862218165355,11848.736352396138,0.0,414.23,3540.7270000000003,0.0,492.68475000000007,0.0,0.0,0.0,298.8655,90.6495,0.0,-12200.0,41035.12531945832
01-03-2040 16:00:00,59214.03200020321,10208.88474855703,0.0,408.744,3423.667,0.0,490.5352500000001,0.0,0.0,0.0,291.7755,93.0485,0.0,-12200.0,40915.66347615403
01-03-2040 17:00:00,60755.721597262695,6990.596206181882,0.0,411.605,3737.551,0.0,493.9386000000001,0.0,0.0,0.0,287.7145,94.0155,0.0,-12200.0,41095.288122334576
01-03-2040 18:00:00,62057.448249317844,1888.1494299569806,0.0,407.892,3813.618,0.0,498.43785000000014,0.0,0.0,0.0,299.1445,93.7965,0.0,-12200.0,41342.95173087305
01-03-2040 19:00:00,60403.60912101778,12.47113580388162,0.0,409.475,5091.169,0.0,505.52985000000007,0.0,0.0,0.0,292.9435,93.9325,0.0,-12200.0,43769.42114796783
01-03-2040 20:00:00,58678.88802358138,5.289146060796281,0.0,413.19199999999995,5522.4259999999995,0.0,509.14950000000005,0.0,0.0,0.0,289.889,94.039,0.0,-12200.0,45198.65933500647
01-03-2040 21:00:00,55566.39334609587,1.9793736791936998,0.0,399.954,5551.6,0.0,508.16490000000005,0.0,0.0,0.0,294.448,95.475,0.0,-12200.0,44017.220905109236
01-03-2040 22:00:00,57127.86197901302,0.757137472915623,0.0,411.208,4372.227,0.0,509.5143000000001,0.0,0.0,0.0,294.995,94.98100000000001,0.0,-12200.0,40572.326086774716
01-03-2040 23:00:00,58418.3957234084,2.2822286683599495,0.0,416.843,3578.84,0.0,501.5953500000001,0.0,0.0,0.0,289.296,94.79299999999999,0.0,-12200.0,36706.037578645715
02-03-2040 00:00:00,57966.455970174444,0.40020123568397226,0.0,389.82099999999997,3580.923,0.0,483.16395000000006,0.0,0.0,0.0,285.95599999999996,94.3,0.0,-12200.0,33950.78639699382
02-03-2040 01:00:00,56585.837496956934,2.0659036760983427,0.0,379.561,3379.515,0.0,480.3411000000001,0.0,0.0,0.0,286.4305,92.5055,0.0,-12200.0,31323.537593551042
02-03-2040 02:00:00,53030.0510764404,1.254684955117318,0.0,377.97900000000004,3174.6859999999997,0.0,480.9469500000001,0.0,0.0,0.0,297.0635,93.1385,0.0,-12200.0,29811.853615619613
02-03-2040 03:00:00,49470.675499632154,2.238963669907628,0.0,376.13,3264.5840000000003,0.0,483.3054,0.0,0.0,0.0,300.3915,94.0615,0.0,-12200.0,29205.916446374602
02-03-2040 04:00:00,43836.84880633624,0.7355049736894622,0.0,380.135,3196.743,0.0,484.3494,0.0,0.0,0.0,298.901,94.616,0.0,-12200.0,29110.000871566746
02-03-2040 05:00:00,38460.954045255174,2.920387395531688,0.0,386.23199999999997,3493.664,0.0,486.8484000000001,0.0,0.0,0.0,299.6535,94.2985,0.0,-12200.0,29704.009414443244
02-03-2040 06:00:00,34322.544679757695,1.1681549582126753,0.0,399.784,4018.881,0.0,491.5948500000001,0.0,0.0,0.0,307.5265,93.4495,0.0,-7584.211208428809,32580.580533038054
02-03-2040 07:00:00,30194.93759176324,126.25808173348669,0.0,409.793,5214.446,163.2463614790322,503.0059500000001,0.0,0.0,0.0,307.3885,92.4735,0.0,0.0,37637.367677002796
02-03-2040 08:00:00,27000.058627456496,2189.674020420821,0.0,406.537,6272.924,3863.1060002221275,506.5519500000001,0.0,0.0,0.0,308.805,92.23899999999999,0.0,0.0,41341.69179830966
02-03-2040 09:00:00,24075.770333018532,5921.723603167672,0.0,405.103,7357.187,3833.309513150336,508.9507500000001,0.0,0.0,0.0,312.2295,92.3225,0.0,0.0,43266.836391973884
02-03-2040 10:00:00,24423.233923635584,8901.535474073624,0.0,415.1,7568.893,814.1601488735687,509.11320000000006,0.0,0.0,0.0,312.0115,91.3165,0.0,0.0,43842.312357257244
02-03-2040 11:00:00,25947.150557456087,9102.939910569214,0.0,413.152,6746.0109999999995,0.0,510.66465,0.0,0.0,0.0,302.3135,91.6805,0.0,0.0,43919.96355977995
02-03-2040 12:00:00,29806.778091711632,8998.230878184768,0.0,413.15,6087.291,0.0,511.7808000000001,0.0,0.0,0.0,304.029,91.45299999999999,0.0,-3054.9567845150123,43962.62940722321
02-03-2040 13:00:00,39711.042144612744,11120.824723967837,0.0,418.041,5945.969,0.0,512.6452500000001,0.0,0.0,0.0,314.933,91.94200000000001,0.0,-12200.0,44082.30402921841
02-03-2040 14:00:00,48135.55718304802,10154.424002112599,0.0,423.24800000000005,4767.752,0.0,509.4337500000001,0.0,0.0,0.0,321.35200000000003,92.807,0.0,-12200.0,42438.318204353985
02-03-2040 15:00:00,52681.9542598767,8710.30534655843,0.0,415.033,4477.681,0.0,507.69915000000003,0.0,0.0,0.0,317.5795,92.9225,0.0,-12200.0,41457.413274939914
02-03-2040 16:00:00,53800.822826657975,7301.165134111747,0.0,403.69800000000004,4136.129,0.0,505.4706000000001,0.0,0.0,0.0,315.161,91.921,0.0,-12200.0,41158.18580097283
02-03-2040 17:00:00,50769.652171890346,3926.871564033764,0.0,409.48,4529.585999999999,0.0,507.25950000000006,0.0,0.0,0.0,305.377,87.219,0.0,-12200.0,40969.884471284495
02-03-2040 18:00:00,52440.84519052768,746.2995873501466,0.0,407.843,4833.064,0.0,506.7603000000001,0.0,0.0,0.0,303.9715,87.3225,0.0,-12200.0,40914.64496556696
02-03-2040 19:00:00,55796.08386409252,10.242988380985253,0.0,404.789,5649.257,0.0,511.97010000000006,0.0,0.0,0.0,304.092,87.596,0.0,-12200.0,42646.05344514628
02-03-2040 20:00:00,58038.14627218501,1.8171299349719323,0.0,409.87199999999996,5796.113,0.0,513.4389000000001,0.0,0.0,0.0,303.492,87.46700000000001,0.0,-12200.0,43919.94533223474
02-03-2040 21:00:00,58987.62508187869,2.206514921066628,0.0,389.63699999999994,4841.941,0.0,512.7420000000001,0.0,0.0,0.0,302.0405,87.4675,0.0,-12200.0,42897.21971828966
02-03-2040 22:00:00,59440.195258083186,0.8328512202071473,0.0,378.82300000000004,3977.847,0.0,507.7372500000001,0.0,0.0,0.0,305.702,93.37799999999999,0.0,-12200.0,40125.42164549974
02-03-2040 23:00:00,57906.09780951836,1.189787457438833,0.0,362.56699999999995,3645.87,0.0,503.19735000000014,0.0,0.0,0.0,303.2595,92.9845,0.0,-12200.0,36733.27659900417
03-03-2040 00:00:00,57931.69375384896,0.562444979880177,0.0,363.92400000000004,3682.895,0.0,485.5843500000001,0.0,0.0,0.0,297.005,94.316,0.0,-12200.0,33857.89213080122
03-03-2040 01:00:00,58276.79422539894,5.25669731195704,0.0,363.69,2992.673,0.0,483.0657000000001,0.0,0.0,0.0,295.108,92.32700000000001,0.0,-12200.0,31256.76265565438
03-03-2040 02:00:00,56018.50714246897,1.3195824527958,0.0,365.505,2876.635,0.0,483.78705000000014,0.0,0.0,0.0,300.5085,93.4825,0.0,-12200.0,29280.57498356739
03-03-2040 03:00:00,54764.13569476288,4.521192338267578,0.0,363.24800000000005,3111.062,0.0,482.86275000000006,0.0,0.0,0.0,299.911,92.323,0.0,-12200.0,28243.572737838964
03-03-2040 04:00:00,54247.49443764496,0.757137472915623,0.0,362.99,3000.6620000000003,0.0,482.1618000000001,0.0,0.0,0.0,296.21299999999997,93.88600000000001,0.0,-12200.0,27661.38643198551
03-03-2040 05:00:00,54503.036177415546,3.7640548653519534,0.0,365.24800000000005,2825.792,0.0,480.69840000000005,0.0,0.0,0.0,288.8925,94.3685,0.0,-12200.0,27595.531055144835
03-03-2040 06:00:00,53770.97205791292,2.2822286683599495,0.0,366.213,3113.9509999999996,0.0,477.18345000000005,0.0,0.0,0.0,284.55400000000003,93.48200000000001,0.0,-12200.0,28233.587018992912
03-03-2040 07:00:00,54325.160221582686,139.35656001492697,0.0,337.667,3039.966,0.0,476.6784,0.0,0.0,0.0,290.7685,93.6035,0.0,-12200.0,29557.81631811121
03-03-2040 08:00:00,53141.35746536247,4298.204536244313,0.0,342.64099999999996,3788.205,0.0,473.85690000000005,0.0,0.0,0.0,305.635,92.883,0.0,-12200.0,31532.733641894694
03-03-2040 09:00:00,52257.144833618106,12926.110527606228,0.0,346.71,4316.45,0.0,470.46150000000006,0.0,0.0,0.0,313.725,92.927,0.0,-12200.0,35082.427545384366
03-03-2040 10:00:00,52095.71402062192,18240.60987749557,0.0,354.473,4447.299,0.0,467.0787,0.0,0.0,0.0,310.274,93.219,0.0,-12200.0,37205.75205425608
03-03-2040 11:00:00,52930.23540232734,19920.816908641085,0.0,357.786,4465.168,0.0,465.7839,0.0,0.0,0.0,310.827,93.689,0.0,-12200.0,37732.69513448477
03-03-2040 12:00:00,53199.36024220196,19216.300490093097,0.0,359.714,4527.197,0.0,461.2560000000001,0.0,0.0,0.0,302.163,94.65899999999999,0.0,-12200.0,37203.46691527267
03-03-2040 13:00:00,52289.38535823864,15899.573259989305,0.0,360.296,4611.244000000001,0.0,459.59535000000005,0.0,0.0,0.0,292.947,94.49700000000001,0.0,-12200.0,37117.635264860524
03-03-2040 14:00:00,50189.628369319085,12405.610963725578,0.0,381.689,4560.401,0.0,458.2623000000001,0.0,0.0,0.0,299.4265,93.9785,0.0,-12200.0,36325.7179880103
03-03-2040 15:00:00,44283.47057476293,9090.39800856762,0.0,394.00800000000004,4907.905,0.0,458.1396000000001,0.0,0.0,0.0,306.452,93.78299999999999,0.0,-12200.0,34840.984737630504
03-03-2040 16:00:00,38910.46106216638,5643.205175630851,0.0,390.806,4897.407,0.0,455.73885000000007,0.0,0.0,0.0,309.9,94.499,0.0,-12200.0,33895.43231813496
03-03-2040 17:00:00,35862.853534579954,2569.302749340714,0.0,389.97,5166.679,0.0,457.39950000000005,0.0,0.0,0.0,313.0335,94.3025,0.0,-12020.008061560504,33506.75558401887
03-03-2040 18:00:00,33313.430956111304,307.0300615168981,0.0,395.736,5580.255,0.0,462.3298500000001,0.0,0.0,0.0,318.3855,93.2005,0.0,-6983.464745072477,34182.17503960942
03-03-2040 19:00:00,31990.482643956246,6.403219770943554,0.0,397.083,6553.181,0.0,465.1089,0.0,0.0,0.0,310.2925,87.9075,0.0,-3790.884282031744,36779.26878745181
03-03-2040 20:00:00,33762.00200769644,6.565463515139758,0.0,399.283,5475.251,0.0,464.82465,0.0,0.0,0.0,305.9585,88.8145,0.0,-3356.9144283631395,37924.584686643284
03-03-2040 21:00:00,35856.773627585775,2.595899907139278,0.0,406.435,5038.401,0.0,468.52200000000005,0.0,0.0,0.0,302.658,91.76299999999999,0.0,-5071.7160896046225,37840.25848266873
03-03-2040 22:00:00,36391.16728489663,1.135706209373434,0.0,395.25300000000004,4792.637,0.0,467.03220000000005,0.0,0.0,0.0,311.1155,93.8285,0.0,-6847.96356875504,36274.272043639474
03-03-2040 23:00:00,36145.952104715376,1.7522324373190128,0.0,390.684,4517.314,0.0,464.0142000000001,0.0,0.0,0.0,299.591,94.51100000000001,0.0,-8860.413143941707,33650.134942556535
04-03-2040 00:00:00,37817.53976558307,0.5299962310409362,0.0,389.54900000000004,4269.479,0.0,456.6268500000001,0.0,0.0,0.0,270.9515,94.9105,0.0,-12200.0,31013.715079941125
04-03-2040 01:00:00,38620.67150023711,4.1534398514228466,0.0,384.655,3878.4240000000004,0.0,454.5861000000001,0.0,0.0,0.0,264.8805,94.9025,0.0,-12200.0,28682.22121710868
04-03-2040 02:00:00,38392.17219666455,0.7355049736894622,0.0,371.644,3403.01,0.0,451.3545000000001,0.0,0.0,0.0,260.8945,94.5305,0.0,-12200.0,26857.11050749626
04-03-2040 03:00:00,39309.37567234041,4.802414828207664,0.0,369.436,2971.574,0.0,452.7126000000001,0.0,0.0,0.0,257.982,93.291,0.0,-12200.0,25809.390837178587
04-03-2040 04:00:00,38510.46738452965,0.6922399752371409,0.0,374.298,2946.5690000000004,0.0,452.3754,0.0,0.0,0.0,261.086,95.00399999999999,0.0,-12200.0,25351.737352103308
04-03-2040 05:00:00,37316.15242270499,5.31077856002244,0.0,379.211,3069.385,0.0,452.2821000000001,0.0,0.0,0.0,265.5285,95.1905,0.0,-12200.0,25336.339168303806
04-03-2040 06:00:00,34047.79244505066,2.7365111521093226,0.0,391.86,3281.7009999999996,0.0,453.25470000000007,0.0,0.0,0.0,264.2035,94.7275,0.0,-12200.0,25953.109079260765
04-03-2040 07:00:00,29059.87464975461,105.27455748411082,0.0,390.806,3817.508,0.0,452.78730000000013,0.0,0.0,0.0,261.551,88.404,0.0,-8152.863479119238,26495.065332895378
04-03-2040 08:00:00,25936.856163788732,1677.5678662399196,0.0,398.452,4112.068,0.0,456.06555000000003,0.0,0.0,0.0,259.014,85.014,0.0,-6076.263991315729,27384.99249229832
04-03-2040 09:00:00,23906.859532664344,7181.135259365904,0.0,403.276,4856.947,0.0,461.33865000000003,0.0,0.0,0.0,268.5085,86.0775,0.0,-7739.8520160115695,30040.835478286845
04-03-2040 10:00:00,22665.170028364057,13829.743285281409,0.0,414.72,5158.218,0.0,459.59145,0.0,0.0,0.0,284.1495,85.2645,0.0,-11205.644269129341,32372.331201072866
04-03-2040 11:00:00,20359.83715111017,18900.35783889502,0.0,421.34,5394.4130000000005,0.0,459.87315000000007,0.0,0.0,0.0,281.7405,85.5675,0.0,-12200.0,33591.95596618178
04-03-2040 12:00:00,22720.705260253,21275.10870644526,0.0,422.934,4734.41,0.0,458.1822,0.0,0.0,0.0,290.7465,85.0465,0.0,-12200.0,33470.489464895785
04-03-2040 13:00:00,25310.316333363186,23625.793418606398,0.0,421.171,4524.125,0.0,456.08580000000006,0.0,0.0,0.0,300.658,84.695,0.0,-12200.0,33732.49145567691
04-03-2040 14:00:00,26738.027012408398,23644.02961545405,0.0,412.904,4105.505999999999,0.0,455.6322,0.0,0.0,0.0,294.29,85.14299999999999,0.0,-12200.0,33416.80078848344
04-03-2040 15:00:00,29615.37007078062,21644.09424574588,0.0,399.20300000000003,3493.236,0.0,452.98095000000006,0.0,0.0,0.0,291.6145,85.5305,0.0,-12200.0,31903.537709952187
04-03-2040 16:00:00,32062.76082583106,17482.95322459852,0.0,397.439,3507.6279999999997,0.0,452.1651000000001,0.0,0.0,0.0,303.4295,85.0035,0.0,-12200.0,31011.79151593602
04-03-2040 17:00:00,35526.68340988084,9412.78714453509,0.0,397.398,3689.548,0.0,453.55980000000005,0.0,0.0,0.0,304.26,85.221,0.0,-12200.0,30736.885167131895
04-03-2040 18:00:00,36585.09001815878,1869.6320106193868,0.0,393.467,4478.319,0.0,456.38625,0.0,0.0,0.0,304.8795,86.1355,0.0,-12200.0,31660.519149514967
04-03-2040 19:00:00,38882.30088225251,11.216450848764296,0.0,409.038,5390.619000000001,0.0,463.8858000000001,0.0,0.0,0.0,307.564,85.993,0.0,-11316.37029791874,35076.91129502047
04-03-2040 20:00:00,40414.95183895232,6.414036020556633,0.0,415.463,5662.2,0.0,465.37365000000005,0.0,0.0,0.0,308.9175,85.4135,0.0,-11048.363159254033,37141.80610577322
04-03-2040 21:00:00,43537.208402731274,2.0550874264852625,0.0,416.111,5251.743,0.0,467.2783500000001,0.0,0.0,0.0,306.672,85.823,0.0,-12200.0,37435.87109254963
04-03-2040 22:00:00,44314.1331082552,0.9950949644033901,0.0,407.92699999999996,5192.423,0.0,466.8801000000001,0.0,0.0,0.0,306.235,86.71600000000001,0.0,-12200.0,36145.43491825816
04-03-2040 23:00:00,44454.46602516154,4.034461105678963,0.0,388.225,4499.46,0.0,463.59015,0.0,0.0,0.0,301.504,86.81,0.0,-12200.0,33267.28135114704
05-03-2040 00:00:00,43434.317966493276,0.7463212233025425,0.0,389.525,3962.3990000000003,0.0,455.59590000000003,0.0,0.0,0.0,299.339,86.135,0.0,-12200.0,30213.484182524273
05-03-2040 01:00:00,40888.45360331384,2.823041149013965,0.0,389.88199999999995,3607.145,0.0,456.09225000000004,0.0,0.0,0.0,299.8075,88.6385,0.0,-12200.0,28012.251053552685
05-03-2040 02:00:00,42212.31080741778,0.8761162186595064,0.0,391.611,2837.625,0.0,454.4428500000001,0.0,0.0,0.0,300.6925,87.8115,0.0,-12200.0,26550.22300065488
05-03-2040 03:00:00,41653.00190783181,3.0718148901148123,0.0,393.656,3188.385,0.0,457.27935000000014,0.0,0.0,0.0,302.161,91.089,0.0,-12200.0,26206.476049494533
05-03-2040 04:00:00,42197.401111830906,0.5948937287194181,0.0,389.781,2750.35,0.0,454.2477,0.0,0.0,0.0,300.675,90.853,0.0,-12200.0,26155.442642830465
05-03-2040 05:00:00,44665.383104055014,3.234058634311017,0.0,392.66900000000004,2754.19,0.0,454.6386000000001,0.0,0.0,0.0,305.096,91.491,0.0,-12200.0,27115.41044664736
05-03-2040 06:00:00,42495.014879771144,2.4444724125561543,0.0,383.24800000000005,3308.2209999999995,0.0,461.74365,0.0,0.0,0.0,289.5445,80.7305,0.0,-12200.0,30782.261338949782
05-03-2040 07:00:00,39896.25687279248,147.74996971467732,0.0,408.099,4424.907,0.0,479.33115000000004,0.0,0.0,0.0,291.4425,82.5145,0.0,-10143.642832100595,36213.1874477629
05-03-2040 08:00:00,37110.549460993454,2838.021654728081,0.0,419.695,5624.420999999999,0.0,500.53185000000013,0.0,0.0,0.0,295.3605,86.7665,0.0,-7623.068430666488,39961.52625485813
05-03-2040 09:00:00,36728.74522521017,7578.96773638461,0.0,423.144,6570.494000000001,0.0,508.36275000000006,0.0,0.0,0.0,280.714,73.722,0.0,-10983.62848961154,41955.72236961596
05-03-2040 10:00:00,35320.17929147105,10675.465308116476,0.0,426.841,6940.108,0.0,511.29315,0.0,0.0,0.0,278.0235,68.2945,0.0,-11964.726983110606,43063.80199789065
05-03-2040 11:00:00,33844.742116046604,13108.81861607038,0.0,414.934,6741.383000000001,0.0,510.53160000000014,0.0,0.0,0.0,277.3285,66.5205,0.0,-12200.0,43138.64541447049
05-03-2040 12:00:00,32666.342432390546,16036.23657385057,0.0,425.088,6435.734,0.0,502.1973000000001,0.0,0.0,0.0,271.598,64.794,0.0,-12200.0,42626.8018094944
05-03-2040 13:00:00,31804.02829517612,18287.206280828723,0.0,431.67699999999996,6136.334,0.0,502.1901000000001,0.0,0.0,0.0,266.802,66.758,0.0,-12200.0,42533.60697480126
05-03-2040 14:00:00,32337.818602937918,19545.341619572613,0.0,427.70599999999996,5499.979,0.0,499.07340000000005,0.0,0.0,0.0,271.1475,77.2085,0.0,-12200.0,41125.70468741001
05-03-2040 15:00:00,31698.883033379847,16717.660299474635,0.0,428.71,5599.361999999999,0.0,498.30165000000005,0.0,0.0,0.0,267.3565,78.5905,0.0,-12200.0,40235.96575531061
05-03-2040 16:00:00,34117.108025934685,13949.66304474163,0.0,444.595,5342.991999999999,0.0,500.4679500000001,0.0,0.0,0.0,268.1825,82.0285,0.0,-12200.0,39682.92566622908
05-03-2040 17:00:00,36440.44469902692,9302.050380996374,0.0,432.63699999999994,5473.649,0.0,500.5930500000001,0.0,0.0,0.0,273.89599999999996,86.015,0.0,-12200.0,39522.28370641106
05-03-2040 18:00:00,38167.19629975336,2643.3724266910876,0.0,432.216,5275.399,0.0,501.34785000000016,0.0,0.0,0.0,274.384,87.088,0.0,-8605.201512328043,39663.21573801204
05-03-2040 19:00:00,40406.82982579216,31.291410130641392,0.0,426.98199999999997,6634.49,0.0,501.79575000000006,0.0,0.0,0.0,279.17400000000004,88.083,0.0,-6953.3724962872075,42303.81454435854
05-03-2040 20:00:00,44068.28750514772,3.179977386245616,0.0,428.235,6449.073,0.0,502.1172000000001,0.0,0.0,0.0,285.3535,89.9695,0.0,-8783.026167545657,43920.28719170499
05-03-2040 21:00:00,45401.80990491225,2.790592400174724,0.0,433.515,5712.765,0.0,503.07315000000006,0.0,0.0,0.0,282.5855,90.5295,0.0,-10338.804492330986,42906.984846639694
05-03-2040 22:00:00,46522.08691534404,1.2006037070519164,0.0,433.52,4713.58,0.0,500.23860000000013,0.0,0.0,0.0,283.407,91.63,0.0,-12200.0,39655.06988525944
05-03-2040 23:00:00,46769.29392256218,2.7689599009485644,0.0,436.15,4103.195,0.0,491.14365000000004,0.0,0.0,0.0,282.8345,91.6625,0.0,-12200.0,35826.98073201732
06-03-2040 00:00:00,48266.86938528604,0.8004024713679443,0.0,415.98900000000003,3310.454,0.0,468.99015,0.0,0.0,0.0,278.6095,91.9145,0.0,-12200.0,32929.01084734369
06-03-2040 01:00:00,48884.84242564028,7.744434722965513,0.0,420.25199999999995,3176.492,0.0,466.7106000000001,0.0,0.0,0.0,277.889,90.99799999999999,0.0,-12200.0,30408.382023622868
06-03-2040 02:00:00,49924.24739074876,1.7414161877059326,0.0,417.31,2947.17,0.0,465.2572500000001,0.0,0.0,0.0,277.3355,83.2175,0.0,-12200.0,29024.298301933934
06-03-2040 03:00:00,50661.78420007121,6.944032251597569,0.0,420.01,2768.616,0.0,463.2858000000001,0.0,0.0,0.0,274.068,70.801,0.0,-12200.0,28535.509565715132
06-03-2040 04:00:00,52511.8279605689,0.951829965951069,0.0,420.782,2528.721,0.0,462.0534,0.0,0.0,0.0,272.4265,67.2335,0.0,-12200.0,28383.059957489517
06-03-2040 05:00:00,53478.78456828875,5.299962310409361,0.0,422.606,2640.695,0.0,460.8007500000001,0.0,0.0,0.0,277.295,71.154,0.0,-12200.0,29228.167071198644
06-03-2040 06:00:00,52698.43701436161,3.223242384697937,0.0,417.404,3030.317,0.0,456.14820000000003,0.0,0.0,0.0,264.806,66.788,0.0,-12200.0,32318.33526032708
06-03-2040 07:00:00,52146.39925036664,249.46598107608466,0.0,426.957,3978.1609999999996,0.0,465.0471000000001,0.0,0.0,0.0,269.5435,73.3995,0.0,-12200.0,37344.63739292421
06-03-2040 08:00:00,49499.999834765666,4510.322007406432,0.0,432.777,4771.55,0.0,477.61365000000006,0.0,0.0,0.0,285.1595,82.1805,0.0,-12200.0,40741.450922936245
06-03-2040 09:00:00,48015.44279884993,11212.989648888117,0.0,437.26599999999996,5284.876,0.0,473.9163000000001,0.0,0.0,0.0,295.303,83.245,0.0,-12200.0,42328.59805398447
06-03-2040 10:00:00,47989.47169486399,17161.386123601646,0.0,437.05199999999996,5571.9619999999995,0.0,472.22700000000003,0.0,0.0,0.0,295.5485,85.0775,0.0,-12200.0,43058.11165587053
06-03-2040 11:00:00,48227.81023723631,20913.21862689082,0.0,439.099,5086.376,0.0,469.6792500000001,0.0,0.0,0.0,298.2775,85.3945,0.0,-12200.0,42911.15114268633
06-03-2040 12:00:00,49821.13263224252,22580.01350851611,0.0,432.545,4910.442,0.0,469.6122000000001,0.0,0.0,0.0,296.0375,84.5905,0.0,-12200.0,42494.15921906331
06-03-2040 13:00:00,50138.05358575205,22581.917168448013,0.0,432.236,4766.89,0.0,475.9753500000001,0.0,0.0,0.0,298.048,85.387,0.0,-12200.0,42440.637194492825
06-03-2040 14:00:00,50289.23132403988,19991.122531126108,0.0,425.892,4426.619000000001,0.0,481.14240000000007,0.0,0.0,0.0,296.221,85.976,0.0,-12200.0,41010.33660196229
06-03-2040 15:00:00,49391.63670870784,16920.951710952482,0.0,431.134,4255.226,0.0,482.8333500000001,0.0,0.0,0.0,292.79,85.196,0.0,-12200.0,40204.134509532865
06-03-2040 16:00:00,47023.795271123214,11891.61196586239,0.0,434.399,4655.207,0.0,482.7220500000001,0.0,0.0,0.0,290.7595,84.8335,0.0,-12200.0,39698.09619170891
06-03-2040 17:00:00,44514.889935447834,7069.565644606981,0.0,425.50199999999995,5157.378,0.0,488.1826500000001,0.0,0.0,0.0,295.362,86.14200000000001,0.0,-12200.0,39866.22297677286
06-03-2040 18:00:00,40031.202187635914,1786.8119873320306,0.0,430.68800000000005,5568.84,0.0,491.93505000000005,0.0,0.0,0.0,289.9815,86.4645,0.0,-9554.925567914397,39983.32974683861
06-03-2040 19:00:00,36123.55468651991,27.52735526528943,0.0,424.58,6758.149,0.0,492.71595,0.0,0.0,0.0,289.1075,86.5065,0.0,-2440.288948670008,42609.63927371729
06-03-2040 20:00:00,33169.067973627396,7.517293481090828,0.0,418.98,7019.142,2045.754481401571,495.4839,0.0,0.0,0.0,286.1685,86.4075,0.0,0.0,44395.11697621398
06-03-2040 21:00:00,30745.07635172885,3.7099736172865527,0.0,427.099,5973.848000000001,4113.230924409101,498.23100000000005,0.0,0.0,0.0,285.908,86.13600000000001,0.0,0.0,42948.9881786134
06-03-2040 22:00:00,30345.79044952465,1.243868705504238,0.0,422.829,5214.299,2053.6368918623048,497.3170500000001,0.0,0.0,0.0,286.29200000000003,85.845,0.0,0.0,39614.7293517972
06-03-2040 23:00:00,29254.616104007637,2.0941983209303685,0.0,420.81800000000004,4682.018,0.0,490.76010000000014,0.0,0.0,0.0,287.099,86.065,0.0,0.0,35826.950972759834
07-03-2040 00:00:00,26640.253314451613,0.4864544870782156,0.0,409.464,4481.566,0.0,474.0864,0.0,0.0,0.0,283.849,86.072,0.0,0.0,32900.168546988716
07-03-2040 01:00:00,33699.53777895876,7.616932812482434,0.0,401.767,4372.907,0.0,471.16005000000007,0.0,0.0,0.0,282.1475,85.9495,0.0,-9110.279798013693,30691.73628164298
07-03-2040 02:00:00,35199.09113984773,1.2742427377481893,0.0,397.226,3754.328,0.0,472.4508000000001,0.0,0.0,0.0,279.473,86.258,0.0,-11462.568617369972,29185.81518392176
07-03-2040 03:00:00,35259.53728673003,6.856860394386735,0.0,401.04699999999997,3607.027,0.0,471.61545000000007,0.0,0.0,0.0,280.409,86.462,0.0,-12033.877428646156,28525.228858229366
07-03-2040 04:00:00,35235.13731745228,1.6332448779625095,0.0,403.39599999999996,3616.739,0.0,469.37190000000004,0.0,0.0,0.0,277.2025,85.9875,0.0,-12160.340153644389,28376.966749521318
07-03-2040 05:00:00,35313.71714200286,7.279333732351725,0.0,404.55699999999996,3629.458,0.0,469.4505000000001,0.0,0.0,0.0,278.8665,85.6175,0.0,-11481.49002044263,29173.697214277538
07-03-2040 06:00:00,34038.29679412013,4.953842230988215,0.0,419.517,4154.934,0.0,471.31590000000006,0.0,0.0,0.0,280.008,84.47399999999999,0.0,-7806.2213046350735,32190.24025642905
07-03-2040 07:00:00,32235.53921551682,318.61426449685547,0.0,436.25300000000004,4687.713,0.0,486.0916500000001,0.0,0.0,0.0,278.131,83.84899999999999,0.0,-1933.2343489826344,37242.39797590267
07-03-2040 08:00:00,29767.874402910613,8208.808767151464,0.0,446.3,5659.528,0.0,493.47120000000007,0.0,0.0,0.0,273.3125,83.5215,0.0,-4817.208646069368,40841.1024005295
07-03-2040 09:00:00,27316.519333485667,21149.59694588247,0.0,454.17,5778.920999999999,0.0,492.56955000000005,0.0,0.0,0.0,270.685,83.68299999999999,0.0,-12200.0,42249.58610941371
07-03-2040 10:00:00,25066.818378818352,29801.51501143427,0.0,453.13800000000003,6016.825,0.0,492.87975000000006,0.0,0.0,0.0,264.2225,84.5435,0.0,-12200.0,42573.905101321616
07-03-2040 11:00:00,24593.77686187226,34314.7898549886,0.0,453.28,6030.575,0.0,488.32545000000005,0.0,0.0,0.0,271.4955,82.9535,0.0,-12200.0,42206.73910249055
07-03-2040 12:00:00,23335.53778885196,36115.58725307056,0.0,441.625,5827.808000000001,0.0,484.4443500000001,0.0,0.0,0.0,278.143,85.20700000000001,0.0,-12200.0,41637.60334701246
07-03-2040 13:00:00,21957.928328129015,35940.40727433713,0.0,455.36400000000003,5572.924,0.0,486.1638000000001,0.0,0.0,0.0,269.1035,82.0695,0.0,-12200.0,41251.11987017234
07-03-2040 14:00:00,21280.935325477607,32372.49427946876,1566.97792670512,438.26099999999997,4976.4890000000005,0.0,488.28765000000004,0.0,0.0,0.0,268.498,84.18,0.0,-12200.0,40051.79017468058
07-03-2040 15:00:00,18940.933054905774,25288.802612867097,4191.26760679041,442.48400000000004,5435.808000000001,0.0,485.96055000000007,0.0,0.0,0.0,276.6955,87.5705,0.0,-12200.0,39310.3873774422
07-03-2040 16:00:00,15847.726224863005,17253.82179279502,2372.1670782965957,451.62,5871.210999999999,0.0,489.46200000000005,0.0,0.0,0.0,273.9515,88.6525,0.0,-4697.4777269309325,38917.9204298958
07-03-2040 17:00:00,13978.704026947722,8135.647655221019,1488.6603452280688,455.63800000000003,6526.703,6361.947505732493,496.1287500000001,0.0,0.0,0.0,278.795,91.39399999999999,0.0,0.0,38683.86982169897
07-03-2040 18:00:00,12138.932679284968,1416.3446218344168,3357.478562790071,460.07,6795.295,8000.0,498.07095000000004,0.0,0.0,0.0,279.082,92.63600000000001,0.0,0.0,38893.07405383843
07-03-2040 19:00:00,11640.159851119404,14.082756996230588,7638.6753989738645,452.24699999999996,7473.659000000001,8000.0,499.6521000000001,0.0,0.0,0.0,282.447,92.137,0.0,0.0,42002.831274200376
07-03-2040 20:00:00,14744.930880852118,8.28524720361953,13447.608169476887,458.379,6968.428000000001,1368.0524942675074,500.01195000000007,0.0,0.0,0.0,285.7295,92.8665,0.0,0.0,43764.56592511061
07-03-2040 21:00:00,17940.954662251912,3.569362372316509,15068.507412979638,459.20599999999996,6445.741,0.0,502.24815000000007,1203.7390806839867,0.0,0.0,298.522,93.053,0.0,0.0,42839.41012869834
07-03-2040 22:00:00,21320.957512230634,1.2871337039565593,10345.353655472285,452.31,5881.49,0.0,500.8305000000001,0.0,0.0,0.0,302.89099999999996,93.17200000000001,0.0,0.0,39613.473511131706
07-03-2040 23:00:00,23500.592566767726,3.91548235993508,5481.650470175231,441.409,4974.621,0.0,492.3660000000001,0.0,0.0,0.0,297.2025,87.7655,0.0,0.0,35889.4974921599
08-03-2040 00:00:00,25294.61377458688,0.49754748220169515,1095.4388879129328,429.94800000000004,4662.782999999999,0.0,475.13865000000004,0.0,0.0,0.0,284.476,80.02,0.0,0.0,32853.50565927573
08-03-2040 01:00:00,24212.344116212756,3.8671055677475596,0.0,423.629,4478.29,0.0,472.00710000000015,0.0,0.0,0.0,298.86400000000003,86.508,0.0,0.0,30459.261054138777
08-03-2040 02:00:00,23747.941896881857,0.58742139769702,0.0,405.42699999999996,3613.099,0.0,470.1037500000001,0.0,0.0,0.0,300.38,89.164,0.0,0.0,29085.7519126032
08-03-2040 03:00:00,23465.198397901266,3.2298331477581903,0.0,402.077,3267.95,0.0,468.92145000000005,0.0,0.0,0.0,302.534,90.351,0.0,0.0,28448.080587158
08-03-2040 04:00:00,22971.80453913471,0.4209054014591064,0.0,401.73,3635.054,0.0,469.4710500000001,0.0,0.0,0.0,296.621,91.49600000000001,0.0,0.0,28315.43836871765
08-03-2040 05:00:00,23476.755611432338,3.5919673364714475,0.0,381.351,3992.765,0.0,463.5633000000001,0.0,0.0,0.0,290.8955,91.4285,0.0,0.0,29170.545708910842
08-03-2040 06:00:00,26131.37958388559,1.511409185521462,0.0,382.75699999999995,3991.895,0.0,469.65495000000004,0.0,0.0,0.0,300.35400000000004,90.91,0.0,0.0,31912.603867742226
08-03-2040 07:00:00,26300.55604547549,90.53200926148234,0.0,379.588,5048.29,3210.751325877729,484.93455000000006,0.0,0.0,0.0,300.21,89.4,0.0,0.0,36548.653141549126
08-03-2040 08:00:00,24603.09397125472,1158.0633973236718,0.0,378.045,6079.073,6063.704693602973,492.23040000000003,0.0,0.0,0.0,301.986,89.57700000000001,0.0,0.0,39889.976816090144
08-03-2040 09:00:00,23664.579880096717,4743.509532814831,0.0,380.527,7260.141,4067.6126502459883,490.9056000000001,0.0,0.0,0.0,306.268,89.959,0.0,0.0,41780.06500444773
08-03-2040 10:00:00,23468.744174611238,9631.52429650039,0.0,387.134,7373.724,0.0,489.3243000000001,0.0,0.0,0.0,306.818,89.461,0.0,0.0,42544.70420191405
08-03-2040 11:00:00,20966.33995786365,12552.03741674082,0.0,385.53,6920.608,0.0,488.8183500000001,0.0,0.0,0.0,298.5755,89.0485,0.0,0.0,42496.47002540632
08-03-2040 12:00:00,20387.903288869125,13066.660346823388,0.0,394.14300000000003,6266.863,0.0,487.3917,0.0,0.0,0.0,293.256,89.85700000000001,0.0,0.0,41788.856261096844
08-03-2040 13:00:00,26007.914120723824,15993.49115427212,0.0,409.64,6076.338000000001,0.0,486.8908500000001,0.0,0.0,0.0,287.769,89.43299999999999,0.0,-8666.258707982091,41494.87683218564
08-03-2040 14:00:00,32478.31759569462,18871.95022348167,0.0,413.35400000000004,4890.298,0.0,487.2573000000001,0.0,0.0,0.0,285.2935,90.5955,0.0,-12200.0,40346.05454848208
08-03-2040 15:00:00,33752.70737331427,16522.718337163493,0.0,402.784,4748.32,0.0,484.3716000000001,0.0,0.0,0.0,281.7805,84.9735,0.0,-12200.0,39406.79844388699
08-03-2040 16:00:00,34002.86582057099,12893.758467863814,0.0,418.32199999999995,4564.228,0.0,483.5766000000001,0.0,0.0,0.0,283.913,87.189,0.0,-12200.0,38870.00430545235
08-03-2040 17:00:00,33440.33180131468,7951.323392832009,0.0,432.909,5338.454000000001,0.0,487.4965500000001,0.0,0.0,0.0,287.1895,90.1695,0.0,-10302.183264216266,38571.321425897084
08-03-2040 18:00:00,30757.235270499612,1813.246848610183,0.0,438.26,6130.596,0.0,493.52070000000003,0.0,0.0,0.0,290.64599999999996,90.553,0.0,-2281.731307398575,38587.243000637434
08-03-2040 19:00:00,30979.16824150599,19.78292054232392,0.0,431.853,6333.272,1627.2238972872983,497.1684,0.0,0.0,0.0,292.747,90.839,0.0,0.0,41135.70045000547
08-03-2040 20:00:00,31604.582592965056,7.052194747728375,0.0,434.71,6809.968000000001,2265.894587347062,495.3231000000001,0.0,0.0,0.0,295.6295,91.2695,0.0,0.0,42875.46756102837
08-03-2040 21:00:00,33549.43732041905,2.433656162943074,0.0,437.603,5837.794,211.7779506840816,494.8744500000001,0.0,0.0,0.0,293.6735,87.0665,0.0,0.0,41739.67574020135
08-03-2040 22:00:00,31742.680417482363,0.8861280492843533,0.0,430.961,5057.164000000001,0.0,494.05575000000005,0.0,0.0,0.0,286.475,78.992,0.0,0.0,38811.00062565478
08-03-2040 23:00:00,30995.247207384833,1.6211243345645423,0.0,429.85,4316.7029999999995,0.0,487.8885000000001,0.0,0.0,0.0,289.7695,84.1205,0.0,-2044.7551892799383,35175.34971088087
09-03-2040 00:00:00,33170.86266562764,0.3769279571918519,0.0,430.041,4212.11,0.0,476.33430000000004,0.0,0.0,0.0,284.215,82.17299999999999,0.0,-6467.372139923464,32725.01560123469
09-03-2040 01:00:00,34479.3345278022,8.164299514514815,0.0,419.85400000000004,3460.656,0.0,469.00275000000005,0.0,0.0,0.0,282.0975,79.5815,0.0,-9259.629274798299,30427.54698543738
09-03-2040 02:00:00,35264.10312531874,1.2654840135098417,0.0,419.18800000000005,3217.552,0.0,465.61845000000005,0.0,0.0,0.0,285.469,85.335,0.0,-11350.12435606628,28853.442220968707
09-03-2040 03:00:00,35323.14137748738,7.744428674352241,0.0,416.662,3093.8920000000003,0.0,463.9198500000001,0.0,0.0,0.0,286.5605,87.6965,0.0,-11827.044937832085,28308.007110135168
09-03-2040 04:00:00,36775.25569784579,0.9842786722506326,0.0,412.77,2833.0840000000003,0.0,462.31500000000005,0.0,0.0,0.0,287.004,90.444,0.0,-12200.0,28140.415991705788
09-03-2040 05:00:00,37899.20071566593,6.8791347374370275,0.0,413.685,2878.422,0.0,463.93500000000006,0.0,0.0,0.0,284.6335,90.1625,0.0,-12200.0,28833.124087926997
09-03-2040 06:00:00,39257.000286256196,2.8879386463925156,0.0,428.155,3564.809,0.0,467.94180000000006,0.0,0.0,0.0,286.57599999999996,88.484,0.0,-12200.0,31883.989969688384
09-03-2040 07:00:00,38400.665501693344,372.1438841860763,0.0,451.24300000000005,4687.805,0.0,484.57770000000005,0.0,0.0,0.0,285.672,84.905,0.0,-8704.3129032787,36719.53340191108
09-03-2040 08:00:00,39080.47026810415,5709.422255761299,0.0,452.298,5194.105,0.0,491.1972,0.0,0.0,0.0,287.2945,83.8215,0.0,-12200.0,39786.32643827357
09-03-2040 09:00:00,39814.313495256865,13113.480419653552,0.0,451.222,5140.075,0.0,491.3785500000001,0.0,0.0,0.0,283.822,83.54700000000001,0.0,-12200.0,41053.941353978895
09-03-2040 10:00:00,40423.61918728181,16702.279592524836,0.0,455.129,5356.906999999999,0.0,490.30335000000014,0.0,0.0,0.0,278.881,77.403,0.0,-12200.0,41446.76169270783
09-03-2040 11:00:00,40325.77213445375,18066.349279979233,0.0,447.82,5301.722,0.0,486.07830000000007,0.0,0.0,0.0,276.885,77.377,0.0,-12200.0,41562.58807072066
09-03-2040 12:00:00,41578.39541551774,18479.562463947743,0.0,451.13599999999997,5251.017,0.0,485.42820000000006,0.0,0.0,0.0,279.651,77.226,0.0,-12200.0,41310.611601792494
09-03-2040 13:00:00,42555.647641824406,17893.78683365215,0.0,445.67199999999997,4931.053,0.0,484.5453000000001,0.0,0.0,0.0,278.031,77.271,0.0,-12200.0,41171.338648795776
09-03-2040 14:00:00,43402.13158862715,16947.776009992922,0.0,450.251,4664.166,0.0,489.1675500000001,0.0,0.0,0.0,278.695,78.244,0.0,-12200.0,40098.87787579405
09-03-2040 15:00:00,44881.42478649002,13940.02576633638,0.0,453.159,4522.979,0.0,493.00155000000007,0.0,0.0,0.0,281.2965,78.4305,0.0,-12200.0,38900.373999697265
09-03-2040 16:00:00,45436.98595714637,9985.810416536862,0.0,456.93300000000005,4452.833,0.0,491.92530000000005,0.0,0.0,0.0,277.5785,77.1975,0.0,-12200.0,38472.764716988255
09-03-2040 17:00:00,46781.353178292375,5451.151847500998,0.0,455.097,5065.379,0.0,491.9002500000001,0.0,0.0,0.0,277.944,78.753,0.0,-12200.0,38191.14393571612
09-03-2040 18:00:00,48931.59814806561,1089.1963360371892,0.0,461.485,5069.378,0.0,492.3225000000001,0.0,0.0,0.0,280.06,77.796,0.0,-12200.0,38123.851930720775
09-03-2040 19:00:00,48785.86989384574,17.34926437938085,0.0,457.792,6362.916,0.0,492.41565,0.0,0.0,0.0,283.2955,79.4215,0.0,-12200.0,40581.474082522815
09-03-2040 20:00:00,49762.677343241245,6.003018535259583,0.0,457.205,5317.0019999999995,0.0,489.80940000000004,0.0,0.0,0.0,286.1595,79.5815,0.0,-12200.0,41367.222265298275
09-03-2040 21:00:00,50965.651918144766,2.693246153657002,0.0,437.704,4602.474,0.0,483.64875000000006,0.0,0.0,0.0,284.978,82.435,0.0,-12200.0,40454.262556581096
09-03-2040 22:00:00,50319.49935975008,0.9410137163379884,0.0,399.73800000000006,4840.86,0.0,481.6813500000001,0.0,0.0,0.0,288.9855,87.0885,0.0,-12200.0,37828.484232448376
09-03-2040 23:00:00,48990.95846139045,3.6667086188342304,0.0,391.384,4437.840999999999,0.0,473.961,0.0,0.0,0.0,289.3915,87.4255,0.0,-12200.0,34861.41074798058
10-03-2040 00:00:00,48910.84447062874,0.4759149829755345,0.0,359.907,5523.568,0.0,436.18245,0.0,0.0,0.0,283.3335,88.9495,0.0,-12200.0,32727.626232096787
10-03-2040 01:00:00,48769.1385467358,5.408124806540164,0.0,361.555,5235.28,0.0,430.22115,0.0,0.0,0.0,281.9325,90.6525,0.0,-12200.0,30285.482242098708
10-03-2040 02:00:00,49108.92490110385,0.930197466724908,0.0,350.06300000000005,4765.6320000000005,0.0,430.84170000000006,0.0,0.0,0.0,281.3515,90.7565,0.0,-12200.0,28415.17205625965
10-03-2040 03:00:00,48641.127884081005,2.693246153657002,0.0,345.077,4523.3679999999995,0.0,430.11045,0.0,0.0,0.0,281.871,90.04,0.0,-12200.0,27654.79326849172
10-03-2040 04:00:00,47500.21322497177,1.1032574605341934,0.0,347.55400000000003,4599.054,0.0,429.2398500000001,0.0,0.0,0.0,285.6615,91.0275,0.0,-12200.0,27099.589309401
10-03-2040 05:00:00,47347.98349259843,2.5742674079131187,0.0,349.224,4527.459,0.0,428.20665,0.0,0.0,0.0,285.4915,90.7985,0.0,-12200.0,26889.4283171337
10-03-2040 06:00:00,47458.19147593121,2.595899907139279,0.0,358.418,4507.081,0.0,425.0649,0.0,0.0,0.0,286.112,90.596,0.0,-12200.0,27573.86557172091
10-03-2040 07:00:00,45952.18845764735,202.24223526537594,0.0,365.564,4823.065,0.0,425.5431000000001,0.0,0.0,0.0,284.8065,90.4035,0.0,-12200.0,28790.42624928195
10-03-2040 08:00:00,43620.82259440249,3075.7844537228134,0.0,370.37800000000004,5426.89,0.0,428.4994500000001,0.0,0.0,0.0,282.024,88.71799999999999,0.0,-12200.0,30669.389683213576
10-03-2040 09:00:00,41578.65067878849,9505.590566215322,0.0,375.741,6056.358,0.0,431.10480000000007,0.0,0.0,0.0,287.487,92.152,0.0,-12200.0,34172.296454090276
10-03-2040 10:00:00,42776.198975375955,13795.628834001756,0.0,382.605,6188.738,0.0,430.2753000000001,0.0,0.0,0.0,287.1165,92.0515,0.0,-12200.0,36004.69371789568
10-03-2040 11:00:00,44805.27511167552,16613.835119438678,0.0,379.86,5987.605,0.0,429.29490000000004,0.0,0.0,0.0,287.9175,91.2745,0.0,-12200.0,36613.962808005854
10-03-2040 12:00:00,47336.813790690554,19033.2246491421,0.0,372.955,5931.346,0.0,424.66710000000006,0.0,0.0,0.0,288.2145,91.8645,0.0,-12200.0,36358.68529344213
10-03-2040 13:00:00,48672.61035413993,19708.894129972,0.0,365.704,5879.33,0.0,424.38345000000004,0.0,0.0,0.0,287.27299999999997,93.088,0.0,-12200.0,36301.75843782571
10-03-2040 14:00:00,48543.90738655387,18642.390285623052,0.0,362.74699999999996,5662.901999999999,0.0,424.0725000000001,0.0,0.0,0.0,284.063,92.774,0.0,-12200.0,35339.8425186163
10-03-2040 15:00:00,52921.23930584612,16013.252043422777,0.0,358.67900000000003,5160.231,0.0,420.7281000000001,0.0,0.0,0.0,282.2745,92.2665,0.0,-12200.0,33679.08326026626
10-03-2040 16:00:00,52216.252431169356,13449.703538876222,0.0,363.92,5653.031999999999,0.0,422.61420000000004,0.0,0.0,0.0,282.547,91.68299999999999,0.0,-12200.0,32373.88761023887
10-03-2040 17:00:00,51820.965653540195,9256.394991379564,0.0,357.43300000000005,5615.075,0.0,423.64185000000015,0.0,0.0,0.0,279.6095,93.1945,0.0,-12200.0,32168.769696141597
10-03-2040 18:00:00,47626.7580576324,2585.6136537572397,0.0,358.668,5945.017,0.0,424.7643000000001,0.0,0.0,0.0,279.007,93.14299999999999,0.0,-12200.0,32375.913471691543
10-03-2040 19:00:00,48026.10584184164,28.10061649478269,0.0,357.60900000000004,6236.226,0.0,432.99420000000003,0.0,0.0,0.0,277.475,92.20200000000001,0.0,-12200.0,34854.53189561501
10-03-2040 20:00:00,49007.968277523025,5.462206054605566,0.0,351.024,6186.34,0.0,437.4777000000001,0.0,0.0,0.0,279.005,93.40799999999999,0.0,-12200.0,36530.35789403437
10-03-2040 21:00:00,48835.986582669255,2.4228399133299936,0.0,351.55400000000003,6240.226,0.0,436.9203000000001,0.0,0.0,0.0,281.35200000000003,93.20100000000001,0.0,-12200.0,36244.61247967609
10-03-2040 22:00:00,47214.99519616406,1.0491762124687918,0.0,360.408,6183.738,0.0,436.1553000000001,0.0,0.0,0.0,284.4215,92.8985,0.0,-12200.0,34624.47497977145
10-03-2040 23:00:00,48096.75575345911,2.5634511583000377,0.0,355.986,6037.6759999999995,0.0,424.77615000000003,0.0,0.0,0.0,282.3875,92.6765,0.0,-12200.0,32263.46439741149
11-03-2040 00:00:00,45620.84512934055,0.5299962310409362,0.0,325.868,5706.374,0.0,369.3841500000001,0.0,0.0,0.0,264.744,88.06299999999999,0.0,-12200.0,30122.72439907414
11-03-2040 01:00:00,45961.756962675085,4.002012356839722,0.0,321.04400000000004,5422.888000000001,0.0,363.20295000000004,0.0,0.0,0.0,259.09,84.87200000000001,0.0,-12200.0,27858.212300977848
11-03-2040 02:00:00,46463.6664349706,1.081624961308033,0.0,315.777,4723.04,0.0,360.78735,0.0,0.0,0.0,263.2545,85.0725,0.0,-12200.0,26484.139965494513
11-03-2040 03:00:00,46207.52134565095,3.8505848622565972,0.0,316.777,4284.319,0.0,361.18395000000004,0.0,0.0,0.0,262.1855,85.9155,0.0,-12200.0,25502.313615070827
11-03-2040 04:00:00,43609.78052412999,0.7138724744633015,0.0,310.853,4323.159000000001,0.0,360.97605000000004,0.0,0.0,0.0,262.3105,86.0805,0.0,-12200.0,24964.086568388688
11-03-2040 05:00:00,44919.783894357875,5.537919801897127,0.0,321.222,4433.806,0.0,364.07445000000007,0.0,0.0,0.0,266.0865,86.5795,0.0,-12200.0,25028.351684908
11-03-2040 06:00:00,44637.99644920401,4.023644856065883,0.0,327.99699999999996,4436.241,0.0,362.3778000000001,0.0,0.0,0.0,265.4665,86.8745,0.0,-12200.0,25393.465782936062
11-03-2040 07:00:00,44815.60553889018,266.4150442197816,0.0,323.654,4579.431,0.0,363.13605000000007,0.0,0.0,0.0,260.9685,85.4355,0.0,-12200.0,25696.903447854547
11-03-2040 08:00:00,45068.14600141683,4321.838041648894,0.0,328.371,5019.38,0.0,365.3907000000001,0.0,0.0,0.0,255.713,85.421,0.0,-12200.0,26899.0885441011
11-03-2040 09:00:00,48366.71986802696,11906.181454091207,0.0,327.584,5249.666,0.0,366.8947500000001,0.0,0.0,0.0,262.2965,84.9105,0.0,-12200.0,29693.4151187818
11-03-2040 10:00:00,50560.91653187262,17931.64370729793,0.0,336.13300000000004,5474.915,0.0,366.1312500000001,0.0,0.0,0.0,260.4455,84.4385,0.0,-12200.0,31703.49040133808
11-03-2040 11:00:00,53595.64099953691,21726.29774280529,0.0,336.505,5618.5740000000005,0.0,364.2753000000001,0.0,0.0,0.0,255.3865,84.4765,0.0,-12200.0,32898.85058387324
11-03-2040 12:00:00,55953.75922708122,23822.59508031639,468.20609624276403,339.37800000000004,5724.363,0.0,363.46125,0.0,0.0,0.0,257.007,85.52799999999999,0.0,-12200.0,32951.50438210688
11-03-2040 13:00:00,55975.425664092276,24719.965229465604,1241.9681596799055,333.50199999999995,6048.25,0.0,363.66345,0.0,0.0,0.0,257.4495,84.9515,0.0,-12200.0,33447.18871027357
11-03-2040 14:00:00,56603.56669139798,22832.205184494687,1079.4887999861676,330.55800000000005,5793.076999999999,0.0,362.43300000000005,0.0,0.0,0.0,256.675,85.75299999999999,0.0,-12200.0,33156.73910128974
11-03-2040 15:00:00,55771.52058989374,20409.91689989496,1156.7642851562705,318.423,5384.039000000001,0.0,359.9641500000001,0.0,0.0,0.0,257.20799999999997,86.331,0.0,-12200.0,31539.12183850261
11-03-2040 16:00:00,55019.97524168268,15877.984025761594,1039.460958161595,317.96,5119.638,0.0,359.97300000000007,0.0,0.0,0.0,258.1605,85.0435,0.0,-12200.0,30413.150572642673
11-03-2040 17:00:00,54752.00682177704,9326.54918637,1610.015570321586,318.681,5243.675,0.0,361.14165,0.0,0.0,0.0,261.879,84.62799999999999,0.0,-12200.0,30338.48050373763
11-03-2040 18:00:00,52216.87125121965,2528.233449559849,1068.2890729901264,319.395,5738.773,0.0,361.09935,0.0,0.0,0.0,266.377,84.412,0.0,-12200.0,30944.26515678807
11-03-2040 19:00:00,55358.1139876668,34.53628501456549,72.33778250857722,332.964,6312.0830000000005,0.0,362.97885,0.0,0.0,0.0,260.27,84.96799999999999,0.0,-12200.0,34116.713228948865
11-03-2040 20:00:00,56616.1210031684,6.6519935120444025,0.0,332.464,6861.142,0.0,370.41495000000003,0.0,0.0,0.0,257.017,85.029,0.0,-12200.0,36837.93246773273
11-03-2040 21:00:00,57638.44266726333,3.612627370768829,0.0,332.76,6885.2,0.0,374.17005000000006,0.0,0.0,0.0,264.2245,85.7235,0.0,-12200.0,37199.25412038623
11-03-2040 22:00:00,57771.22211193072,0.9085649674987475,0.0,324.716,6171.4890000000005,0.0,377.00130000000007,0.0,0.0,0.0,260.4725,84.3425,0.0,-12200.0,35809.696927266006
11-03-2040 23:00:00,57190.74956662457,1.611621192348969,0.0,312.29400000000004,5753.273,0.0,373.04220000000004,0.0,0.0,0.0,257.193,84.04899999999999,0.0,-12200.0,32896.7443724254
12-03-2040 00:00:00,56083.479380124954,0.6922399752371411,0.0,302.218,4863.501,0.0,370.0090500000001,0.0,0.0,0.0,266.8015,84.5705,0.0,-12200.0,30002.925532178968
12-03-2040 01:00:00,55467.08433089898,6.18689477868195,0.0,307.04,4246.694,0.0,366.54810000000003,0.0,0.0,0.0,274.4055,85.0915,0.0,-12200.0,27892.068292236065
12-03-2040 02:00:00,53869.30256390529,1.2655012047303984,0.0,317.43,4125.024,0.0,367.8898500000001,0.0,0.0,0.0,278.1945,85.7135,0.0,-12200.0,26653.85031504691
12-03-2040 03:00:00,51196.67291342229,5.289146060796281,0.0,324.85900000000004,4161.683,0.0,367.4028000000001,0.0,0.0,0.0,276.459,84.899,0.0,-12200.0,26346.63954827121
12-03-2040 04:00:00,50666.32865981558,1.0708087116949527,0.0,326.493,4031.9159999999997,0.0,366.57180000000005,0.0,0.0,0.0,280.336,86.3,0.0,-12200.0,26357.890035559994
12-03-2040 05:00:00,51140.54593486025,4.650987333624541,0.0,320.849,4325.374,0.0,368.8806,0.0,0.0,0.0,277.096,85.177,0.0,-12200.0,27241.95945711952
12-03-2040 06:00:00,49810.906630911355,5.462206054605566,0.0,325.728,5107.5,0.0,387.95085000000006,0.0,0.0,0.0,279.124,84.943,0.0,-12200.0,30927.748024907476
12-03-2040 07:00:00,48068.32870739854,359.14275215271925,0.0,353.459,6009.108,0.0,427.3608000000001,0.0,0.0,0.0,284.52,87.31,0.0,-12200.0,35775.52697584141
12-03-2040 08:00:00,47774.64444677769,6108.260643994855,7.71790114059695,369.398,7052.77,0.0,462.3688500000001,0.0,0.0,0.0,286.2205,91.2635,0.0,-12200.0,39481.82301994674
12-03-2040 09:00:00,47634.752439157186,15847.298325609287,661.6872380143323,370.48199999999997,6819.665,0.0,472.48170000000005,0.0,0.0,0.0,281.475,91.411,0.0,-12200.0,40985.90573953739
12-03-2040 10:00:00,49948.06809505993,22622.32667700248,4985.939543662331,378.156,6619.066,0.0,475.2327,0.0,0.0,0.0,287.5665,91.9335,0.0,-12200.0,41590.536105388506
12-03-2040 11:00:00,52935.38321162075,26525.32708488406,8711.58968277811,370.608,6393.791,0.0,474.4833000000001,0.0,0.0,0.0,290.04200000000003,93.05799999999999,0.0,-12200.0,41511.921446905
12-03-2040 12:00:00,54175.97817795708,28550.66982493336,8909.545076691895,348.281,6235.7609999999995,0.0,479.4426000000001,0.0,0.0,0.0,289.995,93.76299999999999,0.0,-12200.0,41320.419509075124
12-03-2040 13:00:00,54278.53213079273,29195.350750621783,8275.28269875326,344.11400000000003,6054.9580000000005,0.0,481.302,0.0,0.0,0.0,285.111,93.88799999999999,0.0,-12200.0,41039.17369444717
12-03-2040 14:00:00,53407.41914598812,28807.480039496724,8884.961807490705,349.789,5845.331999999999,0.0,481.09920000000005,0.0,0.0,0.0,289.405,93.211,0.0,-12200.0,39590.59719791922
12-03-2040 15:00:00,51571.956332925554,25999.700618686813,9065.727330682304,353.399,6407.119000000001,0.0,481.6998000000001,0.0,0.0,0.0,283.66200000000003,85.211,0.0,-12200.0,38443.51620276875
12-03-2040 16:00:00,49047.967258524164,20559.7003245369,8577.35082498513,351.285,6561.918000000001,0.0,483.39435000000014,0.0,0.0,0.0,287.7585,77.0905,0.0,-12200.0,38150.24802011123
12-03-2040 17:00:00,46543.405266076814,12979.650963190978,6845.515201433183,363.44699999999995,6429.703,0.0,485.69760000000014,0.0,0.0,0.0,292.3785,77.1025,0.0,-12200.0,37785.88794726944
12-03-2040 18:00:00,39579.633726432156,3512.41481810364,4889.13250640122,382.779,7063.896,0.0,489.4854,0.0,0.0,0.0,295.2545,76.8405,0.0,-12200.0,37719.964496127286
12-03-2040 19:00:00,31900.103975610207,49.4843419798425,2519.938574112195,377.11699999999996,8221.876,0.0,491.7600000000001,0.0,0.0,0.0,295.8685,77.7525,0.0,-4906.973476733805,40105.825174451806
12-03-2040 20:00:00,30003.664181841414,8.025657212905601,1650.4819292564061,375.226,8364.164,0.0,494.3559,0.0,0.0,0.0,294.14799999999997,77.09100000000001,0.0,-80.67283872738335,42201.12836648416
12-03-2040 21:00:00,29614.550134213983,3.4395673769595447,1397.1593650011055,374.135,8065.401,24.603879643131222,498.2259,0.0,0.0,0.0,296.4025,80.6225,0.0,0.0,41297.87538357423
12-03-2040 22:00:00,27903.407430950294,1.221159493821086,1165.1575026466744,367.91900000000004,7867.063,0.0,499.0566000000001,0.0,0.0,0.0,301.532,85.27799999999999,0.0,-788.0333035444746,38213.451475120084
12-03-2040 23:00:00,25869.695040853923,3.1466381266075882,1083.7424159556977,364.64,7440.093000000001,0.0,496.51395,0.0,0.0,0.0,298.8735,85.4775,0.0,-1685.3987506498852,34660.116526478225
13-03-2040 00:00:00,23637.545415638222,0.6597817329688724,800.1007786969712,362.689,6386.141,0.0,468.77985000000007,0.0,0.0,0.0,296.9365,88.3065,0.0,-599.9773630361051,32038.173054661995
13-03-2040 01:00:00,23273.655142332576,4.867291161671295,582.4822775590874,356.259,6325.475,0.0,465.0855000000001,0.0,0.0,0.0,300.889,89.039,0.0,-1957.0714954562973,29969.751027916933
13-03-2040 02:00:00,20264.213982837868,0.9518299659510692,281.65076957814745,353.856,5969.875,410.7641839115313,465.3666000000001,0.0,0.0,0.0,301.24,87.23,0.0,0.0,28608.057799562153
13-03-2040 03:00:00,18863.831944263948,5.516287302670968,75.29338783174171,359.406,6467.339,1116.5163467720158,461.92275000000006,0.0,0.0,0.0,299.024,87.851,0.0,0.0,28177.0057427539
13-03-2040 04:00:00,18495.15442879761,0.8004024713679445,71.03977186221164,357.00199999999995,5924.34,2030.934307159736,459.23040000000003,0.0,0.0,0.0,293.91,87.189,0.0,0.0,28161.265699484156
13-03-2040 05:00:00,17308.23823419933,6.587096014365921,72.53073003710597,351.635,6025.138000000001,3756.9122050354126,459.83055000000013,0.0,0.0,0.0,298.8485,86.9625,0.0,0.0,28828.71339397834
13-03-2040 06:00:00,16596.142664194762,2.9312036451447696,83.53750950464746,345.819,6800.576999999999,6555.038362167081,459.61305000000004,0.0,0.0,0.0,303.4085,86.8185,0.0,0.0,31772.196343054242
13-03-2040 07:00:00,17589.372050675058,180.9558560268339,78.93307984690182,353.026,7608.145,8000.0,477.85515,0.0,0.0,0.0,306.5985,86.5315,0.0,0.0,36241.20318474148
13-03-2040 08:00:00,19448.110232879448,2430.0868005707575,769.3393359824731,358.394,8095.905,1859.8298930796045,489.25980000000004,0.0,0.0,0.0,304.6265,86.8545,0.0,0.0,39552.08425485677
13-03-2040 09:00:00,21287.81583091186,8070.685260044857,0.0,359.37699999999995,8092.701999999999,0.0,488.6418000000001,0.0,0.0,0.0,304.54400000000004,86.875,0.0,0.0,41086.519929109956
13-03-2040 10:00:00,19382.25438887908,11491.173105930064,636.8164511562209,358.941,7957.653,0.0,488.9413500000001,0.0,0.0,0.0,303.138,84.141,0.0,0.0,41591.79157406325
13-03-2040 11:00:00,17064.902399162394,11575.889003708546,2893.976128480019,360.774,7989.884,0.0,488.91525000000007,0.0,0.0,0.0,293.577,80.513,0.0,0.0,41819.365451861166
13-03-2040 12:00:00,26313.50476568025,20133.5578390615,2989.151882090984,360.161,7799.504,0.0,488.4924000000001,0.0,0.0,0.0,295.5635,78.3305,0.0,-12200.0,41596.53743164921
13-03-2040 13:00:00,32252.402820702686,25818.884735432785,3191.2644182100485,368.86800000000005,7799.035,0.0,485.62020000000007,0.0,0.0,0.0,296.6445,75.6545,0.0,-12200.0,41196.46141395696
13-03-2040 14:00:00,32695.193219485558,25089.757733635815,4076.2971908222826,369.347,7432.884,0.0,483.55500000000006,0.0,0.0,0.0,297.3145,75.0595,0.0,-12200.0,39803.90188374816
13-03-2040 15:00:00,33150.89868366168,21090.956930155913,3287.1856509084464,369.55199999999996,7175.43,0.0,478.55145000000005,0.0,0.0,0.0,294.548,74.322,0.0,-12200.0,38701.794566458164
13-03-2040 16:00:00,33670.17920464714,15913.410033845785,2811.6840075685177,363.727,7299.6630000000005,0.0,478.2054,0.0,0.0,0.0,295.1815,74.7625,0.0,-12200.0,38027.84707814052
13-03-2040 17:00:00,30549.745042194158,9623.130511154339,1868.565258531191,358.12300000000005,7678.8,0.0,482.3595000000001,0.0,0.0,0.0,300.262,74.479,0.0,-12200.0,37875.25834538617
13-03-2040 18:00:00,25171.4182693912,2759.787717323363,812.7213011302811,355.81699999999995,8167.174,0.0,486.0958500000001,0.0,0.0,0.0,301.967,76.211,0.0,-1190.811407178764,37744.33063216719
13-03-2040 19:00:00,23971.92072570257,81.27329959268559,290.1404608327721,357.8,8650.616,5169.104962046971,493.1260500000001,0.0,0.0,0.0,294.444,77.771,0.0,0.0,40215.61860699286
13-03-2040 20:00:00,26014.986062764186,6.295057274812752,215.24173840027652,357.29,8905.47,5195.507966775855,490.6989,0.0,0.0,0.0,292.46,78.074,0.0,0.0,42414.31959514394
13-03-2040 21:00:00,28885.986215620855,2.725694902496243,79.74872167198919,354.765,8254.664,2232.8797088340943,488.8356000000001,0.0,0.0,0.0,294.6065,77.8675,0.0,0.0,41470.76588177864
13-03-2040 22:00:00,28354.702695354612,0.8461835909498964,85.87919087341288,350.0,8092.224,0.0,489.25515,0.0,0.0,0.0,299.1745,77.4205,0.0,0.0,38442.04014359794
13-03-2040 23:00:00,26244.490655037636,3.3516641359326234,79.5031520902412,340.00699999999995,6792.244000000001,0.0,477.6720000000001,0.0,0.0,0.0,301.4775,77.1665,0.0,0.0,34905.16392429386
14-03-2040 00:00:00,25535.948399285568,0.5107068329237973,80.99411026513553,338.865,5504.956999999999,0.0,456.9639000000001,0.0,0.0,0.0,304.465,77.969,0.0,-701.6337360791476,32113.026514991227
14-03-2040 01:00:00,34011.12191483836,3.340261135194664,77.61752851612982,341.76300000000003,5110.101,0.0,457.9569,0.0,0.0,0.0,301.2735,76.8595,0.0,-10957.784133133988,29892.89551354098
14-03-2040 02:00:00,34203.44727309292,1.2429047957187402,78.21391178606427,334.54900000000004,4996.923,0.0,458.0853000000001,0.0,0.0,0.0,300.7645,76.6765,0.0,-12200.0,28527.689204841176
14-03-2040 03:00:00,34399.80432635527,4.3371234764625894,77.85432775566005,337.37199999999996,5116.683,0.0,457.4238000000001,0.0,0.0,0.0,301.803,76.992,0.0,-12200.0,28076.517658034867
14-03-2040 04:00:00,33970.77736978239,0.6381570739043573,77.02991558835492,329.918,5242.332,0.0,456.9483000000001,0.0,0.0,0.0,300.9215,76.9135,0.0,-12200.0,27927.729926441654
14-03-2040 05:00:00,34723.438312817576,3.028549449557208,76.08271863020491,323.403,5155.822,0.0,457.17675,0.0,0.0,0.0,302.0825,76.8355,0.0,-12200.0,28661.654594267064
14-03-2040 06:00:00,35808.87279609611,2.8014086269462353,77.83678707125364,323.98900000000003,6148.3640000000005,0.0,459.6508500000001,0.0,0.0,0.0,304.775,76.206,0.0,-11684.461580841966,32054.91710088083
14-03-2040 07:00:00,38236.64723090985,472.5943941389803,83.53750950464746,331.39300000000003,7077.86,0.0,473.9020500000001,0.0,0.0,0.0,303.5505,75.4055,0.0,-11483.174506257983,36213.65764403105
14-03-2040 08:00:00,39505.108453426314,3802.1713289092027,92.84284258435946,335.716,8185.505999999999,0.0,478.88565000000006,0.0,0.0,0.0,300.585,75.431,0.0,-12200.0,39559.30533868329
14-03-2040 09:00:00,39829.36629295081,8475.548299305732,204.39282509245095,344.789,8760.796999999999,0.0,470.79135000000014,0.0,0.0,0.0,302.5535,75.4515,0.0,-12200.0,41121.9687846246
14-03-2040 10:00:00,39769.60761424721,10806.244582187921,311.9873832659505,351.397,8956.818000000001,0.0,466.49760000000015,0.0,0.0,0.0,301.66700000000003,78.229,0.0,-12200.0,41808.428552748024
14-03-2040 11:00:00,41176.15464757333,12594.538395717238,329.9315034178144,350.344,8682.674,0.0,466.80015000000003,0.0,0.0,0.0,305.207,80.02,0.0,-12200.0,41946.76185718996
14-03-2040 12:00:00,46157.12618780481,11975.42708411415,379.2909893487522,339.5,8148.089,0.0,467.8716000000001,0.0,0.0,0.0,302.128,80.73899999999999,0.0,-12200.0,41925.00895594719
14-03-2040 13:00:00,50542.29004835865,11718.844010792658,284.6765376389376,330.279,7842.7480000000005,0.0,467.35365,0.0,0.0,0.0,305.6105,81.4935,0.0,-12200.0,41818.114447075015
14-03-2040 14:00:00,54826.75254860242,11573.733205983572,147.9205916330975,329.275,6891.88,0.0,464.8300500000001,0.0,0.0,0.0,296.0855,80.4955,0.0,-12200.0,40341.391644826326
14-03-2040 15:00:00,56528.182806395715,10263.809664092252,198.5342364993703,321.249,6657.897,0.0,456.8697,0.0,0.0,0.0,287.868,80.913,0.0,-12200.0,39563.340693996994
14-03-2040 16:00:00,57207.89861726844,7320.924469365356,228.5989695788303,325.55400000000003,6783.8330000000005,0.0,462.4018500000001,0.0,0.0,0.0,281.7,81.127,0.0,-12200.0,39032.383833916254
14-03-2040 17:00:00,57664.22038998356,3662.7174227270043,93.01824942845269,322.785,7267.483,0.0,464.5749,0.0,0.0,0.0,272.994,81.903,0.0,-12200.0,38751.37981325531
14-03-2040 18:00:00,57041.22717197128,767.4020937984362,93.24627832579426,325.515,7669.68,0.0,467.06415000000004,0.0,0.0,0.0,269.4495,81.2235,0.0,-12200.0,39015.53637427769
14-03-2040 19:00:00,55105.438158254154,21.1133192447328,77.88063878228422,328.64099999999996,7573.302,0.0,478.48065,0.0,0.0,0.0,274.019,81.017,0.0,-12200.0,41196.507168815355
14-03-2040 20:00:00,51409.44645246666,2.3146774171991904,71.08362357324222,329.24800000000005,7909.738,0.0,483.1459500000001,0.0,0.0,0.0,288.3575,82.1735,0.0,-12200.0,42864.12891193932
14-03-2040 21:00:00,50165.77672400541,1.6873349396405315,75.51264638686553,333.9,7850.078,0.0,483.66030000000006,0.0,0.0,0.0,289.879,82.219,0.0,-12200.0,41570.353376968334
14-03-2040 22:00:00,50844.27423290411,0.757137472915623,75.44248364921077,333.582,6688.863,0.0,480.93495,0.0,0.0,0.0,285.758,81.95299999999999,0.0,-12200.0,38220.8555783801
14-03-2040 23:00:00,52142.68633006484,2.3471261660384313,76.67910190016846,318.875,6403.090999999999,0.0,465.0127500000001,0.0,0.0,0.0,285.1465,81.9545,0.0,-12200.0,34910.8605901562
15-03-2040 00:00:00,51802.06843625422,0.5624449798801772,76.80188669104245,304.73900000000003,5668.978,0.0,435.84675000000004,0.0,0.0,0.0,267.564,76.859,0.0,-12200.0,32280.1656646977
15-03-2040 01:00:00,53034.24358228118,8.631367191238102,122.46905855357181,306.668,5342.432,0.0,417.40770000000003,0.0,0.0,0.0,257.2835,74.4615,0.0,-12200.0,30208.685874246996
15-03-2040 02:00:00,49899.31281034706,1.611621192348969,303.0065528478299,300.756,5505.854,0.0,413.0613000000001,0.0,0.0,0.0,260.9115,74.2295,0.0,-12200.0,28932.349636147617
15-03-2040 03:00:00,46741.55144618227,17.72783311583866,321.72246311375056,299.178,5850.403,0.0,412.2685500000001,0.0,0.0,0.0,257.664,74.855,0.0,-12200.0,28474.799564492056
15-03-2040 04:00:00,47821.45431595744,10.545843372753321,282.5278037986718,298.867,5593.130999999999,0.0,412.0183500000001,0.0,0.0,0.0,262.556,74.42,0.0,-12200.0,28545.047407736198
15-03-2040 05:00:00,49514.18628441874,19.296189309735308,78.54718478987343,312.414,5508.665,0.0,414.4063500000001,0.0,0.0,0.0,260.216,74.83800000000001,0.0,-12200.0,29028.91879864778
15-03-2040 06:00:00,50205.230369837234,6.403219770943556,74.41635361121735,326.71,5853.356,0.0,437.00025000000005,0.0,0.0,0.0,261.664,74.683,0.0,-12200.0,31882.071985544066
15-03-2040 07:00:00,49302.839899115366,199.67878410707596,64.31291939082439,334.334,6495.655,0.0,470.5102500000001,0.0,0.0,0.0,270.5385,79.0065,0.0,-12200.0,36108.694882959775
15-03-2040 08:00:00,46340.17315868298,3394.052598587703,75.09166996102431,337.61800000000005,7767.392,0.0,492.5796000000001,0.0,0.0,0.0,282.1375,80.8345,0.0,-12200.0,39264.50604222864
15-03-2040 09:00:00,43025.30885424876,10536.757723078334,91.92195665280451,333.469,8647.895,0.0,488.98440000000005,0.0,0.0,0.0,288.546,81.359,0.0,-12200.0,41140.50322217134
15-03-2040 10:00:00,42947.349130787145,16650.08037189211,490.5076988530345,321.847,8701.929,0.0,485.6383500000001,0.0,0.0,0.0,296.2785,80.6955,0.0,-12200.0,41868.70518478413
15-03-2040 11:00:00,45838.90184456435,20888.416966528024,1140.495300365612,311.278,7907.255999999999,0.0,481.4001000000001,0.0,0.0,0.0,299.858,81.494,0.0,-12200.0,41909.807183247045
15-03-2040 12:00:00,47179.86942305902,23425.552189519436,2639.241539129667,313.978,7629.861,0.0,481.65600000000006,0.0,0.0,0.0,296.5845,80.7255,0.0,-12200.0,41532.26673526917
15-03-2040 13:00:00,45465.942867875,25510.016549953823,2158.0830250674044,315.991,7821.783,0.0,479.1838500000001,0.0,0.0,0.0,283.6525,81.7855,0.0,-12200.0,41196.836008610444
15-03-2040 14:00:00,42993.397077779955,25321.078301712536,4057.2216965259577,328.207,7452.215,0.0,484.43145000000004,0.0,0.0,0.0,274.934,82.512,0.0,-12200.0,39556.09282683875
15-03-2040 15:00:00,42640.80114837073,23701.117780911885,6200.631939084036,348.92,7422.26,0.0,487.2433500000001,0.0,0.0,0.0,272.829,82.398,0.0,-12200.0,38551.601081939945
15-03-2040 16:00:00,42648.09935733894,18543.25935791917,4512.867285113258,347.33,7290.594,0.0,491.90490000000005,0.0,0.0,0.0,269.936,81.834,0.0,-12200.0,37971.92794538033
15-03-2040 17:00:00,40524.62995761703,11121.776215901009,5454.793267610716,338.865,7953.2919999999995,0.0,491.5114500000001,0.0,0.0,0.0,274.6705,79.9675,0.0,-12200.0,37840.08550698465
15-03-2040 18:00:00,38319.56526663801,3519.15334161259,4251.467235686956,345.038,7990.27,0.0,499.93995000000007,0.0,0.0,0.0,287.322,82.652,0.0,-12200.0,37815.8875107495
15-03-2040 19:00:00,34913.390196156986,94.09055538418578,1705.7701665180793,345.287,8721.377,0.0,503.17215000000004,0.0,0.0,0.0,301.569,82.741,0.0,-7656.253901574051,40012.21259418187
15-03-2040 20:00:00,35676.41465630109,7.084643496567615,523.3614007537544,346.26099999999997,9175.347,0.0,507.1378500000001,0.0,0.0,0.0,305.8485,82.9505,0.0,-5310.947112817048,42211.06051866678
15-03-2040 21:00:00,35711.96586819072,3.6126273707688297,75.26707680511754,347.751,8608.864,0.0,508.4548500000001,0.0,0.0,0.0,309.1295,83.0915,0.0,-5149.999445515885,41296.41866792076
15-03-2040 22:00:00,35182.743225925165,0.8436674698202657,76.5913984781073,326.059,7974.84,0.0,503.20395,0.0,0.0,0.0,307.894,81.883,0.0,-6894.279316586919,38251.484178165076
15-03-2040 23:00:00,33975.552939429,2.812224899400886,70.75035056943307,327.81699999999995,7174.221,0.0,495.14460000000014,0.0,0.0,0.0,303.772,80.953,0.0,-8321.204306537194,34702.5301642144
16-03-2040 00:00:00,34596.256523255164,0.7355049736894624,71.63615513217519,330.903,6186.991999999999,0.0,479.92365000000007,0.0,0.0,0.0,300.974,81.969,0.0,-10359.51474736819,32211.459722981544
16-03-2040 01:00:00,33407.34463399467,6.176078529068869,63.690225094236666,330.73699999999997,5727.304,0.0,477.3948000000001,0.0,0.0,0.0,297.98900000000003,81.502,0.0,-10969.785956017797,29899.21154394954
16-03-2040 02:00:00,31881.12940581795,1.3195824527958,71.02223117780522,325.103,5645.0509999999995,0.0,476.01150000000007,0.0,0.0,0.0,292.29400000000004,82.213,0.0,-10787.14479488516,28441.52834264322
16-03-2040 03:00:00,30412.15889991912,7.603823477995471,72.9692471473536,320.467,5824.4,0.0,474.4423500000001,0.0,0.0,0.0,293.4645,83.3635,0.0,-10080.859301713259,27853.58808435679
16-03-2040 04:00:00,30467.19134051719,1.503458696218166,72.46056729945121,323.607,5645.804,0.0,470.2179,0.0,0.0,0.0,283.387,83.39200000000001,0.0,-9885.425700689244,27909.02809307161
16-03-2040 05:00:00,29348.209984565692,5.959753536807263,71.30288212836604,320.05400000000003,6049.071999999999,0.0,473.3415000000001,0.0,0.0,0.0,281.209,82.79899999999999,0.0,-8663.669536172038,28434.693013191718
16-03-2040 06:00:00,27969.471177250947,4.7807823289815055,70.73280988502665,319.58799999999997,7077.559,0.0,481.5096000000001,0.0,0.0,0.0,297.2445,81.9795,0.0,-5261.908109864027,31581.79549775098
16-03-2040 07:00:00,26863.00545681673,604.5093746254465,79.00324258452747,326.985,8564.315,0.0,493.51695000000007,0.0,0.0,0.0,296.1555,81.4835,0.0,-1917.1943524746166,36033.7845080506
16-03-2040 08:00:00,25298.55875240753,6723.250964495376,75.8020676796441,328.81199999999995,9762.251,0.0,508.14315000000005,0.0,0.0,0.0,285.986,81.047,0.0,-4576.668854144595,39197.7664434502
16-03-2040 09:00:00,25580.9418118598,15022.288886371583,272.7751832664653,326.101,9659.849,0.0,512.31165,0.0,0.0,0.0,289.9025,80.5975,0.0,-11797.967761521357,40712.88054779648
16-03-2040 10:00:00,27929.646239388952,21835.48778264934,1766.5749490267772,331.36699999999996,9409.405,0.0,509.9683500000001,0.0,0.0,0.0,291.0205,81.2655,0.0,-12200.0,41162.97964536151
16-03-2040 11:00:00,29626.601654693543,26403.514481741557,5024.265939099103,333.465,8941.394,0.0,507.4792500000001,0.0,0.0,0.0,296.366,87.962,0.0,-12200.0,41073.776271077346
16-03-2040 12:00:00,31977.781362423877,27918.925133782177,6354.060305621999,333.56800000000004,8445.266,0.0,510.42570000000006,0.0,0.0,0.0,301.44,89.589,0.0,-12200.0,40829.25784406337
16-03-2040 13:00:00,34101.39386428242,27953.688560038616,7010.125754282781,327.915,7942.701999999999,0.0,513.2379000000001,0.0,0.0,0.0,297.047,90.984,0.0,-12200.0,40557.55433534509
16-03-2040 14:00:00,36974.37424130005,27226.879851038066,7393.740522338718,318.442,7075.825,0.0,512.1948000000001,0.0,0.0,0.0,291.5735,91.7565,0.0,-12200.0,39276.95024773292
16-03-2040 15:00:00,39991.82202668507,24586.28720049754,8158.435429553239,315.796,6380.158,0.0,506.75070000000005,0.0,0.0,0.0,298.884,93.65,0.0,-12200.0,38240.94419314851
16-03-2040 16:00:00,41560.92148434745,20012.88482534762,8938.478435626894,317.027,6143.991999999999,0.0,508.1608500000001,0.0,0.0,0.0,304.2525,91.0595,0.0,-12200.0,37656.656883717274
16-03-2040 17:00:00,40230.74071285454,12911.60593687509,9068.261959579599,317.35,6614.507,0.0,510.37935000000016,0.0,0.0,0.0,312.376,91.087,0.0,-12200.0,37393.43997124972
16-03-2040 18:00:00,38560.87801287705,4173.590524452015,6223.706709425955,313.16,7034.201999999999,0.0,511.2502500000001,0.0,0.0,0.0,314.762,91.074,0.0,-12200.0,37240.597912816105
16-03-2040 19:00:00,35069.75441999137,119.35731448034144,2895.774048632098,312.449,8157.394,0.0,512.9389500000001,0.0,0.0,0.0,315.3795,90.1975,0.0,-9278.572952599461,39309.20147103177
16-03-2040 20:00:00,35437.17108960523,9.21544467034444,1204.141673748818,320.255,8714.742,0.0,512.7669000000001,0.0,0.0,0.0,312.0955,89.0505,0.0,-6313.920519946503,41229.704364511206
16-03-2040 21:00:00,38147.43273439697,4.705068581689943,614.5641893457505,327.187,8516.064,0.0,515.4213000000001,0.0,0.0,0.0,316.3255,89.5615,0.0,-9037.461294697885,40331.05216280705
16-03-2040 22:00:00,38574.82853738596,1.0059112140164708,488.929037256079,324.953,8089.576,0.0,513.6198,0.0,0.0,0.0,320.2395,89.0175,0.0,-11423.820233915358,37711.04192675456
16-03-2040 23:00:00,38612.657780585745,4.705068581689943,171.31986463657813,318.41200000000003,7222.121,0.0,504.45255000000014,0.0,0.0,0.0,320.863,89.656,0.0,-12200.0,34913.371527505726
17-03-2040 00:00:00,37500.37515167873,0.8004024713679445,69.30324410556932,322.018,7008.695,0.0,482.7996000000001,0.0,0.0,0.0,317.9345,90.5115,0.0,-12200.0,32430.36807699319
17-03-2040 01:00:00,38382.05835646749,4.3805810932975335,74.94257414352614,319.192,6541.866999999999,0.0,478.68465000000003,0.0,0.0,0.0,311.922,90.34200000000001,0.0,-12200.0,30099.726444896714
17-03-2040 02:00:00,39401.99369574346,1.276317454343479,77.81924638684723,322.647,6412.774,0.0,474.4089,0.0,0.0,0.0,312.8225,85.9865,0.0,-12200.0,28631.63754722322
17-03-2040 03:00:00,38327.18062088199,3.4395673769595447,72.4430266150448,318.441,5700.98,0.0,473.1228000000001,0.0,0.0,0.0,320.8975,91.3665,0.0,-12200.0,27745.237603812617
17-03-2040 04:00:00,35013.83242557099,1.0599924620818724,71.10116425764863,317.81,5447.607,0.0,472.07115,0.0,0.0,0.0,317.8215,91.4685,0.0,-12200.0,27210.283703462115
17-03-2040 05:00:00,32533.160754690463,2.9420198947578498,69.19799999910174,317.028,5632.726,0.0,471.02520000000004,0.0,0.0,0.0,317.612,91.211,0.0,-12200.0,27391.399288442175
17-03-2040 06:00:00,32649.68457016159,4.164256101035927,70.68895817399607,316.23400000000004,5671.028,0.0,467.25045,0.0,0.0,0.0,317.5005,90.9395,0.0,-12025.323206206307,28051.53029749519
17-03-2040 07:00:00,32030.09486242595,549.5844590902246,67.60179771776893,312.647,6341.615,0.0,465.0075000000001,0.0,0.0,0.0,323.282,92.344,0.0,-11635.526113735228,29074.780418353246
17-03-2040 08:00:00,30437.15149470053,4864.099899751063,91.55360228018253,319.305,6901.406,0.0,467.6148000000001,0.0,0.0,0.0,325.8725,91.6615,0.0,-12200.0,31265.94487454858
17-03-2040 09:00:00,31016.54884016931,9433.045980060391,1249.300165763445,328.69,8019.326,0.0,469.1337000000001,0.0,0.0,0.0,328.985,91.375,0.0,-12200.0,34781.73294002374
17-03-2040 10:00:00,31897.07562498907,10580.996183995832,1338.4331535950187,326.52299999999997,8528.32,0.0,467.60325000000006,0.0,0.0,0.0,321.894,90.95,0.0,-12200.0,36823.302444766814
17-03-2040 11:00:00,31748.895296319883,11874.489842724883,700.36444713932,319.91200000000003,8449.966999999999,0.0,464.5182000000001,0.0,0.0,0.0,304.7095,90.9305,0.0,-12200.0,37450.94378447047
17-03-2040 12:00:00,32135.48378461703,14046.154807539926,946.8636851589545,322.775,8027.791,0.0,462.2508000000001,0.0,0.0,0.0,312.9585,91.5085,0.0,-12200.0,36931.80246557982
17-03-2040 13:00:00,34221.95161295643,15632.76883078345,634.3500813606952,323.556,7559.983,0.0,460.7178000000001,0.0,0.0,0.0,318.5025,91.1635,0.0,-12200.0,37093.25424919191
17-03-2040 14:00:00,36566.417123141044,14706.757252658805,632.4819984709902,323.863,6982.013000000001,0.0,460.5780000000001,0.0,0.0,0.0,315.8135,90.9185,0.0,-12200.0,36316.36911727424
17-03-2040 15:00:00,38545.70531876881,11539.716100950433,460.66222432869836,320.712,6270.102,0.0,455.64795000000004,0.0,0.0,0.0,309.7095,91.9195,0.0,-12200.0,34954.10674312023
17-03-2040 16:00:00,40617.40655365797,8655.779466614826,182.2301703398698,306.54200000000003,6235.478,0.0,454.29765000000003,0.0,0.0,0.0,297.1375,91.8155,0.0,-12200.0,33933.544627193696
17-03-2040 17:00:00,38561.24156965661,5639.484385763953,85.31788897229126,303.131,6873.531999999999,0.0,459.43890000000005,0.0,0.0,0.0,293.692,91.475,0.0,-12200.0,33774.73174573828
17-03-2040 18:00:00,35304.67398158577,1526.6162866397708,74.25848745153053,302.119,7339.98,0.0,462.8991000000001,0.0,0.0,0.0,299.506,91.131,0.0,-11862.51137622305,34239.13016652049
17-03-2040 19:00:00,31850.28509393591,20.291284274138697,74.92503345911973,303.58099999999996,7991.380999999999,0.0,469.36710000000005,0.0,0.0,0.0,291.959,91.664,0.0,-5833.072270813573,36027.83302854613
17-03-2040 20:00:00,29116.624315992267,5.8299585414502975,83.97602661489509,314.782,8804.851999999999,0.0,474.51840000000004,0.0,0.0,0.0,297.722,92.148,0.0,-2211.8958808079733,37774.07054612576
17-03-2040 21:00:00,26745.506999766378,2.0550874264852625,81.71327832594397,314.857,8764.02,0.0,473.7687000000001,0.0,0.0,0.0,309.559,92.14200000000001,0.0,-50.11941266119538,37492.864534504675
17-03-2040 22:00:00,24644.54331174875,0.9518299659510692,83.27439923846396,314.249,8530.976,708.6753718794971,467.9572500000001,0.0,0.0,0.0,310.835,91.336,0.0,0.0,35831.56626160362
17-03-2040 23:00:00,23017.959339038996,1.5575399442835676,78.62611786971684,314.841,8255.229,220.69571125900984,468.62970000000007,0.0,0.0,0.0,309.2175,90.9135,0.0,0.0,33359.58192015299
18-03-2040 00:00:00,21421.563957207876,0.8827119906589724,73.03940988500835,314.123,8137.206,0.0,460.7641500000001,0.0,0.0,0.0,310.2195,91.2185,0.0,-631.7215670341648,30711.69209572491
18-03-2040 01:00:00,22503.87151256065,5.295163154997611,72.74998859222978,314.334,7625.703,0.0,457.71915,0.0,0.0,0.0,309.0775,91.6065,0.0,-3542.4639289408406,28325.860804667147
18-03-2040 02:00:00,23388.599589496207,1.351810227106553,71.69754752761219,303.29900000000004,7030.210999999999,0.0,454.8718500000001,0.0,0.0,0.0,307.059,91.50299999999999,0.0,-5513.913056950503,26593.632457544332
18-03-2040 03:00:00,24713.866909904984,6.543772718294775,73.14465399144683,301.582,6094.751,0.0,455.90655000000004,0.0,0.0,0.0,314.7155,91.4215,0.0,-6841.143680798079,25654.665389737493
18-03-2040 04:00:00,26819.292473687357,1.2655006061874439,76.23181444770307,299.365,5784.842,0.0,455.4648000000001,0.0,0.0,0.0,317.922,91.678,0.0,-9120.127897429193,25166.170898177
18-03-2040 05:00:00,27378.508901594065,6.565463339963715,76.72295361116994,301.255,5975.615,0.0,455.01450000000006,0.0,0.0,0.0,315.0875,91.3455,0.0,-9872.247046766875,25173.83130304202
18-03-2040 06:00:00,27586.56849379687,3.4503836213092893,74.87241140587139,301.839,6016.153,0.0,454.90215,0.0,0.0,0.0,312.7995,91.4055,0.0,-9539.593055429625,25766.43223303991
18-03-2040 07:00:00,27512.445494352352,554.9276863511568,75.11798098761938,297.318,6177.672,0.0,457.8996000000001,0.0,0.0,0.0,315.2335,94.1455,0.0,-9900.891514184343,26065.779488018306
18-03-2040 08:00:00,26901.527004833468,5958.769258067151,70.73280988502665,299.462,6562.139,0.0,458.8465500000001,0.0,0.0,0.0,314.813,93.62299999999999,0.0,-12200.0,27474.637791555986
18-03-2040 09:00:00,26360.380473832738,13525.709324904612,172.65295665178564,305.907,7111.8330000000005,0.0,457.45215,0.0,0.0,0.0,316.1055,94.1315,0.0,-12200.0,30401.813039525787
18-03-2040 10:00:00,28509.004908604315,20696.1364971561,402.70780303666834,306.91700000000003,7084.8859999999995,0.0,456.82065,0.0,0.0,0.0,318.4895,93.0555,0.0,-12200.0,32723.050746259847
18-03-2040 11:00:00,31694.063972238146,25489.35751319283,980.6821247022599,307.67,7462.081,0.0,455.65110000000016,0.0,0.0,0.0,322.112,94.31,0.0,-12200.0,33635.7883765181
18-03-2040 12:00:00,34215.28382691446,26984.520145957777,1990.71858476536,308.189,7232.4980000000005,0.0,451.73100000000005,0.0,0.0,0.0,324.357,93.794,0.0,-12200.0,33544.098988262536
18-03-2040 13:00:00,35650.06839265965,27294.2218211291,2887.7667261987226,298.536,7272.683000000001,0.0,454.4803500000001,0.0,0.0,0.0,328.2965,94.5865,0.0,-12200.0,33779.37530587669
18-03-2040 14:00:00,36627.691910996495,26031.576106296558,4548.141601462616,296.03,6622.853,0.0,453.07545000000005,0.0,0.0,0.0,325.8605,94.2805,0.0,-12200.0,33296.376605190555
18-03-2040 15:00:00,37857.93711199158,23446.113880033903,4708.235428076558,296.536,5987.932,0.0,450.59895000000006,0.0,0.0,0.0,327.014,94.61200000000001,0.0,-12200.0,31890.499435270518
18-03-2040 16:00:00,39478.789263985454,19498.81011373714,4306.764243290818,302.189,5927.791,0.0,448.3374,0.0,0.0,0.0,323.819,95.15899999999999,0.0,-12200.0,30796.149240432365
18-03-2040 17:00:00,39519.44574129004,13063.71485518384,5146.682375599456,299.03700000000003,5607.8330000000005,0.0,450.2778000000001,0.0,0.0,0.0,318.8375,95.4745,0.0,-12200.0,30359.84132676314
18-03-2040 18:00:00,35289.86484425708,4465.932118994349,4735.125297277729,301.808,6083.7880000000005,0.0,454.7050500000001,0.0,0.0,0.0,314.69,95.75299999999999,0.0,-12200.0,30818.67513838807
18-03-2040 19:00:00,32445.566776570766,152.07646955990944,2446.6009725922195,308.703,7861.295999999999,0.0,458.42505000000006,0.0,0.0,0.0,316.746,94.925,0.0,-11606.389945388517,33479.441049544555
18-03-2040 20:00:00,31477.57364526669,6.641177262431322,1518.2514798284392,309.252,8535.256,0.0,464.8920000000001,0.0,0.0,0.0,322.1135,95.7385,0.0,-6973.67752220466,36700.43279449084
18-03-2040 21:00:00,32286.495215016337,3.5260973738641876,481.8513710964762,310.0,8587.443000000001,0.0,467.6394,0.0,0.0,0.0,314.2485,95.9625,0.0,-6234.9327944775905,37105.15348829367
18-03-2040 22:00:00,32907.16399021468,1.0383599628557116,75.6178904933331,309.85900000000004,8137.648,0.0,469.1598000000001,0.0,0.0,0.0,318.7265,95.0985,0.0,-7152.233606840891,35827.99291876222
18-03-2040 23:00:00,32951.04219940613,2.7689599009485644,76.81065703323111,298.684,7599.201999999999,0.0,469.43115,0.0,0.0,0.0,318.6445,95.5825,0.0,-9341.033407987063,33049.66938478919
19-03-2040 00:00:00,32852.59566465433,0.8761162186595066,73.81997034125379,294.323,6492.765,0.0,465.4453500000001,0.0,0.0,0.0,312.54200000000003,93.735,0.0,-10954.909698250314,30139.012756662876
19-03-2040 01:00:00,33378.472811022955,4.705068581689943,72.20622737551457,294.751,6288.684,0.0,466.98165000000006,0.0,0.0,0.0,313.4375,93.7935,0.0,-12200.0,28159.472332230518
19-03-2040 02:00:00,35082.67615616666,1.2871337039565593,71.6536958165816,289.993,5735.7919999999995,0.0,467.50845000000004,0.0,0.0,0.0,310.1085,92.5575,0.0,-12200.0,26937.24028417598
19-03-2040 03:00:00,37027.02422470447,6.23015977713427,71.74139923861367,288.263,5061.427,0.0,467.4459,0.0,0.0,0.0,303.9075,92.5305,0.0,-12200.0,26336.368884534826
19-03-2040 04:00:00,38030.34424562994,1.2222362062780772,76.69664258457487,287.79400000000004,4865.03,0.0,466.24485000000016,0.0,0.0,0.0,302.0445,91.1865,0.0,-12200.0,26407.288543016464
19-03-2040 05:00:00,37472.85312994172,7.203622242311499,74.0216882119712,284.47700000000003,5363.693,0.0,468.44820000000004,0.0,0.0,0.0,305.478,90.57600000000001,0.0,-12200.0,27244.06269264163
19-03-2040 06:00:00,37221.813306037046,4.975474822016952,71.89049505611183,287.606,5631.451,0.0,470.8209,0.0,0.0,0.0,297.2625,88.0105,0.0,-12200.0,30303.004492900538
19-03-2040 07:00:00,37295.70428766795,628.3375725230625,71.28534144395962,294.568,6407.078,0.0,489.7675500000001,0.0,0.0,0.0,302.124,88.006,0.0,-11851.819718393275,34353.8889311714
19-03-2040 08:00:00,37879.51846124573,6081.6094049482235,72.93416577854077,297.03,7372.9,0.0,504.4845000000001,0.0,0.0,0.0,305.873,90.06200000000001,0.0,-12200.0,37946.72892212184
19-03-2040 09:00:00,41632.37972965562,13192.038840593425,605.609669954225,305.731,7386.283,0.0,498.57345000000004,0.0,0.0,0.0,304.2775,89.3065,0.0,-12200.0,39978.12745664109
19-03-2040 10:00:00,46143.929850232205,16386.68306131438,1465.5768045439618,307.67,7504.661999999999,0.0,498.0597,0.0,0.0,0.0,308.09,89.708,0.0,-12200.0,41213.60832612389
19-03-2040 11:00:00,49656.255765091235,16975.476425252018,1684.5810197502724,311.253,7721.267,0.0,501.8850000000001,0.0,0.0,0.0,311.501,89.91799999999999,0.0,-12200.0,41728.70870984005
19-03-2040 12:00:00,49858.08779212126,17291.235200206673,1475.031233441172,319.478,7873.283,0.0,506.04915,0.0,0.0,0.0,308.8145,89.5735,0.0,-12200.0,41657.074829178986
19-03-2040 13:00:00,53154.82840433239,16332.742424493947,1609.5595125269028,334.093,7603.571999999999,0.0,501.7116000000001,0.0,0.0,0.0,309.967,90.113,0.0,-12200.0,41603.53643701686
19-03-2040 14:00:00,54941.532065056774,14488.39880546994,1290.512003785756,355.86800000000005,6855.0019999999995,0.0,501.20385000000016,0.0,0.0,0.0,306.0935,89.5165,0.0,-12200.0,40409.16612178347
19-03-2040 15:00:00,55429.363381208,13522.594245018772,577.3165460002201,364.43,6522.608,0.0,500.20380000000006,0.0,0.0,0.0,297.4375,89.6485,0.0,-12200.0,39347.18172338545
19-03-2040 16:00:00,54088.53890484996,13007.448724696593,835.6908273657027,363.673,6378.03,0.0,493.73775000000006,0.0,0.0,0.0,295.0425,89.6815,0.0,-12200.0,38983.857644694544
19-03-2040 17:00:00,52569.56773888704,8636.86184604155,1715.8736007384723,366.13,6650.621,0.0,497.2446000000001,0.0,0.0,0.0,300.9655,89.7225,0.0,-12200.0,38828.79368569965
19-03-2040 18:00:00,52966.29714075844,3484.130325365436,2456.265889702365,365.108,6676.901,0.0,497.9683500000001,0.0,0.0,0.0,298.943,90.079,0.0,-12200.0,39064.7741817438
19-03-2040 19:00:00,53589.50694578832,164.60168661185645,1821.1440182276128,361.88300000000004,7513.054,0.0,502.71270000000004,0.0,0.0,0.0,295.77,87.805,0.0,-12200.0,41093.9218004257
19-03-2040 20:00:00,52429.018234963085,6.781788507401366,869.3514007493213,355.10900000000004,8212.311,0.0,504.23505000000006,0.0,0.0,0.0,288.525,85.073,0.0,-12200.0,43298.534465074415
19-03-2040 21:00:00,52197.9005490527,3.234058634311018,557.2149216658727,358.27099999999996,8077.001,0.0,505.16265000000004,0.0,0.0,0.0,286.8545,85.3485,0.0,-12200.0,42269.17588462869
19-03-2040 22:00:00,51495.713835103525,1.0708087116949527,334.2815931516234,366.881,7863.984,0.0,503.2684500000001,0.0,0.0,0.0,287.1375,83.5185,0.0,-12200.0,39233.65350403119
19-03-2040 23:00:00,50969.71679235016,2.9852848932101708,70.2767520903435,364.647,5963.982,0.0,499.41270000000003,0.0,0.0,0.0,284.7555,84.4195,0.0,-12200.0,35738.62177666404
20-03-2040 00:00:00,51749.584760738326,0.8544837194333461,71.96065779376659,338.63699999999994,5217.193,0.0,484.81995000000006,0.0,0.0,0.0,286.6575,83.8345,0.0,-12200.0,32825.121651485875
20-03-2040 01:00:00,51416.23413489338,0.8112187209810247,70.61879543637042,321.04900000000004,4975.649,0.0,482.83020000000005,0.0,0.0,0.0,291.3505,85.0585,0.0,-12200.0,30666.05553040411
20-03-2040 02:00:00,49137.39449104286,0.6814237256240607,73.08326159600983,316.05,5029.895,0.0,479.68515,0.0,0.0,0.0,293.9575,85.3265,0.0,-12200.0,29247.760938311527
20-03-2040 03:00:00,48894.561768055275,0.9842787147903099,72.41671558842063,317.968,4809.729,0.0,480.7372500000001,0.0,0.0,0.0,301.08299999999997,85.32799999999999,0.0,-12200.0,28721.02840482948
20-03-2040 04:00:00,47788.374516643686,1.6981511892536116,69.15414828810026,313.284,4945.691,0.0,477.95985000000013,0.0,0.0,0.0,304.2365,87.1995,0.0,-12200.0,28627.898296521384
20-03-2040 05:00:00,47046.312585703425,4.315683595619051,68.75948288885411,311.486,5350.156,0.0,480.10095,0.0,0.0,0.0,308.10900000000004,88.917,0.0,-12200.0,29284.936574741198
20-03-2040 06:00:00,46813.58210003695,8.339328451684933,68.62792775576236,317.16900000000004,5889.185,0.0,478.94145000000003,0.0,0.0,0.0,301.1835,87.9285,0.0,-12200.0,32448.414090726586
20-03-2040 07:00:00,48417.04154099214,716.1547031316617,71.41689657702227,321.258,7757.113,0.0,481.29720000000003,0.0,0.0,0.0,299.812,88.81299999999999,0.0,-12200.0,37251.6080941008
20-03-2040 08:00:00,49252.27843338071,8229.846373101336,165.3998836480605,337.264,8752.973,0.0,493.1233500000001,0.0,0.0,0.0,290.1735,86.9815,0.0,-12200.0,41453.04498793317
20-03-2040 09:00:00,50620.38513870626,18801.702826174114,2770.5423322838906,348.345,8559.848,0.0,493.48845000000006,0.0,0.0,0.0,285.5445,84.6555,0.0,-12200.0,43556.330356802006
20-03-2040 10:00:00,53827.307888241936,25123.649297524982,10441.557223440352,348.48800000000006,7630.094,0.0,492.0246000000001,0.0,0.0,0.0,284.3185,85.8235,0.0,-12200.0,44303.984458063955
20-03-2040 11:00:00,55823.92304527805,27737.136426535133,12064.272249275062,331.483,8337.302,0.0,492.4776000000001,0.0,0.0,0.0,287.0695,86.0615,0.0,-12200.0,44367.926314648925
20-03-2040 12:00:00,56663.03916585692,26863.475496537794,10362.124234087736,330.962,8518.514000000001,0.0,496.1532000000001,0.0,0.0,0.0,292.404,84.708,0.0,-12200.0,44213.87491438966
20-03-2040 13:00:00,57783.59077768606,24913.75997378316,8215.688223468867,341.022,8740.046,0.0,498.71070000000003,0.0,0.0,0.0,292.4445,84.6725,0.0,-12200.0,43886.607896038026
20-03-2040 14:00:00,58137.269642183295,22892.181288599222,7021.544739833975,345.49800000000005,8234.558,0.0,500.09625000000005,0.0,0.0,0.0,298.3455,89.6555,0.0,-12200.0,42779.474240160365
20-03-2040 15:00:00,57054.15277577189,21772.537209901213,6437.06282425212,335.483,7760.0019999999995,0.0,502.38000000000005,0.0,0.0,0.0,297.0695,89.3955,0.0,-12200.0,41968.49281098033
20-03-2040 16:00:00,57246.75278117654,19161.36475830826,7345.757980133989,348.87800000000004,6995.356,0.0,498.5976000000001,0.0,0.0,0.0,293.376,90.305,0.0,-12200.0,41274.03040653092
20-03-2040 17:00:00,55634.28950848951,12974.924262110062,9202.176314710989,355.634,6969.156,0.0,505.8930000000001,0.0,0.0,0.0,290.238,90.333,0.0,-12200.0,40874.00869948352
20-03-2040 18:00:00,54331.64236160955,4777.764595339457,9724.897480483749,360.033,7447.828,0.0,510.8712000000001,0.0,0.0,0.0,297.464,90.365,0.0,-12200.0,40670.62314616207
20-03-2040 19:00:00,53704.76991540698,229.33694054614224,5369.028091185959,361.07800000000003,8131.025,0.0,517.5486000000001,0.0,0.0,0.0,300.575,91.42,0.0,-12200.0,42919.32861465001
20-03-2040 20:00:00,54342.62254987703,3.4179348777333844,2763.850561181316,343.163,8951.167,0.0,515.63025,0.0,0.0,0.0,299.3755,94.7045,0.0,-12200.0,45539.35968218273
20-03-2040 21:00:00,53716.51976111201,4.088542353744364,2554.072745974874,315.494,8546.641,0.0,518.8074,0.0,0.0,0.0,298.3625,96.4555,0.0,-12200.0,44748.089297191866
20-03-2040 22:00:00,53190.29452846509,3.28813988237642,2289.927579438343,334.13800000000003,7538.113,0.0,516.48045,0.0,0.0,0.0,307.3095,95.5045,0.0,-12200.0,41308.85208569422
20-03-2040 23:00:00,51839.139624892385,3.0177336420494116,1427.7240075862792,353.898,6674.185,0.0,509.6512500000001,0.0,0.0,0.0,308.1445,95.1915,0.0,-12200.0,37151.60545726933
21-03-2040 00:00:00,49130.011194317754,1.9361086807413788,1158.8516266011284,353.223,6022.918000000001,0.0,494.0277000000001,0.0,0.0,0.0,303.2675,96.2815,0.0,-12200.0,33985.72488124273
21-03-2040 01:00:00,46507.90433331628,8.566469693559622,486.4294897275977,350.51599999999996,6072.889,0.0,490.2895500000001,0.0,0.0,0.0,301.519,96.005,0.0,-12200.0,31520.18379102637
21-03-2040 02:00:00,45833.54518350395,1.0383599628557116,66.6984524706204,352.277,5494.015,0.0,488.59365,0.0,0.0,0.0,308.0655,96.4825,0.0,-12200.0,30054.90081934214
21-03-2040 03:00:00,44866.693001667605,3.4503836265726253,68.62792775576236,346.586,5458.161,0.0,493.35300000000007,0.0,0.0,0.0,311.068,95.823,0.0,-12200.0,29486.231912215702
21-03-2040 04:00:00,45180.929823208964,7.89586221754864,71.78525094964425,345.13599999999997,5624.234,0.0,493.91100000000006,0.0,0.0,0.0,313.4335,97.3255,0.0,-12200.0,29234.35030092072
21-03-2040 05:00:00,46931.86955265144,3.818136113417356,70.04872319303104,347.657,5591.710999999999,0.0,491.85570000000007,0.0,0.0,0.0,312.514,96.24700000000001,0.0,-12200.0,30075.615122498984
21-03-2040 06:00:00,46848.57637388131,8.588102192785781,66.61074904858833,343.548,5848.906999999999,0.0,496.47945000000004,0.0,0.0,0.0,328.707,95.815,0.0,-12200.0,33202.354091148896
21-03-2040 07:00:00,45962.7586776315,1172.8275780455263,176.6873140661628,347.267,7072.81,0.0,508.7232000000001,0.0,0.0,0.0,332.912,94.04899999999999,0.0,-12200.0,37615.96407504465
21-03-2040 08:00:00,44495.025811833264,11285.33954255001,531.763388586347,349.64099999999996,7799.628000000001,0.0,517.2256500000001,0.0,0.0,0.0,335.634,93.48200000000001,0.0,-12200.0,41583.81386111541
21-03-2040 09:00:00,44565.65638532416,23111.68625824707,7445.77496264223,342.91,7645.880999999999,0.0,514.0614,0.0,0.0,0.0,326.447,91.912,0.0,-12200.0,43489.74141426453
21-03-2040 10:00:00,46656.602923777595,30896.638652263187,15229.743091059587,349.69,7302.371,0.0,511.7998500000001,0.0,0.0,0.0,322.8015,93.4975,0.0,-12200.0,44213.87714633398
21-03-2040 11:00:00,46773.43614927387,35605.34149382312,16226.694200552505,354.154,7465.768,0.0,508.39770000000004,0.0,0.0,0.0,316.362,93.867,0.0,-12200.0,44077.51874061629
21-03-2040 12:00:00,45640.17165303643,38448.089849632124,16600.214304730238,360.702,7317.81,0.0,514.6542000000001,0.0,0.0,0.0,316.438,94.49799999999999,0.0,-12200.0,43391.74529536842
21-03-2040 13:00:00,45525.64353222751,37865.11562798632,16616.88672526233,365.592,7468.588000000001,0.0,515.9268000000001,0.0,0.0,0.0,314.9,92.551,0.0,-12200.0,43005.25289075103
21-03-2040 14:00:00,45543.93739996445,36835.23560482726,15828.476812724926,368.33099999999996,7150.555,0.0,516.73455,0.0,0.0,0.0,309.0185,90.7165,0.0,-12200.0,41571.62372527181
21-03-2040 15:00:00,47629.57368886127,34155.52057943623,15866.61026063317,363.653,6671.595,0.0,516.6966000000001,0.0,0.0,0.0,314.7955,90.3035,0.0,-12200.0,40632.4211873402
21-03-2040 16:00:00,50728.02115120498,29078.437908553995,15569.251808165514,358.73800000000006,6262.89,0.0,516.3964500000001,0.0,0.0,0.0,314.0575,91.1535,0.0,-12200.0,40179.45106541017
21-03-2040 17:00:00,51354.23223347881,19626.495940419554,15854.042360253108,360.254,6429.621,0.0,519.7447500000001,0.0,0.0,0.0,310.0105,91.2375,0.0,-12200.0,39884.12428611678
21-03-2040 18:00:00,49168.04542165919,7271.840328621198,13662.693427201331,363.839,7278.779,0.0,527.0238,0.0,0.0,0.0,317.288,91.432,0.0,-12200.0,39638.73837674735
21-03-2040 19:00:00,46902.95131817594,319.42548357348824,7815.900944386522,360.06699999999995,7933.477,0.0,535.5948000000001,0.0,0.0,0.0,319.129,91.141,0.0,-12200.0,42031.88858519064
21-03-2040 20:00:00,46397.32119032802,4.899761074725388,5367.13369726963,366.89300000000003,8755.564,0.0,537.5979000000001,0.0,0.0,0.0,320.0835,91.2935,0.0,-12200.0,45053.1395418748
21-03-2040 21:00:00,45841.97660668926,7.344233487281544,5140.823787006375,361.26199999999994,8310.617,0.0,537.5070000000001,0.0,0.0,0.0,319.013,91.366,0.0,-12200.0,44171.1547563015
21-03-2040 22:00:00,44263.40533463201,2.9312036451447696,5049.366658490413,365.57099999999997,7859.693,0.0,534.5149500000001,0.0,0.0,0.0,323.10900000000004,91.485,0.0,-12200.0,41131.65207501656
21-03-2040 23:00:00,43236.54307841801,3.558546122703428,4517.208604504849,367.819,6531.829000000001,0.0,532.94415,0.0,0.0,0.0,328.99800000000005,91.29799999999999,0.0,-12200.0,36953.41959021033
22-03-2040 00:00:00,40597.15179988665,2.0550874264852625,4320.621383975056,363.36400000000003,6537.528,0.0,516.0555,0.0,0.0,0.0,330.273,91.836,0.0,-12200.0,33753.90993726379
22-03-2040 01:00:00,37901.780512555204,9.085649674987476,4294.573467625567,369.48,6125.346,0.0,509.6031000000001,0.0,0.0,0.0,334.038,93.53,0.0,-12200.0,31398.031338855577
22-03-2040 02:00:00,35298.63661847005,0.9085649674987477,3781.0699315104866,354.365,6202.481,0.0,512.4519,0.0,0.0,0.0,332.6495,92.7925,0.0,-12200.0,29825.007207423987
22-03-2040 03:00:00,34387.90754757043,3.482832375411866,2259.064745218202,342.645,6064.451,0.0,507.7605000000001,0.0,0.0,0.0,326.9205,91.5025,0.0,-12200.0,29345.241106081183
22-03-2040 04:00:00,33235.877333307704,7.625455977221632,1642.2027262146876,344.575,6176.339,0.0,503.9619,0.0,0.0,0.0,329.8975,92.4465,0.0,-12200.0,29146.38491174756
22-03-2040 05:00:00,32674.773855575862,3.1367123877932954,604.0573193838936,352.75800000000004,6337.82,0.0,506.4247500000001,0.0,0.0,0.0,330.9855,91.8085,0.0,-11408.391609575468,30036.156579030187
22-03-2040 06:00:00,33021.21252548461,7.766067222191676,397.0860136831179,348.75300000000004,6678.316999999999,0.0,506.0565000000001,0.0,0.0,0.0,330.9095,91.6065,0.0,-9006.878025990227,32968.6390185801
22-03-2040 07:00:00,31895.389340352012,1564.0729590498677,473.37045018404024,350.631,7333.771,0.0,519.22635,0.0,0.0,0.0,323.408,90.575,0.0,-5644.699225362114,37616.87322036057
22-03-2040 08:00:00,30797.637379751046,13049.199448203084,813.4141581644944,365.01,7793.3240000000005,0.0,527.7633000000001,0.0,0.0,0.0,316.0515,89.5725,0.0,-12200.0,41366.66502320202
22-03-2040 09:00:00,30280.976784506554,25202.272615962465,9631.361780865176,362.824,7519.691,0.0,522.5013000000001,0.0,0.0,0.0,311.85200000000003,89.456,0.0,-12200.0,42998.2457015876
22-03-2040 10:00:00,28776.28102357895,33113.35329671671,17089.26612677722,364.69300000000004,7386.456999999999,0.0,516.0460500000002,0.0,0.0,0.0,311.7605,88.3005,0.0,-12200.0,43560.40997901124
22-03-2040 11:00:00,27221.081811296393,37976.11198151575,17402.884793693345,348.403,7399.93,0.0,511.06440000000003,0.0,0.0,0.0,310.716,85.87100000000001,0.0,-12200.0,43302.32430651395
22-03-2040 12:00:00,26190.866323934843,40289.90246624667,17502.901776201557,356.369,7225.557,0.0,516.7573500000001,0.0,0.0,0.0,308.9905,84.7745,0.0,-12200.0,42413.512747275636
22-03-2040 13:00:00,25994.371619838632,40265.65243461414,17471.55657316014,369.879,7283.193,0.0,518.397,0.0,0.0,0.0,310.8935,88.1735,0.0,-12200.0,42022.99317114035
22-03-2040 14:00:00,27162.77349205706,39013.46603315744,17465.575199776184,367.838,6889.826,0.0,514.8420000000001,0.0,0.0,0.0,311.76599999999996,88.958,0.0,-12200.0,40746.99804852978
22-03-2040 15:00:00,29625.723703747175,35985.98695020665,17548.428622588806,366.097,6489.499,0.0,516.47355,0.0,0.0,0.0,311.998,89.34,0.0,-12200.0,39884.76931802259
22-03-2040 16:00:00,32164.088741442058,30030.646443241523,17445.45603475743,366.976,6143.347,0.0,525.3178500000001,0.0,0.0,0.0,318.9915,89.5835,0.0,-12200.0,39106.01418876325
22-03-2040 17:00:00,35669.88610477045,20861.571034988356,17235.871167079516,363.934,6162.31,0.0,529.4412,0.0,0.0,0.0,314.6,81.96600000000001,0.0,-12200.0,38859.385458403485
22-03-2040 18:00:00,37139.900869504156,7894.153250109773,14621.414615021757,367.838,6433.235,0.0,532.1836500000001,0.0,0.0,0.0,310.4215,80.3345,0.0,-12200.0,38586.046306496195
22-03-2040 19:00:00,39350.341559670145,272.4288790046542,7995.447390011599,367.48900000000003,6860.831,0.0,534.9315,0.0,0.0,0.0,314.8455,85.6155,0.0,-12200.0,40972.96269447969
22-03-2040 20:00:00,45060.22897239832,5.57036855073637,5537.848408294056,366.45,7258.235,0.0,536.8036500000001,0.0,0.0,0.0,320.295,89.44200000000001,0.0,-12200.0,44055.97824607377
22-03-2040 21:00:00,47277.65846150737,8.642183440851184,5276.904416662408,368.551,6950.065,0.0,537.19725,0.0,0.0,0.0,321.9605,90.8025,0.0,-12200.0,43460.28235329836
22-03-2040 22:00:00,47511.16633986204,3.0501823908886525,5239.849720845406,367.282,6811.263000000001,0.0,533.5377,0.0,0.0,0.0,326.732,92.264,0.0,-12200.0,40478.407730134204
22-03-2040 23:00:00,47472.795629118235,3.428751127346464,5235.0084919481305,377.171,6336.503000000001,0.0,526.6905,0.0,0.0,0.0,323.893,91.887,0.0,-12200.0,36589.57584048576
23-03-2040 00:00:00,46740.4839815955,1.7630486869320938,5241.270516282646,373.151,5631.97,0.0,511.70175000000006,0.0,0.0,0.0,321.9125,91.8535,0.0,-12200.0,33539.7083818127
23-03-2040 01:00:00,46426.44440894517,5.235064812730879,5162.030474458559,375.26300000000003,5389.52,0.0,508.3219500000001,0.0,0.0,0.0,318.6435,91.6795,0.0,-12200.0,31019.15172429126
23-03-2040 02:00:00,45234.39587555473,30.65325140346965,4367.586566483951,371.844,4551.013,0.0,503.72685000000007,0.0,0.0,0.0,309.986,92.72200000000001,0.0,-12200.0,29566.991841172476
23-03-2040 03:00:00,44197.80654167509,2.4552886621692345,3234.6162197304075,371.673,4312.106,0.0,501.25200000000007,0.0,0.0,0.0,311.8275,94.8585,0.0,-12200.0,28927.992136871708
23-03-2040 04:00:00,41622.320036212965,5.451389804992486,1271.0593847745913,359.74,4867.697,0.0,501.3888000000001,0.0,0.0,0.0,322.4435,96.6935,0.0,-12200.0,28774.434368295828
23-03-2040 05:00:00,39165.61603940554,2.4444724125561543,151.63044638588326,352.844,5478.316999999999,0.0,503.00790000000006,0.0,0.0,0.0,314.139,95.227,0.0,-12200.0,29641.315958709387
23-03-2040 06:00:00,37638.83613793292,9.431769662606047,74.92503345911973,356.884,6520.633000000001,0.0,508.2502500000001,0.0,0.0,0.0,321.3025,94.7225,0.0,-12200.0,32514.543996717493
23-03-2040 07:00:00,36176.15825842056,941.4355500728988,82.18687680503353,359.274,7583.4169999999995,0.0,519.1438500000002,0.0,0.0,0.0,320.2855,94.4605,0.0,-9966.06339680052,36775.872512192385
23-03-2040 08:00:00,35478.53147471703,6409.882580705213,252.84019543402246,360.07300000000004,7760.599,0.0,525.7098000000001,0.0,0.0,0.0,318.4985,94.9415,0.0,-11542.715201480765,40415.967600079624
23-03-2040 09:00:00,36327.13101256672,13085.90979938988,528.5095916282153,360.101,8079.1359999999995,0.0,524.1006000000001,0.0,0.0,0.0,322.8435,95.3645,0.0,-12200.0,42405.21400633777
23-03-2040 10:00:00,38719.95730968212,19480.314326898773,1982.3516783015803,368.00300000000004,7648.05,0.0,527.4760500000001,0.0,0.0,0.0,319.918,94.869,0.0,-12200.0,43227.5452443284
23-03-2040 11:00:00,42318.37269641355,22398.28969876675,2770.3844661242038,365.535,7385.831999999999,0.0,527.69055,0.0,0.0,0.0,318.992,95.62100000000001,0.0,-12200.0,43132.959536338996
23-03-2040 12:00:00,45824.71152728595,22242.67631558336,1873.801152827713,362.611,7451.6230000000005,0.0,525.3159,0.0,0.0,0.0,318.969,95.682,0.0,-12200.0,42886.439055278286
23-03-2040 13:00:00,48518.733013382676,19196.75552704226,1474.8382859126723,362.64099999999996,7561.399,0.0,524.7274500000001,0.0,0.0,0.0,317.6605,95.8945,0.0,-12200.0,42509.683879707074
23-03-2040 14:00:00,51746.14644183384,15040.25467697891,1249.8088456113474,360.54400000000004,7027.784000000001,0.0,529.07505,0.0,0.0,0.0,318.933,95.348,0.0,-12200.0,41200.64705352095
23-03-2040 15:00:00,54004.00808597923,11888.90790345912,992.4168425728276,364.601,6108.471,0.0,529.21095,0.0,0.0,0.0,317.2315,95.2575,0.0,-12200.0,40232.55013653379
23-03-2040 16:00:00,54722.20290110456,8686.887000502045,650.4261186228541,357.772,5834.309,0.0,528.2154,0.0,0.0,0.0,311.7975,94.8785,0.0,-12200.0,39713.77857641729
23-03-2040 17:00:00,55233.24383676729,4303.839802292728,328.62472242926015,358.705,6234.331,0.0,528.41475,0.0,0.0,0.0,309.195,94.425,0.0,-12200.0,39597.66055768115
23-03-2040 18:00:00,54943.46587771395,1133.9539769361156,201.7529520886601,370.569,6689.677,0.0,527.1160500000001,0.0,0.0,0.0,310.4695,93.8505,0.0,-12200.0,39555.393112297344
23-03-2040 19:00:00,56139.99698884375,29.939378929006352,158.0941885911161,381.375,7517.710999999999,0.0,528.44415,0.0,0.0,0.0,306.901,95.697,0.0,-12200.0,41437.96076430003
23-03-2040 20:00:00,56811.30458228304,1.6332536915751297,83.7304570331471,378.81,7698.403,0.0,530.6008500000002,0.0,0.0,0.0,309.7185,94.7675,0.0,-12200.0,43227.847672782504
23-03-2040 21:00:00,55171.38116986404,4.899761074725388,78.25776349709486,381.309,7906.1269999999995,0.0,528.8071500000001,0.0,0.0,0.0,313.6255,95.9975,0.0,-12200.0,42334.116164301966
23-03-2040 22:00:00,53458.2010663657,2.660797404817761,79.52069277464761,373.04900000000004,7261.29,0.0,524.8806000000001,0.0,0.0,0.0,311.325,96.429,0.0,-12200.0,39597.933226877794
23-03-2040 23:00:00,53016.98623812849,2.95283614437093,76.15288136785966,373.29699999999997,5869.965,0.0,515.73495,0.0,0.0,0.0,301.6775,96.0055,0.0,-12200.0,36289.0839700667
24-03-2040 00:00:00,52626.514654015715,0.7679537225287033,83.29193992289947,346.168,5983.338000000001,0.0,473.28195000000005,0.0,0.0,0.0,292.226,93.995,0.0,-12200.0,33499.45452218785
24-03-2040 01:00:00,51155.64901171284,5.170167315052397,5.288516349741258,320.91700000000003,5370.274,0.0,444.4219500000001,0.0,0.0,0.0,277.756,89.588,0.0,-12200.0,31381.709874092867
24-03-2040 02:00:00,51659.40334128331,0.5408124806540165,18.46157034195494,311.79900000000004,5058.744000000001,0.0,440.8629,0.0,0.0,0.0,282.2635,89.9365,0.0,-12200.0,29423.127406737938
24-03-2040 03:00:00,54628.12678295799,0.9842787147903099,104.49862737508374,321.379,4948.623,0.0,433.0236000000001,0.0,0.0,0.0,274.8425,89.9035,0.0,-12200.0,28647.224702307685
24-03-2040 04:00:00,54281.2162627609,4.95384232279079,139.5449148271,318.665,4784.44,0.0,433.92660000000006,0.0,0.0,0.0,274.197,89.57,0.0,-12200.0,28309.102622800998
24-03-2040 05:00:00,55363.31594371462,2.823041149013966,139.15024942788295,318.21299999999997,4656.018,0.0,432.93360000000007,0.0,0.0,0.0,275.889,90.493,0.0,-12200.0,28158.47316516074
24-03-2040 06:00:00,55838.70510922955,6.468117268622036,136.09817034046864,325.751,4495.798,0.0,428.5090500000001,0.0,0.0,0.0,274.3685,89.8175,0.0,-12200.0,28668.41850150062
24-03-2040 07:00:00,57303.22011076624,848.4374358996341,139.9483505685348,329.087,4490.175,0.0,429.7213500000001,0.0,0.0,0.0,274.284,89.09700000000001,0.0,-12200.0,29647.69336758647
24-03-2040 08:00:00,58149.18579577685,9661.91782187317,357.45283725776244,330.847,4568.146,0.0,430.7295000000001,0.0,0.0,0.0,276.7665,88.5735,0.0,-12200.0,32327.340039648578
24-03-2040 09:00:00,60410.52443507985,19616.51254202668,2572.569397685671,328.10900000000004,4850.173,0.0,436.4328000000001,0.0,0.0,0.0,280.7405,89.2535,0.0,-12200.0,35807.0576531186
24-03-2040 10:00:00,61124.201863838,25921.91015146954,7928.889263016259,323.77,5139.246,0.0,435.16170000000005,0.0,0.0,0.0,282.13599999999997,88.988,0.0,-12200.0,38163.86027647146
24-03-2040 11:00:00,60072.89234801191,28396.787041688065,8608.152266809833,329.56800000000004,5339.24,0.0,430.21395000000007,0.0,0.0,0.0,284.7495,89.0885,0.0,-12200.0,38906.61525997141
24-03-2040 12:00:00,59705.935925810474,29351.256172544716,7647.940120814543,337.311,5211.1179999999995,0.0,428.85360000000014,0.0,0.0,0.0,281.033,89.18,0.0,-12200.0,38296.65947499499
24-03-2040 13:00:00,59901.8698242361,28258.62026913057,6195.843332240009,337.97900000000004,5272.28,0.0,426.75495000000006,0.0,0.0,0.0,278.0615,88.2185,0.0,-12200.0,38674.88624584842
24-03-2040 14:00:00,60042.604974175134,25472.27865505379,5519.132498028135,319.212,5069.554,0.0,426.27855000000005,0.0,0.0,0.0,277.443,88.90700000000001,0.0,-12200.0,37772.493677470244
24-03-2040 15:00:00,59349.39888620591,21533.779315942073,5654.765840231732,321.64599999999996,5431.656,0.0,426.93180000000007,0.0,0.0,0.0,273.491,89.147,0.0,-12200.0,35940.27273726535
24-03-2040 16:00:00,58940.61796385495,17411.825567142903,5818.692306389305,325.545,5197.691,0.0,427.39425000000006,0.0,0.0,0.0,274.8345,88.8265,0.0,-12200.0,34925.567243210084
24-03-2040 17:00:00,58871.31398584688,11535.822251089725,5179.4746851047385,323.348,4939.002,0.0,428.8210500000001,0.0,0.0,0.0,270.77299999999997,89.564,0.0,-12200.0,34475.01468895928
24-03-2040 18:00:00,56093.08269378052,4030.3292983267665,4264.912170287542,334.096,5613.9130000000005,0.0,435.6393000000001,0.0,0.0,0.0,272.8795,88.6595,0.0,-12200.0,34753.85855951819
24-03-2040 19:00:00,52773.03963905035,170.60470514711602,3084.9327893140726,361.708,6930.905,0.0,446.6638500000001,0.0,0.0,0.0,275.1475,89.8295,0.0,-12200.0,36748.46683999205
24-03-2040 20:00:00,50904.65173168663,4.326499845232132,2015.0738250692375,369.20300000000003,7662.679,0.0,462.99360000000013,0.0,0.0,0.0,296.832,89.81200000000001,0.0,-12200.0,38954.35840873079
24-03-2040 21:00:00,49108.50332994457,3.6991573676734726,1625.0216258346918,375.05400000000003,7559.116,0.0,469.14495000000005,0.0,0.0,0.0,295.153,89.384,0.0,-12200.0,38937.07534796092
24-03-2040 22:00:00,47325.025268732374,2.2822286683599495,1119.5868045483949,379.30699999999996,6996.036,0.0,468.2347500000001,0.0,0.0,0.0,302.342,89.427,0.0,-12200.0,37097.051158455135
24-03-2040 23:00:00,45371.30207643255,1.4926424466050854,769.8869498000131,380.26800000000003,6627.272,0.0,467.2525500000001,0.0,0.0,0.0,303.5135,89.9955,0.0,-12200.0,34471.82114864139
25-03-2040 00:00:00,42738.37359980149,0.7355049736894624,482.1934144425031,381.001,6022.665,0.0,469.05135000000007,0.0,0.0,0.0,313.096,93.945,0.0,-12200.0,31636.533187989353
25-03-2040 01:00:00,40918.38128799638,2.8987548963055283,124.31960075887037,378.39300000000003,5473.269,0.0,471.50865,0.0,0.0,0.0,312.6755,94.9165,0.0,-12200.0,29072.00945949152
25-03-2040 03:00:00,38919.88646505748,1.276317454343479,70.48724030327867,380.69599999999997,4949.724,0.0,471.52935000000014,0.0,0.0,0.0,312.705,94.93700000000001,0.0,-12200.0,27545.29147667395
25-03-2040 04:00:00,36381.699338127066,4.467111090202176,55.51626615898567,376.57800000000003,5220.840999999999,0.0,473.7343500000001,0.0,0.0,0.0,315.0855,96.2045,0.0,-12200.0,26444.881553032257
25-03-2040 05:00:00,34694.65277887787,1.3628474512481215,68.08416653904715,370.32800000000003,5201.791,0.0,473.92665000000005,0.0,0.0,0.0,313.1845,96.1805,0.0,-12200.0,26161.64186815341
25-03-2040 06:00:00,31858.159579075946,2.271412418746869,71.27657110174187,382.11,6230.090999999999,0.0,472.48665,0.0,0.0,0.0,312.0205,95.9045,0.0,-12200.0,26429.140765781052
25-03-2040 07:00:00,29522.20284458294,44.2600934167247,78.66996958074742,384.76300000000003,6691.875,0.0,472.52475000000004,0.0,0.0,0.0,317.4645,96.0025,0.0,-10916.75089790178,27196.200506852343
25-03-2040 08:00:00,28948.432893946563,584.6831890846703,78.80152471381007,390.024,6689.960999999999,0.0,472.7118000000001,0.0,0.0,0.0,319.52,96.34200000000001,0.0,-10617.585663572147,27499.479703724763
25-03-2040 09:00:00,28816.20265207381,5546.67014783411,117.50504486542195,391.52099999999996,6779.438,0.0,473.77875000000006,0.0,0.0,0.0,314.3165,96.6655,0.0,-12200.0,29492.829911588826
25-03-2040 10:00:00,28475.901903538946,13525.374021169335,207.19056425589952,389.61300000000006,6861.12,0.0,475.2066000000001,0.0,0.0,0.0,313.5945,95.9045,0.0,-12200.0,32201.60643283127
25-03-2040 11:00:00,28435.678600269577,19556.687865416734,580.3686250876053,393.19800000000004,6337.621,0.0,476.22015000000005,0.0,0.0,0.0,307.8275,93.7515,0.0,-12200.0,34077.00842762445
25-03-2040 12:00:00,28882.551764341704,24022.89039065141,637.1653612085793,382.727,5750.389,0.0,475.86045,0.0,0.0,0.0,308.819,96.345,0.0,-12200.0,34517.22856767962
25-03-2040 13:00:00,28283.59197003288,25267.73255862083,522.7737878260086,387.282,5924.312,0.0,475.08720000000005,0.0,0.0,0.0,304.6465,93.3695,0.0,-12200.0,34595.18666254505
25-03-2040 14:00:00,29653.044608967837,24408.889890593407,967.9914395313244,388.974,5690.177,0.0,475.23495,0.0,0.0,0.0,301.6805,90.7515,0.0,-12200.0,34529.87104423684
25-03-2040 15:00:00,31396.24908778158,21754.041423062845,3033.792923915491,388.708,4943.635,0.0,472.8336000000001,0.0,0.0,0.0,303.7735,91.1655,0.0,-12200.0,33128.085400229036
25-03-2040 16:00:00,33956.86070628468,18976.277094929228,4192.337588539434,379.814,4848.629,0.0,472.5700500000001,0.0,0.0,0.0,304.3825,91.0505,0.0,-12200.0,31840.225633653536
25-03-2040 17:00:00,35408.99543919008,16821.247522019105,6417.426028054644,369.89599999999996,4908.157,0.0,472.2156000000001,0.0,0.0,0.0,307.28700000000003,90.681,0.0,-12200.0,31137.20595471689
25-03-2040 18:00:00,34614.585199619934,12100.36558339484,7914.435739062086,381.149,5026.795,0.0,474.33540000000005,0.0,0.0,0.0,305.472,90.67299999999999,0.0,-12200.0,31074.10554113705
25-03-2040 19:00:00,31028.085966482053,5107.238374803495,8362.907187725534,373.602,6464.4169999999995,0.0,478.1527500000001,0.0,0.0,0.0,306.2375,90.0275,0.0,-12200.0,32023.005877098647
25-03-2040 20:00:00,26048.66147637635,289.9944683762967,4759.805040243198,377.42900000000003,7848.8859999999995,0.0,483.54900000000004,0.0,0.0,0.0,310.0175,90.6215,0.0,-6687.420857815734,34843.883661299406
25-03-2040 21:00:00,24387.717520373786,5.6028172995756105,2453.7312608050706,384.17800000000005,8544.715,186.22408026384073,486.90660000000014,0.0,0.0,0.0,312.0115,91.6095,0.0,0.0,37933.71631479976
25-03-2040 22:00:00,26002.403699530674,2.8137083553643087,1733.2564189891855,379.315,8032.2390000000005,0.0,488.65500000000003,0.0,0.0,0.0,318.0055,90.3905,0.0,-954.6374946430951,37020.19118019057
25-03-2040 23:00:00,28563.63913639349,0.6369229719446764,1112.4038942823245,378.291,6582.797,0.0,486.85695000000004,0.0,0.0,0.0,312.5785,89.3945,0.0,-3445.022532279607,34846.63155673656
26-03-2040 00:00:00,28848.975565576355,0.6705332816161118,686.7002539835812,367.26,5491.308000000001,0.0,481.29645000000005,0.0,0.0,0.0,308.4015,89.3615,0.0,-4867.72740079715,32038.976554613848
26-03-2040 01:00:00,28543.444061493145,6.5654212317233425,244.16632699305774,365.125,4918.645,0.0,483.00570000000005,0.0,0.0,0.0,306.8275,91.2535,0.0,-6036.378762505032,29440.594974904176
26-03-2040 02:00:00,28430.872154147928,0.6706072262043173,72.02205018920358,367.769,4804.023,0.0,483.3307500000001,0.0,0.0,0.0,309.5215,90.5305,0.0,-7168.32004770204,27859.375515954434
26-03-2040 03:00:00,29436.63875976071,2.3146773692339306,71.96065779376659,369.11300000000006,4550.042,0.0,484.0890000000001,0.0,0.0,0.0,308.142,91.35799999999999,0.0,-8796.546122191103,26973.32449983773
26-03-2040 04:00:00,29835.302549150616,6.003018528190989,70.05749353521969,345.215,4509.569,0.0,477.47115,0.0,0.0,0.0,302.9985,90.7175,0.0,-9162.4330508653,26930.085414697332
26-03-2040 05:00:00,31326.156112185552,2.206514920925835,74.85487072146498,331.82800000000003,4705.048,0.0,479.96895,0.0,0.0,0.0,307.0805,89.9365,0.0,-10110.74647071219,27677.812054149366
26-03-2040 06:00:00,32521.144042722168,4.218337349086208,69.04013383941492,336.481,5158.191,0.0,491.33850000000007,0.0,0.0,0.0,310.133,90.204,0.0,-8804.74483062594,30711.306713340608
26-03-2040 07:00:00,31445.990616942898,51.96126314122682,96.42114220408257,348.208,6795.456,0.0,506.45745000000005,0.0,0.0,0.0,307.223,91.005,0.0,-4863.857417959451,35419.991266822646
26-03-2040 08:00:00,31055.88645724133,1796.7088557279783,160.5235733819718,364.54699999999997,8215.116,0.0,524.1973500000001,0.0,0.0,0.0,311.332,91.852,0.0,-4586.583037222481,38656.275550204395
26-03-2040 09:00:00,30356.693285285834,12735.831064412918,536.6396988524357,379.17199999999997,8733.378,0.0,525.76725,0.0,0.0,0.0,310.0075,89.9135,0.0,-12200.0,41209.49448076857
26-03-2040 10:00:00,30307.752354557888,24080.378757344934,7861.24361358746,386.096,8565.681999999999,0.0,521.3526,0.0,0.0,0.0,294.7875,88.1815,0.0,-12200.0,42308.245325805976
26-03-2040 11:00:00,30822.165859494737,31817.696388065044,16072.765924508858,375.569,7885.340999999999,0.0,519.384,0.0,0.0,0.0,289.6825,88.9555,0.0,-12200.0,42554.32388189314
26-03-2040 12:00:00,30005.226702468415,35570.23194757907,17664.08312524893,377.87,7908.684,0.0,518.0679,0.0,0.0,0.0,286.01099999999997,89.87,0.0,-12200.0,42109.781953671045
26-03-2040 13:00:00,31047.748973580277,36989.04267432526,17624.300853006076,377.48800000000006,7370.467,0.0,517.0326000000001,0.0,0.0,0.0,290.129,89.94,0.0,-12200.0,41285.0755549431
26-03-2040 14:00:00,31760.908140546293,36560.12429591856,17406.568337419536,381.855,6955.624,0.0,513.7002,0.0,0.0,0.0,298.376,90.869,0.0,-12200.0,40015.514383798836
26-03-2040 15:00:00,33957.61876084629,34125.721811752184,17583.799412702443,382.45099999999996,6872.423000000001,0.0,517.3374,0.0,0.0,0.0,303.149,88.603,0.0,-12200.0,38809.12132854518
26-03-2040 16:00:00,35258.169654805875,29885.69788217664,17638.482496351906,370.17400000000004,6969.948,0.0,515.4495000000001,0.0,0.0,0.0,310.0125,89.8395,0.0,-12200.0,37935.19534989634
26-03-2040 17:00:00,37562.16046607568,24659.37259913312,17461.970589129836,372.366,6550.186,0.0,516.6631500000001,0.0,0.0,0.0,312.699,90.975,0.0,-12200.0,37436.48673718866
26-03-2040 18:00:00,38268.47006860996,17249.127540462952,17231.538618030143,390.418,6237.951999999999,0.0,519.0447,0.0,0.0,0.0,311.4605,90.2755,0.0,-12200.0,36792.80813363122
26-03-2040 19:00:00,37434.79569684839,7116.659595422334,14882.09549638725,383.11,6456.398,0.0,518.8273500000001,0.0,0.0,0.0,316.329,91.031,0.0,-12200.0,37183.225040328245
26-03-2040 20:00:00,33919.00825733301,397.0212582977265,8078.406056930689,387.82800000000003,8201.836,0.0,522.009,0.0,0.0,0.0,315.358,91.742,0.0,-12200.0,39170.49691985286
26-03-2040 21:00:00,32921.501277255025,7.441579733799266,5330.02637939938,394.67400000000004,8479.131,0.0,527.62815,0.0,0.0,0.0,315.2565,88.8735,0.0,-7943.262821627217,41573.51604205658
26-03-2040 22:00:00,31383.447247991036,3.720789866899633,5177.887253165594,385.94300000000004,7620.975,0.0,524.8359,0.0,0.0,0.0,316.249,89.41799999999999,0.0,-8115.219409189111,38728.787700951725
26-03-2040 23:00:00,28935.766421042023,2.704062403270082,5118.222615143546,392.43199999999996,6373.411999999999,0.0,519.585,0.0,0.0,0.0,311.1425,92.8395,0.0,-7219.307127744891,35754.04041995306
27-03-2040 00:00:00,27667.72678547498,0.5624449798801772,5107.084280542913,376.796,5463.718000000001,0.0,501.5506500000001,0.0,0.0,0.0,312.6315,94.1635,0.0,-7532.84168669955,33132.62145504982
27-03-2040 01:00:00,26570.349984529512,9.712992152546136,5088.736724649614,381.655,5195.097,0.0,497.13855000000007,0.0,0.0,0.0,314.3025,94.2595,0.0,-8538.835548748568,30692.675558207062
27-03-2040 02:00:00,26282.633469768734,0.45428248374937386,4850.358823511982,376.96,4934.959,0.0,498.5331000000001,0.0,0.0,0.0,318.7225,95.2685,0.0,-9331.852801418048,29049.4869094523
27-03-2040 03:00:00,29007.78933964609,2.704062403270082,4401.212058498728,376.14099999999996,4794.48,0.0,496.38390000000004,0.0,0.0,0.0,315.6355,95.0345,0.0,-12200.0,28218.37073865474
27-03-2040 04:00:00,30728.42235712521,5.819142291837217,3367.258875242027,370.24699999999996,4818.144,0.0,494.8620000000001,0.0,0.0,0.0,313.0665,95.2365,0.0,-12200.0,27931.85046762991
27-03-2040 05:00:00,32370.082333310347,2.184882421842226,1526.311424315034,370.38800000000003,4959.766,0.0,494.5446000000001,0.0,0.0,0.0,314.645,94.935,0.0,-12200.0,28391.227757694505
27-03-2040 06:00:00,31672.815238761046,4.088542353744364,389.9908068391087,370.602,6247.228,0.0,499.42800000000005,0.0,0.0,0.0,319.5575,94.0215,0.0,-9028.101304721782,31151.63435871339
27-03-2040 07:00:00,30763.219382078532,56.62306672447553,402.6902623522619,371.153,8116.003000000001,0.0,511.99275000000006,0.0,0.0,0.0,316.8095,92.7755,0.0,-5593.174408038336,35721.28775316575
27-03-2040 08:00:00,30324.78537644235,2005.2136995193493,467.283832693618,379.728,8533.097,0.0,517.248,0.0,0.0,0.0,308.1545,94.9055,0.0,-4944.793070731372,38442.78672896984
27-03-2040 09:00:00,28604.58553299844,13270.954197770461,1056.422799986467,375.256,8785.374,0.0,512.4552000000001,0.0,0.0,0.0,307.2555,94.9335,0.0,-12200.0,40651.71151002684
27-03-2040 10:00:00,27971.08010938172,23837.813543521996,11195.517231795704,367.94800000000004,8436.966999999999,0.0,511.8033000000001,0.0,0.0,0.0,303.3105,95.2645,0.0,-12200.0,41444.08596347002
27-03-2040 11:00:00,28928.657725714223,30782.711095088613,17917.74773285023,362.226,8117.571999999999,0.0,510.8605500000001,0.0,0.0,0.0,290.1965,96.3825,0.0,-12200.0,41414.89882771906
27-03-2040 12:00:00,30154.89993450895,35623.988708156074,18523.7959199147,367.3,7037.51,0.0,512.0422500000001,0.0,0.0,0.0,275.6105,96.8295,0.0,-12200.0,40673.889968651514
27-03-2040 13:00:00,31063.996867525908,38237.94093589958,18543.4590271388,376.022,7035.904,0.0,511.6870500000001,0.0,0.0,0.0,286.8785,96.7255,0.0,-12200.0,40148.00445803535
27-03-2040 14:00:00,31793.044239283332,38838.534828165095,18803.578606603143,358.625,6758.089,0.0,510.2152500000001,0.0,0.0,0.0,286.7795,95.7395,0.0,-12200.0,38966.625546653115
27-03-2040 15:00:00,31997.8466025548,37209.31559769564,18760.14787200294,376.036,6817.979,0.0,507.8215500000001,0.0,0.0,0.0,284.5015,95.1425,0.0,-12200.0,37853.123409675594
27-03-2040 16:00:00,32442.21741304853,34163.28664665842,18688.590649950638,373.082,6675.161,0.0,512.1429,0.0,0.0,0.0,282.8465,94.8105,0.0,-12200.0,37059.50799519563
27-03-2040 17:00:00,33057.89695159135,28395.359296739134,18676.610362498293,378.587,6458.536,0.0,514.7788500000001,0.0,0.0,0.0,304.414,95.62200000000001,0.0,-12200.0,36491.70471047101
27-03-2040 18:00:00,32338.936346653783,19989.251319943043,18650.115158696368,384.413,6030.396,0.0,516.4036500000001,0.0,0.0,0.0,305.8365,95.3585,0.0,-12200.0,35773.146979224744
27-03-2040 19:00:00,29193.450825236774,8296.247329476035,16147.96283857635,387.996,6760.25,0.0,521.9548500000001,0.0,0.0,0.0,307.7375,94.2825,0.0,-12200.0,35721.19326752324
27-03-2040 20:00:00,26658.89539847654,524.0905587521943,8969.709624219657,386.14099999999996,7803.214,0.0,527.9115,0.0,0.0,0.0,310.1065,97.0435,0.0,-9553.969746389903,37574.96660597364
27-03-2040 21:00:00,27766.16558497614,8.187900957101808,5916.472851635219,381.134,8015.609,0.0,532.7547000000001,0.0,0.0,0.0,313.9885,97.5205,0.0,-4317.380117048309,40223.144723208534
27-03-2040 22:00:00,28768.584449203365,3.4720161257987856,5611.878866848245,380.04900000000004,7145.783,0.0,532.3219500000001,0.0,0.0,0.0,314.20799999999997,98.47,0.0,-6658.6780293436095,37577.67990627399
27-03-2040 23:00:00,29394.66789984182,3.818136113417356,5584.708346696483,377.83,6783.182,0.0,525.2977500000001,0.0,0.0,0.0,299.78,97.727,0.0,-9388.069677369076,34956.82301934637
28-03-2040 00:00:00,29616.820430273514,0.49754748220169515,5615.9570759736525,379.245,5777.578,0.0,511.06905000000006,0.0,0.0,0.0,293.807,95.721,0.0,-10963.947764051663,32525.150196081926
28-03-2040 01:00:00,30064.749456056463,9.55074840834993,5580.0776060121425,379.94599999999997,5329.757,0.0,507.8118000000001,0.0,0.0,0.0,291.5405,94.8465,0.0,-12200.0,30367.9700679427
28-03-2040 02:00:00,30489.685449345525,0.6381587271717395,5544.4700166589755,364.931,4837.234,0.0,506.2449000000001,0.0,0.0,0.0,292.218,95.665,0.0,-12200.0,28657.11184361335
28-03-2040 03:00:00,31628.016534744776,2.595899907139279,5257.758759628428,352.181,4580.289000000001,0.0,504.64710000000014,0.0,0.0,0.0,291.882,96.824,0.0,-12200.0,27826.54733505128
28-03-2040 04:00:00,31788.956159326055,6.176078529068869,4629.960123895027,350.45,4556.316,0.0,504.9136500000001,0.0,0.0,0.0,289.3185,96.4515,0.0,-12200.0,27397.64724454925
28-03-2040 05:00:00,31227.048215528826,2.401207414103833,2619.8853938827815,355.23699999999997,4778.165,0.0,507.2775000000001,0.0,0.0,0.0,295.0495,95.9355,0.0,-12200.0,27967.760219644693
28-03-2040 06:00:00,30677.172454084586,4.250786097940569,1086.7769543587056,366.542,5797.249,0.0,511.39710000000014,0.0,0.0,0.0,298.153,95.26799999999999,0.0,-9081.284052695992,30413.090310146283
28-03-2040 07:00:00,30352.27258955152,55.48736051510209,437.66638706662343,376.24800000000005,6935.344,0.0,524.50665,0.0,0.0,0.0,308.0415,93.5945,0.0,-5180.352769238754,34581.85265524225
28-03-2040 08:00:00,29453.48674562265,2537.0703254937353,442.76195588786504,387.76199999999994,7841.816999999999,0.0,529.3863000000001,0.0,0.0,0.0,321.0455,94.0425,0.0,-5268.3340714659025,37087.8142569253
28-03-2040 09:00:00,25986.419782192304,14914.342715233042,1249.9667117710633,388.69199999999995,8264.287,0.0,530.90025,0.0,0.0,0.0,316.4125,94.8925,0.0,-12200.0,39144.38540336202
28-03-2040 10:00:00,23222.827451940804,26067.085853776305,12287.389754975622,391.798,7749.604,0.0,527.3094,0.0,0.0,0.0,311.4535,95.3275,0.0,-12200.0,39494.420485627044
28-03-2040 11:00:00,24052.38667036789,33044.161747941835,18572.5853336023,392.10400000000004,7332.272,0.0,523.6851000000001,0.0,0.0,0.0,304.625,95.975,0.0,-12200.0,39351.51615923681
28-03-2040 12:00:00,26711.25917760769,37042.38841741698,18458.790143489692,384.486,7064.445,0.0,523.5798000000001,0.0,0.0,0.0,305.1185,95.2735,0.0,-12200.0,38887.222639837215
28-03-2040 13:00:00,29949.556103693474,38836.393210741706,18360.81665071528,351.77099999999996,5953.170999999999,0.0,518.9916000000002,0.0,0.0,0.0,308.1,95.34200000000001,0.0,-12200.0,38454.223211617864
28-03-2040 14:00:00,30163.42031307649,38958.47622012455,18518.191671245586,369.397,5724.953,0.0,516.8043000000001,0.0,0.0,0.0,302.9985,95.3755,0.0,-12200.0,37347.929510782466
28-03-2040 15:00:00,29210.932491657695,37413.99148912397,18621.848345768987,372.602,5660.505999999999,0.0,516.6513000000001,0.0,0.0,0.0,305.0305,94.3385,0.0,-12200.0,36128.183848690045
28-03-2040 16:00:00,29443.999460726514,33965.30601374059,18701.95665147138,398.961,5640.63,0.0,503.4183000000001,0.0,0.0,0.0,304.046,95.411,0.0,-12200.0,35359.27940564598
28-03-2040 17:00:00,29781.821061434868,27491.83470156008,18458.360396721633,395.94599999999997,5839.6359999999995,0.0,504.30825000000004,0.0,0.0,0.0,289.5145,95.8895,0.0,-12200.0,35010.00095250228
28-03-2040 18:00:00,29311.266427562896,18012.614151901453,17374.60044008153,398.42199999999997,6473.076999999999,0.0,511.0240500000001,0.0,0.0,0.0,290.078,95.469,0.0,-12200.0,34258.213290376945
28-03-2040 19:00:00,28378.31011398163,6679.142298573234,12994.103929871519,393.168,6705.805,0.0,517.2157500000001,0.0,0.0,0.0,299.368,95.545,0.0,-12200.0,34287.33197983571
28-03-2040 20:00:00,26664.878614837853,332.0588631215661,7935.300383168273,407.42699999999996,7234.81,0.0,524.8101000000001,0.0,0.0,0.0,315.85400000000004,95.845,0.0,-9341.588676864765,35860.291756873004
28-03-2040 21:00:00,26293.489894026145,9.702175902933055,5719.648831865867,419.899,7752.84,0.0,532.065,0.0,0.0,0.0,318.6865,95.5535,0.0,-4653.647649959057,37936.99876089937
28-03-2040 22:00:00,27919.03347552634,3.7316061165127135,5554.222637191182,411.67800000000005,7145.259,0.0,528.6897,0.0,0.0,0.0,317.3395,96.4185,0.0,-7740.892836545951,35585.942650165125
28-03-2040 23:00:00,28590.35267184158,3.634259869994991,5536.822278256033,414.905,7078.496,0.0,518.1232500000001,0.0,0.0,0.0,315.2545,95.9055,0.0,-10593.213625511537,33221.93047469802
29-03-2040 00:00:00,28474.38966204103,0.35693623723165085,5531.402206773229,397.83099999999996,6854.483,0.0,493.93560000000014,0.0,0.0,0.0,301.6965,96.4915,0.0,-12200.0,30996.051844657
29-03-2040 01:00:00,26632.150769427717,8.588102192785781,4913.461435678473,387.35,6391.821,0.0,487.79625000000004,0.0,0.0,0.0,303.905,96.264,0.0,-11566.334138743168,28715.53186997367
29-03-2040 02:00:00,26241.67145006431,0.5299962310409362,3382.13337562207,383.709,6212.194,0.0,483.0955500000001,0.0,0.0,0.0,301.8585,95.7945,0.0,-10904.414757623283,27051.9990488269
29-03-2040 03:00:00,25972.32615554676,2.5201861598477167,2494.1537680288893,384.44199999999995,5661.045999999999,0.0,475.71090000000004,0.0,0.0,0.0,293.9135,96.0515,0.0,-9844.966988642867,26274.853151415587
29-03-2040 04:00:00,27847.691258977604,4.423846091749854,1375.312442567927,384.74699999999996,5389.318,0.0,471.00015,0.0,0.0,0.0,291.3355,95.6835,0.0,-10733.950894699858,25733.517378299348
29-03-2040 05:00:00,28862.99705075229,1.5683561938966477,1139.302533825714,385.324,5298.217,0.0,469.2928500000001,0.0,0.0,0.0,289.9875,96.1105,0.0,-11427.441687739523,25704.651642529127
29-03-2040 06:00:00,29527.536299891446,2.4552886621692345,581.605243338563,387.7,5474.406,0.0,474.0225000000001,0.0,0.0,0.0,293.944,96.279,0.0,-10630.059894308706,26767.60321679513
29-03-2040 07:00:00,29884.212574007313,52.97799060486745,412.1973133026913,392.289,5107.873,0.0,477.81465000000003,0.0,0.0,0.0,292.143,95.803,0.0,-8701.738495791407,28597.91026475358
29-03-2040 08:00:00,28730.055165821686,1871.7087305450987,363.96920151624363,400.023,5054.799,0.0,486.18360000000007,0.0,0.0,0.0,293.0345,96.0035,0.0,-8408.772403640021,29516.989220789248
29-03-2040 09:00:00,27355.97684701075,10577.123966634348,451.0060775607708,408.223,5632.3369999999995,0.0,487.4680500000001,0.0,0.0,0.0,298.214,95.804,0.0,-12200.0,31951.883483675443
29-03-2040 10:00:00,28006.588777392888,18347.712381164292,3410.1107672566723,403.897,6006.052,0.0,489.5575500000001,0.0,0.0,0.0,286.268,95.541,0.0,-12200.0,33609.689879702426
29-03-2040 11:00:00,28637.108394266917,24188.627783472642,6799.128861509846,393.869,6030.47,0.0,487.32645,0.0,0.0,0.0,290.4725,93.8905,0.0,-12200.0,34305.40440491015
29-03-2040 12:00:00,29908.106763199445,28847.662406809315,7290.890719298215,379.69699999999995,5722.161,0.0,480.88050000000004,0.0,0.0,0.0,294.5535,95.5675,0.0,-12200.0,34019.74343244494
29-03-2040 13:00:00,31481.68879860117,32729.592760444622,8785.839399887423,375.785,5441.928000000001,0.0,474.4818000000001,0.0,0.0,0.0,297.936,95.09299999999999,0.0,-12200.0,33797.95326633747
29-03-2040 14:00:00,34170.674636538606,35046.93097504863,10560.50060442742,380.903,4891.67,0.0,465.5862000000001,0.0,0.0,0.0,287.842,88.52799999999999,0.0,-12200.0,33232.2052303323
29-03-2040 15:00:00,35908.824129066474,34085.61515818689,12168.104330642556,349.374,4546.2,0.0,451.1695500000001,0.0,0.0,0.0,287.4905,87.4875,0.0,-12200.0,31761.336074029125
29-03-2040 16:00:00,36959.286634948716,30907.87673561117,13472.043728344463,325.348,4545.173,0.0,436.66965000000005,0.0,0.0,0.0,282.744,87.999,0.0,-12200.0,30893.54571029037
29-03-2040 17:00:00,38966.939994632026,25008.586034141033,14298.560777763545,325.411,4391.611,0.0,435.11025000000006,0.0,0.0,0.0,266.6085,87.7335,0.0,-12200.0,30468.965176010974
29-03-2040 18:00:00,40717.02497888002,16671.799401115175,14963.036984599137,324.77299999999997,4143.246,0.0,437.4103500000001,0.0,0.0,0.0,257.166,87.2,0.0,-12200.0,30286.75668230012
29-03-2040 19:00:00,41220.81798470362,6553.760333058408,12728.801078163873,325.496,5721.681,0.0,438.5236500000001,0.0,0.0,0.0,235.857,87.314,0.0,-12200.0,30694.35100440296
29-03-2040 20:00:00,39446.74212063064,367.2657556121426,6384.142579385865,324.806,6401.724,0.0,449.7304500000001,0.0,0.0,0.0,235.483,87.64399999999999,0.0,-12200.0,32531.19876516391
29-03-2040 21:00:00,39166.98904639213,10.45931337584868,3355.6995642155525,322.20099999999996,6615.469,0.0,448.9221000000001,0.0,0.0,0.0,240.8715,87.6925,0.0,-12200.0,34774.91472214529
29-03-2040 22:00:00,41656.823121642396,4.369764843684452,2453.0822554818587,318.041,5803.138000000001,0.0,445.9842000000001,0.0,0.0,0.0,242.4585,87.9735,0.0,-12200.0,33206.64128417901
29-03-2040 23:00:00,43930.75474896897,2.62834865597852,1501.6141406651586,316.35400000000004,5304.481,0.0,432.47670000000005,0.0,0.0,0.0,225.49599999999998,88.384,0.0,-12200.0,31650.305772349227
30-03-2040 00:00:00,43152.936621997425,0.5299962310409362,588.2970144411374,313.138,5641.664000000001,0.0,378.10845000000006,0.0,0.0,0.0,223.518,88.696,0.0,-12200.0,29843.536809091376
30-03-2040 01:00:00,44096.16534841364,8.090554710584087,306.71640760064474,307.024,4686.976,0.0,376.50525000000005,0.0,0.0,0.0,214.993,88.37100000000001,0.0,-12200.0,27732.01556571605
30-03-2040 02:00:00,42869.110938302896,0.3677524868447312,74.2847984781256,306.42400000000004,4442.819,0.0,376.7028000000001,0.0,0.0,0.0,190.477,88.064,0.0,-12200.0,26043.362211352392
30-03-2040 03:00:00,41260.81696570478,1.7089674388666922,74.39881292681093,305.711,4410.217000000001,0.0,378.6081000000001,0.0,0.0,0.0,194.665,88.751,0.0,-12200.0,24975.601541078282
30-03-2040 04:00:00,40843.28360726739,4.185888600262087,79.21373079746263,298.402,4359.887,0.0,378.65520000000004,0.0,0.0,0.0,198.2035,88.5745,0.0,-12200.0,24458.98938708235
30-03-2040 05:00:00,39996.42063318385,2.3795749148776726,76.16165171004832,300.407,4526.202,0.0,379.1763000000001,0.0,0.0,0.0,197.607,88.545,0.0,-12200.0,24189.83066686899
30-03-2040 06:00:00,41248.76544522521,2.0118224280329415,139.47475208947435,299.378,4659.901,0.0,379.0284000000001,0.0,0.0,0.0,198.32299999999998,87.999,0.0,-12200.0,24830.938070580523
30-03-2040 07:00:00,40886.372820894714,47.71047704329734,213.86479467406753,305.135,5130.4220000000005,0.0,381.94245000000006,0.0,0.0,0.0,196.0795,86.7435,0.0,-12200.0,25794.77792578575
30-03-2040 08:00:00,40567.63408348743,1679.860911157893,211.25123269690084,310.73900000000003,5607.236,0.0,384.40740000000005,0.0,0.0,0.0,193.4825,87.2415,0.0,-12200.0,26168.517372602517
30-03-2040 09:00:00,40592.37528262342,9712.591951310453,293.1925399201864,308.05400000000003,5985.024,0.0,383.71110000000004,0.0,0.0,0.0,194.753,88.0,0.0,-12200.0,28214.041510673433
30-03-2040 10:00:00,41812.09667513812,18075.889212137972,2795.108060800674,310.818,5979.02,0.0,382.5921000000001,0.0,0.0,0.0,196.19799999999998,88.14299999999999,0.0,-12200.0,30200.7580080554
30-03-2040 11:00:00,43806.329374980596,23710.279144334163,5054.304361151968,311.178,5251.378000000001,0.0,375.83925000000005,0.0,0.0,0.0,195.9305,87.5045,0.0,-12200.0,31363.98265640517
30-03-2040 12:00:00,42281.86231344596,27342.754333143,4256.606656219228,310.754,5303.616,0.0,373.24500000000006,0.0,0.0,0.0,194.4695,87.9395,0.0,-12200.0,31443.423506274343
30-03-2040 13:00:00,45022.28370043911,29013.507962126678,4306.027534545574,315.377,5147.407,0.0,372.0477,0.0,0.0,0.0,191.415,88.57799999999999,0.0,-12200.0,31500.28749545937
30-03-2040 14:00:00,45596.65313299922,29252.557894825364,4816.470221231051,308.1,4839.359,0.0,364.29480000000007,0.0,0.0,0.0,191.9225,87.7265,0.0,-12200.0,30983.72928011764
30-03-2040 15:00:00,46854.70656000458,27454.129255408887,6901.154252383043,306.778,4545.066,0.0,368.18610000000007,0.0,0.0,0.0,189.53900000000002,85.51100000000001,0.0,-12200.0,29621.214696256524
30-03-2040 16:00:00,46479.37672899754,23333.376110316767,5598.47778395866,311.524,4531.188,0.0,367.81200000000007,0.0,0.0,0.0,191.6365,87.9925,0.0,-12200.0,28646.908138206287
30-03-2040 17:00:00,47081.82512133992,18854.442859287494,4557.780207546166,313.578,4698.527,0.0,368.51655000000005,0.0,0.0,0.0,188.4285,87.9055,0.0,-12200.0,28339.258422382816
30-03-2040 18:00:00,49839.90221789313,13210.978093665928,4783.791926174425,313.029,4601.998,0.0,364.67400000000004,0.0,0.0,0.0,197.75900000000001,88.523,0.0,-12200.0,28507.98560046635
30-03-2040 19:00:00,49811.4867747085,4467.7925139278,3690.4898372150783,312.809,4970.095,0.0,364.8556500000001,0.0,0.0,0.0,199.9975,88.1505,0.0,-12200.0,29173.36279462166
30-03-2040 20:00:00,49628.06464417485,185.6284758596846,1976.7825110012782,314.765,5367.383000000001,0.0,365.3607,0.0,0.0,0.0,195.5835,88.0795,0.0,-12200.0,31249.921002360636
30-03-2040 21:00:00,50763.28229119604,8.620550941625023,858.4761764148425,316.718,6047.956999999999,0.0,363.1998000000001,0.0,0.0,0.0,191.0505,87.1365,0.0,-12200.0,33948.54850083162
30-03-2040 22:00:00,49996.935540906896,1.8171299349974954,340.15772242911044,316.997,5868.07,0.0,363.2911500000001,0.0,0.0,0.0,191.025,85.83200000000001,0.0,-12200.0,32932.02025225594
30-03-2040 23:00:00,47155.120488672415,3.980379857613561,0.0,313.75,5676.018,0.0,365.33325,0.0,0.0,0.0,184.46400000000003,84.385,0.0,-12200.0,31376.28773738076
31-03-2040 00:00:00,49377.45025905474,0.3893849860708919,0.0,313.813,4814.944,0.0,356.6790000000001,0.0,0.0,0.0,185.30700000000002,84.87,0.0,-12200.0,29386.025424470532
31-03-2040 01:00:00,49116.38555033525,8.793610935434307,0.0,308.903,4381.036,0.0,357.37620000000004,0.0,0.0,0.0,193.6685,85.7195,0.0,-12200.0,27261.832317271244
31-03-2040 02:00:00,46184.30399088885,1.0275437132426313,0.0,310.107,4223.457,0.0,355.40145,0.0,0.0,0.0,197.204,86.212,0.0,-12200.0,25669.626112452093
31-03-2040 03:00:00,41332.29454913951,1.8171299349974954,0.0,306.66900000000004,4509.0070000000005,0.0,356.91300000000007,0.0,0.0,0.0,196.89700000000002,87.262,0.0,-12200.0,24592.68396726522
31-03-2040 04:00:00,42080.39384319549,5.948937287194182,0.0,304.846,4268.689,0.0,357.69975000000005,0.0,0.0,0.0,198.18900000000002,88.133,0.0,-12200.0,24099.062327632324
31-03-2040 05:00:00,40527.155516947314,2.163249922616066,0.0,309.426,4465.47,0.0,359.6589000000001,0.0,0.0,0.0,197.4135,87.8425,0.0,-12200.0,24174.439922883867
31-03-2040 06:00:00,42678.47955418326,3.147528637406376,0.0,308.4,4704.392,0.0,360.58515000000006,0.0,0.0,0.0,198.7095,87.9765,0.0,-12200.0,25252.69073141826
31-03-2040 07:00:00,43340.34240660488,48.74883700615304,0.0,307.684,4765.463,0.0,354.45645,0.0,0.0,0.0,195.1405,87.2005,0.0,-12200.0,26548.461252612313
31-03-2040 08:00:00,44252.243367974756,1902.9352431780615,0.0,309.175,4848.351,0.0,358.93620000000004,0.0,0.0,0.0,197.34799999999998,88.306,0.0,-12200.0,27720.398295578878
31-03-2040 09:00:00,44475.79211114493,11715.469340913376,230.66877033925266,311.29,5436.999,0.0,360.61275000000006,0.0,0.0,0.0,200.605,87.588,0.0,-12200.0,30516.757055554473
31-03-2040 10:00:00,47075.52862732813,21827.234984194558,4600.789965720498,312.061,5266.596,0.0,358.59015000000005,0.0,0.0,0.0,199.37900000000002,87.76100000000001,0.0,-12200.0,32932.89145451856
31-03-2040 11:00:00,48653.191007436515,28379.091657321056,11684.542742816033,312.765,4911.135,0.0,363.5947500000001,0.0,0.0,0.0,199.2285,87.0575,0.0,-12200.0,33666.296823300996
31-03-2040 12:00:00,46913.33975977033,32478.158221938953,12865.94291922677,312.32,5351.066,0.0,361.71420000000006,0.0,0.0,0.0,192.7555,85.0165,0.0,-12200.0,33457.8678198188
31-03-2040 13:00:00,47057.42814085691,34643.35506948538,13714.482297923125,312.492,4965.811,0.0,360.32040000000006,0.0,0.0,0.0,195.0275,86.9515,0.0,-12200.0,33382.713418998326
31-03-2040 14:00:00,46933.33538264558,34951.975119695395,14172.048591453378,306.982,4856.44,0.0,355.57395,0.0,0.0,0.0,193.4415,84.6095,0.0,-12200.0,32904.52902219039
31-03-2040 15:00:00,47344.37113055481,34424.14213857707,14512.399261410988,306.349,4585.237,0.0,349.65345,0.0,0.0,0.0,194.1325,84.5695,0.0,-12200.0,31504.591056081135
31-03-2040 16:00:00,45949.57781056016,32469.386243502744,14896.066651520145,312.909,4691.712,0.0,349.83135000000004,0.0,0.0,0.0,196.043,85.075,0.0,-12200.0,30506.496807558204
31-03-2040 17:00:00,42891.76748739443,27021.89028837097,16162.819798271958,310.981,4623.863,0.0,351.2724000000001,0.0,0.0,0.0,199.2215,85.6375,0.0,-12200.0,29864.653978196307
31-03-2040 18:00:00,39464.53706470202,18616.680060292765,16250.54076100848,311.097,4609.802,0.0,359.92635000000007,0.0,0.0,0.0,202.81599999999997,85.87200000000001,0.0,-12200.0,29799.685055237696
31-03-2040 19:00:00,31858.79773725282,7507.667018935188,13243.146567130665,311.06,5933.37,0.0,388.5198000000001,0.0,0.0,0.0,204.59099999999998,85.193,0.0,-12200.0,30129.494258159182
31-03-2040 20:00:00,27735.236185337184,510.55943048623084,7256.493437169382,317.04400000000004,6441.6140000000005,0.0,405.0583500000001,0.0,0.0,0.0,228.118,86.991,0.0,-12200.0,31855.324736915398
31-03-2040 21:00:00,25406.59313031363,10.22135588436091,4916.802936058666,330.18199999999996,6462.87,0.0,411.31500000000005,0.0,0.0,0.0,226.13299999999998,88.552,0.0,-4337.962987499981,34840.79576634556
31-03-2040 22:00:00,23408.925979192,4.878128575499229,4709.533438722923,333.01599999999996,6181.746999999999,0.0,410.17680000000007,0.0,0.0,0.0,226.80900000000003,88.641,0.0,-3059.202352182703,33534.41904578706
31-03-2040 23:00:00,22393.75168667801,3.6667086188342313,3933.3230721929285,332.43699999999995,6141.374,0.0,412.24965000000003,0.0,0.0,0.0,225.207,87.941,0.0,-2730.4205617633634,31864.67323566075
01-04-2040 00:00:00,21275.319533521153,1.1897874574388363,3061.1827026223764,338.474,5923.387,0.0,412.5420000000001,0.0,0.0,0.0,206.3655,88.4405,0.0,-2698.9279780873476,29503.019853339316
01-04-2040 01:00:00,21888.1795732098,9.020752177308996,2111.003828109824,325.474,4888.287,0.0,409.0917,0.0,0.0,0.0,207.2565,87.4385,0.0,-3553.1667427655702,27105.988293739752
01-04-2040 02:00:00,21853.76931078791,1.4385611985396838,1561.8927026415768,325.69599999999997,4722.462,0.0,409.66170000000005,0.0,0.0,0.0,211.705,86.76,0.0,-4418.224613236915,25392.48484341152
01-04-2040 03:00:00,21802.16745384368,8.296063453232613,1085.4526326857158,323.27099999999996,4652.835999999999,0.0,410.8543500000001,0.0,0.0,0.0,208.43200000000002,85.67399999999999,0.0,-4777.850436208613,24365.418841763618
01-04-2040 04:00:00,21331.77526023491,1.0383599628557116,899.2582676690945,315.494,4467.273,0.0,408.10005000000007,0.0,0.0,0.0,205.3225,86.4135,0.0,-4328.720870981197,23924.65038738945
01-04-2040 05:00:00,19750.287798690628,8.339328451684933,894.8906372508791,314.191,4736.149,0.0,407.43810000000013,0.0,0.0,0.0,206.9495,87.0985,0.0,-3108.143367803452,23840.013199174267
01-04-2040 06:00:00,19087.129291788697,6.533014766300519,539.7794813619112,313.876,4901.278,0.0,407.2434,0.0,0.0,0.0,210.687,87.729,0.0,-1727.8006078045037,24347.561427324457
01-04-2040 07:00:00,19573.011324781488,77.26047098623279,85.44067376316525,312.758,5167.446,0.0,408.96315000000004,0.0,0.0,0.0,207.205,88.29700000000001,0.0,-1399.5396805999735,25016.22999535659
01-04-2040 08:00:00,20271.543132808583,2680.082777877883,87.65957034108578,313.259,5705.946,0.0,408.02715,0.0,0.0,0.0,205.2,89.39399999999999,0.0,-4679.638942794387,25617.674260704178
01-04-2040 09:00:00,20113.094258929763,12833.220575929097,212.28613307714113,319.717,5751.51,0.0,408.74264999999997,0.0,0.0,0.0,203.7445,91.2915,0.0,-12200.0,27989.521676673983
01-04-2040 10:00:00,20404.71707525805,22555.43898939519,5419.922387002793,317.347,5524.613,0.0,407.0103000000001,0.0,0.0,0.0,207.5285,91.3605,0.0,-12200.0,29868.54128120411
01-04-2040 11:00:00,20150.718517987883,28881.506451848643,11886.462331406627,308.532,5611.793000000001,0.0,407.12250000000006,0.0,0.0,0.0,208.24,91.35700000000001,0.0,-12200.0,30790.28889865392
01-04-2040 12:00:00,21941.405832786062,33780.780795341445,14530.895913121785,315.131,4618.564,0.0,404.78115,0.0,0.0,0.0,211.637,89.699,0.0,-12200.0,30512.567324092568
01-04-2040 13:00:00,21736.808453656256,36674.91715306219,15829.88006747776,306.603,4244.363,0.0,398.66415000000006,0.0,0.0,0.0,217.52900000000002,91.988,0.0,-12200.0,30036.10673227393
01-04-2040 14:00:00,21535.873715699156,36840.578832136125,14467.802071297483,307.38,4258.483,0.0,393.28125000000006,0.0,0.0,0.0,211.15099999999998,89.204,0.0,-12200.0,29720.347246797537
01-04-2040 15:00:00,22175.942499474346,34911.338469899056,13607.624448494811,304.51,4525.525,0.0,391.20585,0.0,0.0,0.0,204.1395,87.6505,0.0,-12200.0,28563.080773785157
01-04-2040 16:00:00,26008.735980256177,29776.594372329488,11663.71318007866,284.272,4179.776,0.0,391.65870000000007,0.0,0.0,0.0,206.44400000000002,90.728,0.0,-12200.0,27622.83442989757
01-04-2040 17:00:00,26951.0790204754,22277.136886850632,10091.81351698094,286.319,4462.347,0.0,393.5319,0.0,0.0,0.0,215.8375,91.6065,0.0,-12200.0,27209.236921580406
01-04-2040 18:00:00,27983.046542104363,13267.21177540433,7534.451892679121,292.68,4558.505999999999,0.0,391.56165000000004,0.0,0.0,0.0,219.2505,92.3865,0.0,-12200.0,27282.894803740543
01-04-2040 19:00:00,27275.638533980797,4425.911995425952,4771.750246326672,293.075,4940.643,0.0,403.2657000000001,0.0,0.0,0.0,220.1125,92.2985,0.0,-12200.0,28143.442136200367
01-04-2040 20:00:00,29719.378250734477,263.02955809088746,3408.707512503839,298.157,6114.521,0.0,407.3835,0.0,0.0,0.0,222.31900000000002,90.52,0.0,-10853.109750326596,30782.477093566486
01-04-2040 21:00:00,33936.79546615376,5.029556070082354,2656.6769794336287,288.54,6600.815,0.0,408.8868000000001,0.0,0.0,0.0,223.132,92.01299999999999,0.0,-11005.053001045286,34257.2446265461
01-04-2040 22:00:00,36700.2911057724,3.785687364578115,2101.058260049118,293.801,5765.45,0.0,412.9072500000001,0.0,0.0,0.0,224.476,91.18700000000001,0.0,-12200.0,33033.557350801
01-04-2040 23:00:00,38828.76908027641,6.900767253145251,1206.1237710872083,292.617,4883.031,0.0,412.22850000000005,0.0,0.0,0.0,222.813,90.53299999999999,0.0,-12200.0,30987.641134512844
02-04-2040 00:00:00,38898.83884809672,0.9085649674987477,425.7387216675561,291.347,4784.103,0.0,407.18115,0.0,0.0,0.0,221.641,90.92299999999999,0.0,-12200.0,28169.4870663526
02-04-2040 01:00:00,38431.63357774699,8.079738460971006,81.06427300276118,289.862,5068.738,0.0,408.5593500000001,0.0,0.0,0.0,221.351,92.06200000000001,0.0,-12200.0,26191.94832397621
02-04-2040 02:00:00,38735.92286697981,0.9626462155641495,77.3982699609769,285.019,4442.432,0.0,398.6061000000001,0.0,0.0,0.0,213.545,91.105,0.0,-12200.0,24833.111984339135
02-04-2040 03:00:00,37914.017679049844,7.8417809694832386,75.68805323095876,289.966,4472.185,0.0,399.6684,0.0,0.0,0.0,210.8205,91.5875,0.0,-12200.0,24191.847228553706
02-04-2040 04:00:00,34892.59784246697,0.757137472915623,77.81047604462947,288.19,4472.3009999999995,0.0,401.52495000000005,0.0,0.0,0.0,209.38400000000001,90.37,0.0,-12200.0,23923.535903196986
02-04-2040 05:00:00,32699.07027780069,6.035467284098823,76.21427376326756,287.785,4710.406,0.0,401.7861000000001,0.0,0.0,0.0,212.265,90.258,0.0,-12200.0,24329.686157330798
02-04-2040 06:00:00,31251.704326907893,5.094453567760835,78.66996958074742,289.948,4941.802,0.0,406.00995,0.0,0.0,0.0,217.9905,91.8805,0.0,-11772.469523902586,26024.28987522678
02-04-2040 07:00:00,28565.050667035015,60.43038658827981,79.54700380127179,296.461,5727.844,0.0,421.29600000000005,0.0,0.0,0.0,222.928,90.959,0.0,-6799.477123413835,29255.918322776404
02-04-2040 08:00:00,27270.571944818985,1298.8693347867513,79.04709429555805,306.493,5875.478,0.0,438.8187000000001,0.0,0.0,0.0,230.15900000000002,91.976,0.0,-4881.121422090455,31353.81243016277
02-04-2040 09:00:00,28189.23738286368,7302.11501128821,77.96834220431629,313.91900000000004,6351.927,0.0,450.2725500000001,0.0,0.0,0.0,231.99599999999998,92.49600000000001,0.0,-9938.228198800523,33776.64638196613
02-04-2040 10:00:00,27949.97061041593,14992.966033670526,1852.2611923716904,314.363,6504.339,0.0,448.88880000000006,0.0,0.0,0.0,228.37099999999998,92.15799999999999,0.0,-12200.0,35125.33407082248
02-04-2040 11:00:00,29863.571057704565,21889.839436955066,8102.875311683223,311.522,5493.0109999999995,0.0,445.26525000000004,0.0,0.0,0.0,231.3985,90.7665,0.0,-12200.0,35289.43256839635
02-04-2040 12:00:00,32449.186873865012,27472.830550989896,10519.341388458357,312.203,5150.312,0.0,437.10570000000007,0.0,0.0,0.0,227.3945,90.6405,0.0,-12200.0,35010.905633929564
02-04-2040 13:00:00,32719.170326559433,29784.836354534662,13052.38285382514,306.426,4865.475,0.0,437.2179,0.0,0.0,0.0,229.975,91.557,0.0,-12200.0,34674.68517097559
02-04-2040 14:00:00,35117.05160996071,30589.64103949513,12876.765521508001,301.688,4684.366,0.0,436.3029,0.0,0.0,0.0,223.715,90.57799999999999,0.0,-12200.0,33909.90424504552
02-04-2040 15:00:00,37374.49555057215,28760.14813118988,11484.026408978301,298.32599999999996,4484.2390000000005,0.0,439.0251000000001,0.0,0.0,0.0,221.96400000000003,90.848,0.0,-12200.0,32644.046985484852
02-04-2040 16:00:00,38536.23350437393,24664.315625206305,10731.71522495753,300.44,4479.387,0.0,439.5373500000001,0.0,0.0,0.0,221.48,91.307,0.0,-12200.0,31881.783692737266
02-04-2040 17:00:00,39167.80898295878,18964.563096598264,9548.552209763555,302.9,4691.146,0.0,442.7263500000001,0.0,0.0,0.0,211.747,92.35600000000001,0.0,-12200.0,31505.63002615776
02-04-2040 18:00:00,39738.550582974014,11549.288481858008,8859.764614335145,307.416,4927.5779999999995,0.0,447.74610000000007,0.0,0.0,0.0,212.75799999999998,92.12,0.0,-12200.0,31365.38803733948
02-04-2040 19:00:00,39962.07998801763,4383.198625703898,7164.957375573576,305.308,4859.219,0.0,453.8148000000001,0.0,0.0,0.0,211.521,92.065,0.0,-12200.0,31960.28154613517
02-04-2040 20:00:00,38793.60463091822,259.6332557123802,3619.6079315125535,306.789,5367.717,0.0,459.7545000000001,0.0,0.0,0.0,213.0255,91.6345,0.0,-12200.0,34461.51328583315
02-04-2040 21:00:00,37015.46002501452,6.738523508949045,2149.3214532044076,306.72700000000003,5802.036999999999,0.0,460.8081000000001,0.0,0.0,0.0,212.014,92.095,0.0,-9756.323130908815,37331.29185390908
02-04-2040 22:00:00,35810.64446046137,4.023644856065883,1571.8470410445007,306.72900000000004,5235.712,0.0,462.07290000000006,0.0,0.0,0.0,210.729,92.756,0.0,-9543.937775822062,35033.18601801107
02-04-2040 23:00:00,35385.952127567114,6.749339758562126,976.0163026490773,304.598,4704.835,0.0,457.7361000000001,0.0,0.0,0.0,212.68,91.465,0.0,-10765.27033320986,32089.390968722404
03-04-2040 00:00:00,37174.84486421942,0.6489749767848197,822.0354045522108,305.263,4147.056,0.0,434.83140000000003,0.0,0.0,0.0,211.3465,91.3025,0.0,-12200.0,29532.598323326096
03-04-2040 01:00:00,35923.43214987882,7.657904726060873,810.9233809782017,307.119,4245.182,0.0,428.3031000000001,0.0,0.0,0.0,215.3025,91.6575,0.0,-12200.0,27486.20298299258
03-04-2040 02:00:00,36546.92042393133,0.7246887240763821,754.5651619675045,298.812,3993.8590000000004,0.0,416.27580000000006,0.0,0.0,0.0,210.59400000000002,92.249,0.0,-12200.0,26216.767544711143
03-04-2040 03:00:00,37011.035461654894,8.393409699750334,573.8522608291532,302.943,3725.848,0.0,411.6882,0.0,0.0,0.0,208.7295,91.6345,0.0,-12200.0,25696.428415707083
03-04-2040 04:00:00,36168.58544805503,0.6165262279455788,460.11846311198315,302.541,3803.24,0.0,410.8815000000001,0.0,0.0,0.0,210.4635,91.1265,0.0,-12200.0,25506.507066439895
03-04-2040 05:00:00,35475.2671989517,8.53402094472038,212.30367376154754,297.569,3991.651,0.0,413.2507500000001,0.0,0.0,0.0,220.3625,91.6265,0.0,-12200.0,26264.01073794494
03-04-2040 06:00:00,39836.614222819684,3.515281124251107,348.67372471035924,305.741,4660.218,0.0,428.6260500000001,0.0,0.0,0.0,219.0495,91.6295,0.0,-12200.0,29384.48873081262
03-04-2040 07:00:00,41340.40109179841,63.869953965239354,160.69020988387638,302.053,5451.358,0.0,454.39950000000005,0.0,0.0,0.0,224.125,94.77799999999999,0.0,-12200.0,34381.27972374298
03-04-2040 08:00:00,42687.785060689625,1492.0691853755923,81.65188593050698,297.214,6140.196999999999,0.0,480.47505000000007,0.0,0.0,0.0,230.425,96.271,0.0,-12200.0,37332.881370249015
03-04-2040 09:00:00,42621.93100446196,8653.97315292944,150.11317718439386,295.367,6613.241,0.0,481.8708000000001,0.0,0.0,0.0,229.3945,95.7965,0.0,-12200.0,39210.339729733794
03-04-2040 10:00:00,45208.962371487476,16359.566723534386,1309.7804456105805,300.055,6491.8769999999995,0.0,481.4859000000001,0.0,0.0,0.0,234.332,97.037,0.0,-12200.0,39969.291189115036
03-04-2040 11:00:00,47178.241152801675,22883.26869891804,2030.4657756393717,296.176,6314.049,0.0,473.84400000000005,0.0,0.0,0.0,233.49400000000003,96.777,0.0,-12200.0,40017.720660749954
03-04-2040 12:00:00,48561.41612635199,26369.129624221565,4351.449136826355,298.783,5711.194,0.0,465.48120000000006,0.0,0.0,0.0,227.3435,92.1735,0.0,-12200.0,39987.88105327882
03-04-2040 13:00:00,49714.544746204,28311.49009723931,5650.731482817326,304.17400000000004,5441.318,0.0,469.56450000000007,0.0,0.0,0.0,235.2355,91.8105,0.0,-12200.0,39561.640324422995
03-04-2040 14:00:00,51062.57460852271,29781.029034670853,5966.472572547122,300.719,4859.201,0.0,477.3906000000001,0.0,0.0,0.0,223.3185,89.0955,0.0,-12200.0,37983.25097085922
03-04-2040 15:00:00,52309.508612749276,28501.120585455832,6945.900538314047,292.572,4644.021,0.0,473.8944,0.0,0.0,0.0,217.62900000000002,86.815,0.0,-12200.0,36886.69896295854
03-04-2040 16:00:00,51473.71091469012,25542.25979005042,7558.351075188315,295.129,4525.347,0.0,470.1955500000001,0.0,0.0,0.0,219.533,87.662,0.0,-12200.0,36308.35792516171
03-04-2040 17:00:00,51676.40155453994,21871.473445112057,7333.795233366109,295.29400000000004,4698.226,0.0,478.9494,0.0,0.0,0.0,220.489,87.412,0.0,-12200.0,35988.06275685528
03-04-2040 18:00:00,51334.37197748956,14522.935090484509,7875.127065298322,299.258,4720.237,0.0,482.9899500000001,0.0,0.0,0.0,216.753,88.167,0.0,-12200.0,35524.78291216342
03-04-2040 19:00:00,51313.13097926308,5465.256236996455,5751.511485097406,304.527,4781.126,0.0,486.97530000000006,0.0,0.0,0.0,208.5285,87.6975,0.0,-12200.0,35693.87501314177
03-04-2040 20:00:00,49888.27074007456,407.9240379077116,2846.458414412191,307.623,5905.946999999999,0.0,487.50825000000003,0.0,0.0,0.0,215.5345,87.3975,0.0,-12200.0,38068.82073980557
03-04-2040 21:00:00,46396.497386136056,3.6450761196080714,1426.0488722250739,309.233,6673.508000000001,0.0,487.9815000000001,0.0,0.0,0.0,215.82,87.912,0.0,-12200.0,40234.70879867295
03-04-2040 22:00:00,43958.25356495409,2.0875361753245034,1146.7573247001274,308.77099999999996,5849.45,0.0,486.89895000000007,0.0,0.0,0.0,220.0275,88.2725,0.0,-12200.0,36966.06020681397
03-04-2040 23:00:00,44976.00756355276,6.446484769395876,836.5941726128513,303.998,5258.684,0.0,485.61975000000007,0.0,0.0,0.0,224.30200000000002,87.321,0.0,-12200.0,33860.71777229856
04-04-2040 00:00:00,46437.90031512631,0.8004024713679445,775.4122653893137,305.35200000000003,4924.558,0.0,463.08450000000005,0.0,0.0,0.0,213.696,87.874,0.0,-12200.0,31410.072306421043
04-04-2040 01:00:00,46950.03965637831,7.181989743085339,698.7331634891452,299.385,4529.399,0.0,451.7925,0.0,0.0,0.0,212.2335,87.9155,0.0,-12200.0,29426.073945218788
04-04-2040 02:00:00,47142.635794157635,1.276317454343479,237.2552973353595,301.437,4357.411,0.0,440.58840000000004,0.0,0.0,0.0,205.1325,87.7715,0.0,-12200.0,28091.448249501267
04-04-2040 03:00:00,47552.217314948684,6.284241025199671,0.0,297.714,4101.02,0.0,438.82020000000006,0.0,0.0,0.0,206.69,89.359,0.0,-12200.0,27549.452564850515
04-04-2040 04:00:00,47615.10103493491,0.8544837194333461,0.0,299.23,4370.562,0.0,438.4218000000001,0.0,0.0,0.0,203.892,88.87100000000001,0.0,-12200.0,27499.780644215967
04-04-2040 05:00:00,48835.58434963655,7.517293481090828,0.0,298.222,4230.532999999999,0.0,440.1010500000001,0.0,0.0,0.0,202.90400000000002,87.944,0.0,-12200.0,27964.269086752054
04-04-2040 06:00:00,48737.806914064146,5.408124806540164,0.0,300.628,4458.214,0.0,455.99475000000007,0.0,0.0,0.0,206.005,88.34200000000001,0.0,-12200.0,30448.27356428795
04-04-2040 07:00:00,48897.996219334425,75.25946480781293,0.7454790874326136,303.822,4992.391,0.0,476.17590000000007,0.0,0.0,0.0,200.264,87.787,0.0,-12200.0,34905.21749095731
04-04-2040 08:00:00,48096.245226917614,2361.641573019185,32.08191178666311,296.7,5914.281999999999,0.0,497.68170000000003,0.0,0.0,0.0,200.9045,82.0445,0.0,-12200.0,37621.72844321774
04-04-2040 09:00:00,48359.1393224108,10753.450467826786,354.3832174859417,295.4,5956.5019999999995,0.0,496.2295500000001,0.0,0.0,0.0,207.6145,80.2795,0.0,-12200.0,39274.425546726816
04-04-2040 10:00:00,51652.101264689794,18970.338973891652,2496.3726646067807,293.807,5679.04,0.0,491.7304500000001,0.0,0.0,0.0,202.28400000000002,80.55199999999999,0.0,-12200.0,39976.132470418044
04-04-2040 11:00:00,53923.26367229128,24629.573831449088,4891.097063055204,281.592,5452.798000000001,0.0,485.9992500000001,0.0,0.0,0.0,187.65900000000002,80.46600000000001,0.0,-12200.0,40061.97602453315
04-04-2040 12:00:00,54655.47089393054,27924.874071069364,7798.474274424778,281.361,5463.736999999999,0.0,483.69465,0.0,0.0,0.0,181.8875,79.3985,0.0,-12200.0,39996.19616180831
04-04-2040 13:00:00,55513.10133688927,29470.98123951191,8630.279840193602,288.871,5447.346,0.0,489.0412500000001,0.0,0.0,0.0,185.6625,79.2795,0.0,-12200.0,39563.514041671806
04-04-2040 14:00:00,55476.34342590157,30835.440311952378,9021.419561861578,298.159,5043.645,0.0,488.39490000000006,0.0,0.0,0.0,188.016,79.233,0.0,-12200.0,38300.746909009315
04-04-2040 15:00:00,54507.975134942,30176.03847054055,9921.668878199853,298.66,4770.93,0.0,484.35690000000005,0.0,0.0,0.0,188.42700000000002,80.38,0.0,-12200.0,37295.439760455665
04-04-2040 16:00:00,52593.179591431224,27556.95934048044,12129.04122646054,293.115,4676.053,0.0,485.00115000000005,0.0,0.0,0.0,189.5585,80.9865,0.0,-12200.0,36826.529464249375
04-04-2040 17:00:00,50718.386896546916,23140.122178479865,11904.880050037551,295.286,4926.965999999999,0.0,485.44395000000003,0.0,0.0,0.0,183.12,80.888,0.0,-12200.0,36494.20597606186
04-04-2040 18:00:00,49000.08992475767,16308.059742876898,11621.168250041199,305.2,5090.633,0.0,494.13495,0.0,0.0,0.0,189.938,81.314,0.0,-12200.0,35820.36934097831
04-04-2040 19:00:00,46304.31253676821,7371.306560063084,11717.870043195842,315.866,5126.736,0.0,500.97825000000006,0.0,0.0,0.0,198.99200000000002,82.801,0.0,-12200.0,36004.71157345019
04-04-2040 20:00:00,40381.5007476084,654.9996278193055,6600.533232615038,319.217,6389.557,0.0,510.84195000000005,0.0,0.0,0.0,219.7605,91.2155,0.0,-12200.0,37700.280979251256
04-04-2040 21:00:00,35591.133518119386,5.91648853835494,3174.811256233079,322.28,6823.219,0.0,510.17130000000014,0.0,0.0,0.0,228.0835,93.3085,0.0,-7989.2589393419985,39922.484340994
04-04-2040 22:00:00,34770.48144079127,4.326499845232132,2336.8401398940186,321.828,6442.181,0.0,507.91125000000005,0.0,0.0,0.0,230.3165,92.9075,0.0,-8672.620803408416,37008.11375753468
04-04-2040 23:00:00,30669.98253862518,6.835869755466769,2204.6710828614887,322.93,6546.1230000000005,0.0,507.06960000000015,0.0,0.0,0.0,227.455,93.693,0.0,-7470.6099609232515,33963.84438718356
05-04-2040 00:00:00,26088.668192628113,1.0059112140164708,1954.1374874274188,324.58799999999997,5992.226,0.0,500.98515000000003,0.0,0.0,0.0,230.6625,94.3525,0.0,-4626.564029623005,31311.05246906775
05-04-2040 01:00:00,22019.137366354127,9.128914673439798,1822.1438372390112,320.494,5886.911999999999,0.0,497.7808500000001,0.0,0.0,0.0,231.873,95.48200000000001,0.0,-2418.292196809525,29151.917529703067
05-04-2040 02:00:00,18323.73740723973,1.1897874574388363,1793.894564996037,324.89099999999996,5550.840999999999,269.23545665823985,496.6975500000001,0.0,0.0,0.0,233.5275,94.5375,0.0,0.0,27746.793640987897
05-04-2040 03:00:00,16253.850088623007,8.28524720361953,1405.9121665219136,320.7,5522.688,2291.7851018476103,497.0415000000001,0.0,0.0,0.0,234.87099999999998,95.58,0.0,0.0,27233.475836794565
05-04-2040 04:00:00,14948.00441560806,1.0275437132426313,1002.1168410517857,320.981,5631.575,3792.591266658581,498.23505000000006,0.0,0.0,0.0,236.5695,96.3175,0.0,0.0,27085.149745682935
05-04-2040 05:00:00,13641.768112436366,7.971575964840202,747.1279117774975,319.332,5968.721,5528.311562781018,499.89735000000013,0.0,0.0,0.0,233.2615,95.0685,0.0,0.0,27587.35990702338
05-04-2040 06:00:00,13288.793155746342,6.359954772491234,242.3508661566011,318.876,7712.291,7260.718790875857,505.3608000000001,0.0,0.0,0.0,230.78400000000002,93.883,0.0,0.0,30216.062450193844
05-04-2040 07:00:00,14221.304692416457,91.22424923671949,400.69302984436035,317.632,8468.661,4587.357821178695,519.3999,0.0,0.0,0.0,227.1845,90.3485,0.0,0.0,34570.06910525392
05-04-2040 08:00:00,14637.260059725566,3504.3458958922834,3233.076842307826,315.875,8826.463,0.0,521.8519500000001,0.0,0.0,0.0,230.1265,89.2145,0.0,0.0,37062.93440170327
05-04-2040 09:00:00,13147.130862685335,14625.221206353686,0.0,319.925,8867.404,0.0,513.6006000000001,0.0,0.0,0.0,238.0455,91.1065,0.0,0.0,38606.44478953309
05-04-2040 10:00:00,7972.694082832266,13751.476437919644,6046.8705125991255,322.785,8322.631,0.0,509.02035000000006,0.0,0.0,0.0,237.8365,92.2375,0.0,0.0,39002.02492740216
05-04-2040 11:00:00,9534.420347131054,18112.88713117566,15407.210965582024,318.224,7416.24,0.0,506.3160000000001,0.0,0.0,0.0,235.53900000000002,92.275,0.0,-12200.0,38782.269922515356
05-04-2040 12:00:00,18969.572761944764,35548.98114240508,15028.174316157238,311.635,6836.1359999999995,0.0,507.3904500000001,0.0,0.0,0.0,236.9495,92.2605,0.0,-12200.0,38653.91117719794
05-04-2040 13:00:00,20276.387448111152,37959.795270617724,14399.489875861094,312.409,6708.879,0.0,509.00865000000005,0.0,0.0,0.0,239.083,92.891,0.0,-12200.0,38370.072215271684
05-04-2040 14:00:00,22372.898055119782,37892.62635706167,14074.881970161834,305.79900000000004,5908.555,0.0,518.8668000000001,0.0,0.0,0.0,238.8485,92.2455,0.0,-12200.0,37254.19231362186
05-04-2040 15:00:00,23544.067281623953,35742.18398930844,13353.056495646364,302.555,5672.766,0.0,517.5015000000001,0.0,0.0,0.0,230.5625,91.1815,0.0,-12200.0,36319.81226336419
05-04-2040 16:00:00,24482.86775522368,31222.14148683638,13054.917482722434,304.736,5751.758000000001,0.0,517.6539,0.0,0.0,0.0,222.5045,90.1475,0.0,-12200.0,35858.40055606041
05-04-2040 17:00:00,25871.083277378144,24815.76470402652,12354.465332161082,299.58299999999997,5889.121,0.0,518.5779,0.0,0.0,0.0,226.47299999999998,92.76299999999999,0.0,-12200.0,35410.68033913987
05-04-2040 18:00:00,27103.93143802909,15726.545713481037,10078.543989224447,303.704,6101.472,0.0,519.1684500000001,0.0,0.0,0.0,230.0765,93.7945,0.0,-12200.0,34913.526647635306
05-04-2040 19:00:00,27716.199733412108,6494.71442639066,7104.0561193006,303.743,6874.606,0.0,525.53115,0.0,0.0,0.0,233.6385,94.7065,0.0,-12200.0,34943.84723910541
05-04-2040 20:00:00,27982.621103313628,700.7848124313205,5376.474111718184,302.41200000000003,7605.7,0.0,530.66265,0.0,0.0,0.0,237.7155,94.6255,0.0,-7509.938277700538,36718.019771677704
05-04-2040 21:00:00,29888.118875574564,6.024651034485693,3818.010612878832,306.85,7995.953,0.0,529.5498000000001,0.0,0.0,0.0,242.274,95.117,0.0,-4740.7185182385365,39377.639951421355
05-04-2040 22:00:00,33614.15042717896,4.272418597166729,2869.664739887172,306.307,6908.01,0.0,527.5572000000001,0.0,0.0,0.0,240.6915,95.5855,0.0,-9026.26639571118,36571.42604134188
05-04-2040 23:00:00,38276.60368464606,7.9066784671617185,1936.745898834488,305.579,5676.210999999999,0.0,522.2172,0.0,0.0,0.0,235.919,94.824,0.0,-12200.0,33647.113633941306
06-04-2040 00:00:00,42032.06786489252,1.0275437132426313,652.9870585467725,300.535,4655.109,0.0,503.1858000000001,0.0,0.0,0.0,228.9675,89.9275,0.0,-12200.0,31370.692252993846
06-04-2040 01:00:00,43771.323498260295,5.905672288741858,86.58958859203267,302.57099999999997,4467.608,0.0,493.91865,0.0,0.0,0.0,224.1025,89.9485,0.0,-12200.0,29227.458800870718
06-04-2040 02:00:00,43806.69293176014,0.6489749767848197,78.08235665300163,295.349,4870.877,0.0,493.3497000000001,0.0,0.0,0.0,217.048,91.68299999999999,0.0,-12200.0,28012.708230145654
06-04-2040 03:00:00,42535.75644483264,5.137718566213156,78.59980684309267,298.60400000000004,4608.399,0.0,493.2370500000001,0.0,0.0,0.0,216.753,92.33200000000001,0.0,-12200.0,27623.721999751808
06-04-2040 04:00:00,39250.162328777515,0.930197466724908,74.63561216634116,297.91200000000003,4630.559,0.0,494.69145000000003,0.0,0.0,0.0,220.1515,93.0715,0.0,-12200.0,27327.183646688423
06-04-2040 05:00:00,35306.69674962519,6.522198516687437,75.38109125377377,297.82599999999996,5054.53,0.0,495.55680000000007,0.0,0.0,0.0,215.5465,92.4155,0.0,-12200.0,27869.954559996415
06-04-2040 06:00:00,33389.51488129546,5.473022304218645,75.24953612071113,302.157,5490.722,0.0,505.91265000000004,0.0,0.0,0.0,218.36900000000003,93.445,0.0,-10126.716981409354,30493.023675726694
06-04-2040 07:00:00,33068.61800896276,77.42271473042896,73.05695056941477,299.228,6809.076,0.0,522.4870500000001,0.0,0.0,0.0,217.2645,92.8225,0.0,-7030.210364343966,34763.40793325149
06-04-2040 08:00:00,32033.64147483922,2510.2676589525213,75.31969885833678,302.671,7551.816,0.0,530.7295500000001,0.0,0.0,0.0,225.1675,92.7015,0.0,-6926.135034161558,37089.85499800672
06-04-2040 09:00:00,28384.254654089797,11407.238675689421,180.39716881897766,308.035,8021.705,0.0,528.68145,0.0,0.0,0.0,233.0405,93.2285,0.0,-11140.98393433886,38771.57481736921
06-04-2040 10:00:00,26109.642324707896,20220.15661668308,2553.985042552813,312.04900000000004,7650.9259999999995,0.0,529.8316500000001,0.0,0.0,0.0,227.9885,91.7175,0.0,-12200.0,39371.89678671923
06-04-2040 11:00:00,27425.613440795845,25785.506427598983,6194.668106384488,313.495,7380.606,0.0,527.4237,0.0,0.0,0.0,225.56,91.566,0.0,-12200.0,39387.0081656748
06-04-2040 12:00:00,30067.99826132052,28349.931048364197,7601.659024997643,311.624,6810.505999999999,0.0,522.25515,0.0,0.0,0.0,229.06900000000002,91.932,0.0,-12200.0,39170.896437884476
06-04-2040 13:00:00,33026.35646715271,28269.490599991714,8338.516866052843,306.21299999999997,6518.601,0.0,519.8149500000001,0.0,0.0,0.0,223.3555,90.0825,0.0,-12200.0,38856.51778195494
06-04-2040 14:00:00,36415.0460035875,28540.318674053637,7431.514386216557,304.243,6090.2919999999995,0.0,514.3026000000001,0.0,0.0,0.0,219.2665,87.0115,0.0,-12200.0,37791.62776405511
06-04-2040 15:00:00,38647.74487743765,25110.183066756697,6819.037538315664,298.531,6121.255,0.0,511.5195000000001,0.0,0.0,0.0,217.0645,84.6505,0.0,-12200.0,36889.60904634899
06-04-2040 16:00:00,39133.57663130136,20672.546256750167,5508.695790803933,304.172,6162.493,0.0,512.5338000000002,0.0,0.0,0.0,213.1905,82.6025,0.0,-12200.0,36204.808728820564
06-04-2040 17:00:00,40370.953733376125,15821.209531542536,5959.079174068116,313.425,6035.193,0.0,513.6315000000001,0.0,0.0,0.0,214.57,88.24700000000001,0.0,-12200.0,35977.65631650667
06-04-2040 18:00:00,40945.365709814694,9153.770415050658,5468.659178637143,319.3,6199.38,0.0,523.0018500000001,0.0,0.0,0.0,219.68900000000002,89.41,0.0,-12200.0,35291.060027789565
06-04-2040 19:00:00,40235.34318697863,2994.467889131675,4442.730858498195,320.45599999999996,6525.749,0.0,530.8093500000001,0.0,0.0,0.0,227.015,92.416,0.0,-12200.0,35555.49892976724
06-04-2040 20:00:00,39586.10813120839,192.13985812675892,2591.030968027626,320.416,6930.423000000001,0.0,530.06055,0.0,0.0,0.0,229.67,93.848,0.0,-12200.0,36915.20349574117
06-04-2040 21:00:00,37725.644988113796,2.7040624032700813,1772.6352554906043,327.83,7157.979,0.0,529.4031000000001,0.0,0.0,0.0,235.71900000000002,94.124,0.0,-10046.526371101103,38783.97364000586
06-04-2040 22:00:00,37604.56124239704,3.093447389340974,1366.6122631003673,331.975,6708.976,0.0,527.7664500000001,0.0,0.0,0.0,242.5905,94.5815,0.0,-11364.147321583656,36367.85784057767
06-04-2040 23:00:00,36225.369922920516,4.4995598390414155,888.5935315475508,329.89599999999996,6198.710999999999,0.0,522.8262000000001,0.0,0.0,0.0,237.6995,95.0755,0.0,-11338.37345821146,33876.34063849199
07-04-2040 00:00:00,33343.09177464715,0.4867312325886147,83.24808821186889,309.14,6022.630999999999,0.0,498.70710000000014,0.0,0.0,0.0,239.74599999999998,95.181,0.0,-9320.615560340895,31820.662269779576
07-04-2040 01:00:00,31200.74062814052,2.552634908686957,71.06608288883581,316.948,5688.059,0.0,488.91945000000004,0.0,0.0,0.0,236.1775,91.8245,0.0,-8904.007569479854,29691.73706865088
07-04-2040 02:00:00,29263.86094408474,1.0491762124687913,68.58407604476088,322.314,5262.275,0.0,485.3545500000001,0.0,0.0,0.0,232.8895,89.9575,0.0,-8249.532930917474,27947.32156161023
07-04-2040 03:00:00,27550.530003199143,2.4444724125561534,72.57458174810745,330.695,5179.424,0.0,482.14425000000006,0.0,0.0,0.0,230.93200000000002,92.678,0.0,-7187.980029583141,27209.624907899746
07-04-2040 04:00:00,25463.45495768539,0.6814237256240605,72.31147148195305,331.70300000000003,5157.173,0.0,482.49195000000003,0.0,0.0,0.0,228.3605,92.0805,0.0,-5608.147176927443,26670.500619604707
07-04-2040 05:00:00,23613.3338446814,2.466104911782314,76.10025931461132,326.73,5289.204000000001,0.0,481.39950000000005,0.0,0.0,0.0,230.632,91.50399999999999,0.0,-3986.91191835656,26584.38662823727
07-04-2040 06:00:00,22419.815613671497,3.4936486250249454,72.66228517016862,329.24199999999996,5512.868,0.0,483.7510500000001,0.0,0.0,0.0,233.8205,91.9245,0.0,-2637.8443548273026,27000.20380517145
07-04-2040 07:00:00,21703.063422788433,56.63388297408859,72.66228517016862,325.823,5676.584,0.0,483.2097,0.0,0.0,0.0,233.85299999999998,93.95200000000001,0.0,-1005.7600175758489,28171.49135234361
07-04-2040 08:00:00,20942.49103709365,805.2265186953781,70.55740304093342,323.324,5579.433000000001,579.5123313242693,484.5925500000001,0.0,0.0,0.0,236.44799999999998,94.514,0.0,0.0,29710.113782132998
07-04-2040 09:00:00,20568.499404445374,2976.9780135073256,68.78579391547828,325.965,6718.5509999999995,744.4823522020561,489.75345000000004,0.0,0.0,0.0,237.9525,95.1495,0.0,0.0,32905.22129691742
07-04-2040 10:00:00,20212.531664943603,5796.062400360109,66.12838022728101,337.275,7259.474,0.0,489.2382,0.0,0.0,0.0,243.6585,94.7875,0.0,0.0,35227.79147440498
07-04-2040 11:00:00,18862.045787694628,9400.759786207884,66.52304562652716,335.68699999999995,7318.905,0.0,489.5406000000001,0.0,0.0,0.0,244.4845,95.9025,0.0,-1610.376410616751,35936.25114560818
07-04-2040 12:00:00,19221.227310684608,13369.182795913375,77.59121748950565,335.33099999999996,7004.294,0.0,491.76930000000004,0.0,0.0,0.0,244.514,98.441,0.0,-5535.125815191144,36043.62738246078
07-04-2040 13:00:00,18973.53516305542,15614.851815335298,643.7431178624684,343.585,6925.005,0.0,490.60620000000006,0.0,0.0,0.0,246.783,98.33200000000001,0.0,-8212.178370647398,35927.15634453284
07-04-2040 14:00:00,19032.857038278267,16056.481384415985,1884.0887642344169,341.806,6625.72,0.0,485.41635000000014,0.0,0.0,0.0,246.33,97.97399999999999,0.0,-10770.727838867944,34921.312785363196
07-04-2040 15:00:00,19231.3597652129,14592.379593677491,1644.9039916139154,335.779,6416.351,0.0,482.1570000000001,0.0,0.0,0.0,249.425,98.75,0.0,-10695.30477684097,33207.25916076237
07-04-2040 16:00:00,18960.591655283708,12198.371274310091,1589.7736205119581,338.149,6528.565,0.0,480.5049000000001,0.0,0.0,0.0,241.08700000000002,97.95299999999999,0.0,-9403.366966848525,31849.981462235588
07-04-2040 17:00:00,17667.161566027502,9991.434847901792,2901.9220585179573,333.48699999999997,6591.684,0.0,479.05365000000006,0.0,0.0,0.0,245.8575,99.2805,0.0,-7947.4357021705455,31333.764362382666
07-04-2040 18:00:00,19327.916038787367,6522.858307172174,1824.783710242773,333.98699999999997,6274.892,0.0,482.5810500000001,0.0,0.0,0.0,247.6605,98.1115,0.0,-4881.525227416751,31093.808029539723
07-04-2040 19:00:00,18643.62096174006,2620.398712512906,666.7564958089497,329.91,6357.772,1377.3715124638547,485.38665000000003,0.0,0.0,0.0,248.8905,98.5085,0.0,0.0,31577.794365583344
07-04-2040 20:00:00,17700.84474748563,242.3272563314517,458.0048106405302,325.079,7339.9980000000005,5349.458793425911,487.1998500000001,0.0,0.0,0.0,248.3315,99.0295,0.0,0.0,33029.50823183068
07-04-2040 21:00:00,18194.063665699767,3.104263638954054,326.11640455856104,322.501,8561.586,6451.981119014767,485.1085500000001,0.0,0.0,0.0,249.088,98.595,0.0,0.0,35470.62292351079
07-04-2040 22:00:00,16571.939064977476,2.3903911644907527,86.58958859203267,319.95099999999996,7945.469,7530.519029821553,486.14895000000007,0.0,0.0,0.0,248.355,98.491,0.0,0.0,33969.79400673442
07-04-2040 23:00:00,17879.869388036863,2.9852848932101708,71.49582965686568,320.289,7045.939,3020.6695451373816,486.1173000000001,0.0,0.0,0.0,248.7375,98.8715,0.0,0.0,31732.45508663943
08-04-2040 00:00:00,19497.20973624529,0.49754748220169515,69.70667984700412,324.426,6483.62,0.0,473.28495000000004,0.0,0.0,0.0,249.3385,98.9795,0.0,0.0,29534.167752167225
08-04-2040 01:00:00,19479.72670417788,4.053456840061061,78.14374904843862,328.801,6193.815,0.0,471.19815000000006,0.0,0.0,0.0,243.9655,98.3195,0.0,0.0,27388.41778283379
08-04-2040 02:00:00,18822.196368396715,0.5356204514394144,4.122060836438322,329.048,5453.794,0.0,466.2225000000001,0.0,0.0,0.0,240.826,97.431,0.0,0.0,25864.50312207046
08-04-2040 03:00:00,18285.347248189588,3.0909720310537834,0.0,322.752,5107.808,0.0,463.8520500000001,0.0,0.0,0.0,231.96099999999998,96.838,0.0,0.0,24945.31182483782
08-04-2040 04:00:00,17464.07053620178,0.4838175379657437,0.0,318.181,5269.865,0.0,462.80820000000006,0.0,0.0,0.0,232.317,97.711,0.0,0.0,24272.610877417686
08-04-2040 05:00:00,17656.511927882177,3.761737405759871,0.0,311.301,5016.788,0.0,464.7838500000001,0.0,0.0,0.0,231.445,97.977,0.0,0.0,24213.742230250908
08-04-2040 06:00:00,18196.444701283934,3.034876493462944,0.0,314.371,4983.755,0.0,462.0658500000001,0.0,0.0,0.0,229.7425,96.6175,0.0,0.0,24736.292100094717
08-04-2040 07:00:00,18610.212856583497,55.159117896324005,0.0,315.976,5132.670999999999,0.0,458.0317500000001,0.0,0.0,0.0,221.6875,96.6735,0.0,0.0,25361.71749108858
08-04-2040 08:00:00,17640.246558053805,1532.2499699589525,0.0,315.285,5212.077,0.0,459.3613500000001,0.0,0.0,0.0,210.5015,95.7185,0.0,0.0,25981.211118086045
08-04-2040 09:00:00,20879.761342975107,7655.619193073038,110.96236958031659,316.744,5329.234,0.0,464.22825000000006,0.0,0.0,0.0,217.6835,96.0555,0.0,-7144.480930379354,28533.24897811912
08-04-2040 10:00:00,27498.42650432008,15842.721451405841,2244.7515467393096,311.867,5835.219,0.0,461.2753500000001,0.0,0.0,0.0,225.28599999999997,92.37100000000001,0.0,-12200.0,30776.38686152403
08-04-2040 11:00:00,29920.189513376677,20559.351338939516,3725.0800668724114,319.65,5964.451999999999,0.0,464.25525000000005,0.0,0.0,0.0,225.518,91.93299999999999,0.0,-12200.0,31992.177890288596
08-04-2040 12:00:00,32113.879814704473,22766.38934540872,5096.866831873835,314.105,5576.026,0.0,465.5154,0.0,0.0,0.0,227.013,95.111,0.0,-12200.0,32374.83358263588
08-04-2040 13:00:00,33916.93813025254,22726.784197674177,4154.502332266158,308.58099999999996,5703.371999999999,0.0,465.4656000000001,0.0,0.0,0.0,229.1885,94.7975,0.0,-12200.0,32644.607575497557
08-04-2040 14:00:00,35671.18914472775,23482.910530956065,3839.0594341713295,306.555,5170.516,0.0,465.38325000000003,0.0,0.0,0.0,223.898,94.398,0.0,-12200.0,32054.92156476945
08-04-2040 15:00:00,36151.79994037915,24577.980311404837,4131.445102608646,304.507,4875.5109999999995,0.0,459.30465000000004,0.0,0.0,0.0,218.296,95.01799999999999,0.0,-12200.0,30361.77493451763
08-04-2040 16:00:00,36206.24838280709,23880.148344138757,4926.345068377937,300.922,4832.594,0.0,456.50115000000005,0.0,0.0,0.0,211.8895,93.6325,0.0,-12200.0,29461.174617420955
08-04-2040 17:00:00,32385.90478844839,19872.976636588315,4636.116904123104,300.218,5078.179,0.0,459.9835500000001,0.0,0.0,0.0,211.2325,97.2155,0.0,-12200.0,28788.420475328065
08-04-2040 18:00:00,30246.504640078605,13066.948913817703,4295.345257739624,300.779,5274.014,0.0,463.2471000000001,0.0,0.0,0.0,215.1005,96.1265,0.0,-12200.0,28800.21964892656
08-04-2040 19:00:00,25381.627608909363,4977.08644320929,3934.480757364043,301.244,6178.857,0.0,472.6528500000001,0.0,0.0,0.0,217.6365,97.1325,0.0,-12200.0,29712.902596549207
08-04-2040 20:00:00,20787.198145471342,293.98566448352335,2038.9028448408062,296.482,6937.829000000001,0.0,474.0771000000001,0.0,0.0,0.0,227.787,97.762,0.0,-203.56593910748052,31898.217498696915
08-04-2040 21:00:00,18350.02952412677,3.028549891662492,1153.5455695669807,302.10400000000004,8220.356,5554.157944198185,479.02815000000004,0.0,0.0,0.0,234.3415,98.8025,0.0,0.0,35268.79340736461
08-04-2040 22:00:00,18453.937145822445,3.115079888567135,1125.1647421909147,300.762,7677.024,4849.3712741504605,482.2926000000001,0.0,0.0,0.0,234.78900000000002,97.10700000000001,0.0,0.0,34017.64949669078
08-04-2040 23:00:00,20013.94768399607,4.445478590976015,1153.0193490346428,298.138,6728.193,1961.475591442293,483.1012500000001,0.0,0.0,0.0,232.755,97.098,0.0,0.0,31679.38317083825
09-04-2040 00:00:00,17878.438366670547,0.822034970594105,974.5078037898056,301.973,6186.139,2290.6336378162596,480.08325,0.0,0.0,0.0,231.1335,97.7005,0.0,0.0,29059.39116233101
09-04-2040 01:00:00,17703.084102542645,8.652999690464265,751.2324319295294,297.394,6042.682,883.6898192481058,479.0955,0.0,0.0,0.0,234.32299999999998,99.24799999999999,0.0,0.0,27045.885753359893
09-04-2040 02:00:00,17802.335103359826,1.276317454343479,392.1921627326228,288.70799999999997,5450.477,412.75237447112886,477.2958000000001,0.0,0.0,0.0,235.56900000000002,98.79899999999999,0.0,0.0,25640.792367883652
09-04-2040 03:00:00,17461.724944799822,8.155452208262568,80.31879391532857,281.238,5537.340999999999,760.434457223113,478.86825000000005,0.0,0.0,0.0,233.43200000000002,98.21600000000001,0.0,0.0,25376.328914518537
09-04-2040 04:00:00,18384.339228290482,0.7030562248502215,78.38931863018661,280.375,5283.249,0.09531936603161739,477.4974,0.0,0.0,0.0,231.1505,98.7955,0.0,0.0,25273.03081191236
09-04-2040 05:00:00,18660.961120515607,6.844650142316049,123.67059543568757,281.906,5651.115,0.0,481.1739,0.0,0.0,0.0,231.78400000000002,97.445,0.0,0.0,25995.894707715393
09-04-2040 06:00:00,19364.867333238417,5.6568985476410125,169.03080532103195,281.48900000000003,6036.5019999999995,2003.4552967576783,485.9563500000001,0.0,0.0,0.0,226.763,95.73,0.0,0.0,29206.886598168316
09-04-2040 07:00:00,18877.84048315257,111.36410601627506,178.81850722205127,280.726,7217.674,5354.451652262094,501.54795000000007,0.0,0.0,0.0,229.9105,93.9715,0.0,0.0,34196.84002970285
09-04-2040 08:00:00,18947.76328121094,2711.698675496917,574.333940098124,284.003,8037.118,0.0,517.8172500000001,0.0,0.0,0.0,231.3925,92.6365,0.0,0.0,37102.8315222291
09-04-2040 09:00:00,18290.70788705507,9491.972907952451,221.92542871297337,274.812,8149.566,0.0,521.21955,0.0,0.0,0.0,229.5515,91.9245,0.0,0.0,38903.691412924396
09-04-2040 10:00:00,14304.973421445215,11325.89465754669,4298.362255458225,273.868,7603.334,0.0,521.5359000000001,0.0,0.0,0.0,226.3175,91.4605,0.0,0.0,39881.999475133
09-04-2040 11:00:00,11264.378196668702,11844.598639291293,6756.80319002748,275.421,7663.36,0.0,521.8279500000001,0.0,0.0,0.0,221.47,91.81299999999999,0.0,0.0,40153.28189035798
09-04-2040 12:00:00,12159.948850836538,14105.263843176836,5634.962407532352,276.76599999999996,8050.611999999999,0.0,521.4918000000001,0.0,0.0,0.0,221.8845,93.5935,0.0,-2328.5234126135506,40125.114753156995
09-04-2040 13:00:00,20536.430620757008,24205.89578727879,5549.6445185600605,278.502,7715.845,0.0,521.6770500000001,0.0,0.0,0.0,226.3845,95.7585,0.0,-12200.0,39759.7882484287
09-04-2040 14:00:00,22496.62786036827,25339.125085624186,5388.612265330186,282.973,7374.081999999999,0.0,523.50495,0.0,0.0,0.0,230.9975,95.3515,0.0,-12200.0,38536.08609305486
09-04-2040 15:00:00,25335.161446363767,23265.123488610167,5170.800816663774,283.92400000000004,7118.1140000000005,0.0,527.2626000000001,0.0,0.0,0.0,221.3735,95.4755,0.0,-12200.0,37591.539908452716
09-04-2040 16:00:00,28792.348460409095,20575.903531781794,4211.886681314849,276.311,6760.217,0.0,531.1174500000001,0.0,0.0,0.0,224.07299999999998,94.351,0.0,-12200.0,37033.42103009223
09-04-2040 17:00:00,30984.01692840496,16872.678072698425,3669.8093702951737,280.259,6735.581999999999,0.0,531.1702500000001,0.0,0.0,0.0,228.6215,95.6115,0.0,-12200.0,36614.618627642485
09-04-2040 18:00:00,30054.6471597332,11337.268334685514,3866.5281459580583,277.249,6889.028,0.0,526.4745,0.0,0.0,0.0,230.104,96.065,0.0,-12200.0,36141.65028468863
09-04-2040 19:00:00,29049.03756081068,4515.470541784983,4107.326661544328,278.522,6781.971,0.0,524.5653000000001,0.0,0.0,0.0,227.6095,96.8985,0.0,-10218.535068302612,36549.090974624756
09-04-2040 20:00:00,27926.509595152118,381.0672901169746,2516.079623541911,281.748,7511.741999999999,0.0,526.9357500000001,0.0,0.0,0.0,228.09900000000002,98.117,0.0,-2328.7626025700556,38216.47985155899
09-04-2040 21:00:00,27564.6545708472,6.760156008175206,1547.4128676607797,285.063,8202.843,916.1277458782315,529.42245,0.0,0.0,0.0,235.4715,98.3945,0.0,0.0,40364.476644831884
09-04-2040 22:00:00,28749.20539965114,3.454509506315929,1433.7667733656708,281.05,6903.076,0.0,528.4758,0.0,0.0,0.0,236.2685,98.4355,0.0,-1658.6452571649752,37435.22085277379
09-04-2040 23:00:00,32378.377903979024,7.923119290610214,1412.296975647303,283.684,6320.021,0.0,525.3231000000002,0.0,0.0,0.0,235.238,98.43299999999999,0.0,-7957.700858062082,34056.04898258415
10-04-2040 00:00:00,34863.22916332916,0.9517270801012918,967.2635011282982,275.329,6019.191999999999,0.0,504.1398000000001,0.0,0.0,0.0,230.7805,96.6545,0.0,-12166.188990427338,31416.17109425002
10-04-2040 01:00:00,35933.673131996155,2.6391489623889175,954.4851125353016,268.803,6003.526999999999,0.0,497.72310000000016,0.0,0.0,0.0,228.1065,96.5535,0.0,-12200.0,29212.888296419773
10-04-2040 02:00:00,37481.30685762448,1.2222357985282664,952.6521110144095,261.199,5192.747,0.0,495.7714500000001,0.0,0.0,0.0,223.0075,95.2995,0.0,-12200.0,27783.49089735364
10-04-2040 03:00:00,36488.20141619532,2.4336561149069538,622.2996311707248,261.933,5150.759,0.0,492.2445000000001,0.0,0.0,0.0,226.183,96.86,0.0,-12200.0,27439.81239248547
10-04-2040 04:00:00,33296.25865823031,1.4710099455461312,344.5341231895145,263.572,5469.394,0.0,482.26470000000006,0.0,0.0,0.0,225.78900000000002,96.39299999999999,0.0,-12200.0,27334.916589743534
10-04-2040 05:00:00,32088.507605159324,2.7473274015178255,95.98262509383494,265.028,5821.227,0.0,482.3904,0.0,0.0,0.0,227.18099999999998,95.02600000000001,0.0,-11612.287859641656,27930.987821153823
10-04-2040 06:00:00,32516.44487794417,5.429757305743344,74.19709505609353,267.534,6377.349,0.0,484.75035000000014,0.0,0.0,0.0,234.2595,97.6405,0.0,-9583.193343860385,31009.354976730185
10-04-2040 07:00:00,34077.9289814935,110.33656230301075,79.00324258452747,263.216,7314.232,0.0,495.77895,0.0,0.0,0.0,238.6945,96.0635,0.0,-7647.689231966193,35667.749732994336
10-04-2040 08:00:00,34599.315814878566,2105.804820920981,81.14320608260459,266.565,8150.4890000000005,0.0,507.30690000000004,0.0,0.0,0.0,235.11700000000002,95.096,0.0,-7820.489664507615,38923.10560852028
10-04-2040 09:00:00,33840.05455416559,6728.43194806004,411.9429733787547,267.587,8522.329,0.0,502.4419500000001,0.0,0.0,0.0,234.4535,96.5895,0.0,-10754.151151485534,40626.34248700999
10-04-2040 10:00:00,34609.76613847824,10124.47473657655,1537.3795961780124,274.3,8188.411999999999,0.0,504.7618500000001,0.0,0.0,0.0,231.675,96.272,0.0,-12200.0,41373.951949385744
10-04-2040 11:00:00,35716.32081429468,11599.789551301481,994.6795908617787,274.032,8293.466,0.0,506.2312500000001,0.0,0.0,0.0,233.2545,97.3025,0.0,-12200.0,41887.887630162426
10-04-2040 12:00:00,36606.71004366607,12212.194788144476,376.63357566058403,270.33099999999996,7956.8009999999995,0.0,509.2327500000001,0.0,0.0,0.0,232.1005,98.4175,0.0,-12200.0,42130.091902916945
10-04-2040 13:00:00,36489.09555785629,11709.639382371925,310.6893726195849,269.024,7861.495,0.0,509.83185000000014,0.0,0.0,0.0,225.278,96.21600000000001,0.0,-12200.0,41777.551835153885
10-04-2040 14:00:00,33657.08880341903,10975.681132377133,68.33850646301289,274.806,7732.436,0.0,504.51630000000006,0.0,0.0,0.0,217.3075,96.9595,0.0,-12200.0,40642.56760617662
10-04-2040 15:00:00,33023.95853945781,9838.168609318314,72.82015132985543,272.274,7507.816,0.0,503.0268000000001,0.0,0.0,0.0,214.8555,98.0165,0.0,-12200.0,39896.378776354664
10-04-2040 16:00:00,32601.80336876978,8572.440263346041,71.7150882120186,274.808,7512.079000000001,0.0,501.95685000000014,0.0,0.0,0.0,223.8305,98.4335,0.0,-11028.449719076514,39527.65562437618
10-04-2040 17:00:00,32167.27953232641,7620.740092390329,58.62973764183698,277.091,7376.62,0.0,503.84190000000007,0.0,0.0,0.0,226.2515,97.9845,0.0,-9812.572253065155,39217.361054544526
10-04-2040 18:00:00,30974.07457896697,5969.520610207874,77.74031330697471,278.39799999999997,7363.2609999999995,0.0,510.0265500000001,0.0,0.0,0.0,222.3485,97.5455,0.0,-7488.648853080838,38725.35236666685
10-04-2040 19:00:00,31956.0298376559,2961.8136315497864,105.91942281232332,273.041,7468.134,0.0,515.2600500000001,0.0,0.0,0.0,220.5905,97.8475,0.0,-5181.945762633579,39174.9578325485
10-04-2040 20:00:00,29822.05209995487,392.02415097648344,162.9704988572339,282.046,8233.543,0.0,522.7243500000001,0.0,0.0,0.0,229.268,98.50200000000001,0.0,-169.1586832698631,40402.85529924498
10-04-2040 21:00:00,30415.74418858553,2.228147420294548,133.84419239373528,287.731,8976.201,353.6702615691938,526.3032000000001,0.0,0.0,0.0,236.535,97.00399999999999,0.0,0.0,41856.171701507425
10-04-2040 22:00:00,31876.642883430042,1.76046250733726,236.9307946737681,288.465,7716.681,0.0,519.1587000000001,0.0,0.0,0.0,238.0905,98.4605,0.0,-3220.614858015346,38494.662694611194
10-04-2040 23:00:00,31538.22348582316,3.3611617935130464,332.7818646345113,293.922,7516.329000000001,0.0,512.3488500000001,0.0,0.0,0.0,233.705,98.479,0.0,-5943.477477018234,35230.9679031498
11-04-2040 00:00:00,33246.083233765945,0.40018372194392354,309.82987908349605,280.722,6416.281,0.0,482.45445000000007,0.0,0.0,0.0,233.1225,98.1435,0.0,-9335.804559111355,32294.21426617067
11-04-2040 01:00:00,33813.31507955297,3.017726163093067,318.24940760049503,281.517,5852.268,0.0,481.23240000000004,0.0,0.0,0.0,227.7695,95.9415,0.0,-11467.411510285172,30121.07350426566
11-04-2040 02:00:00,36269.34773071654,0.6489748904093264,328.64226311366656,281.384,5310.235,0.0,476.85030000000006,0.0,0.0,0.0,227.485,96.213,0.0,-12200.0,28660.577681137154
11-04-2040 03:00:00,39598.2173880276,2.3038611514094804,312.38204866519663,275.471,4953.038,0.0,469.77750000000003,0.0,0.0,0.0,229.1415,95.9705,0.0,-12200.0,28135.147487160386
11-04-2040 04:00:00,42329.10147301984,0.7463212230201626,310.41749201124185,277.69,5014.498,0.0,470.0439,0.0,0.0,0.0,224.8435,95.8845,0.0,-12200.0,28000.387897550612
11-04-2040 05:00:00,44078.23116890845,2.3146774171507487,111.00622129134717,280.553,5052.495,0.0,470.6995500000001,0.0,0.0,0.0,223.47299999999998,93.12,0.0,-12200.0,28562.29252545277
11-04-2040 06:00:00,45324.329766936455,3.839768612639015,74.59176045531058,286.063,5903.062,0.0,473.1303000000001,0.0,0.0,0.0,222.418,90.119,0.0,-12200.0,31386.943411510743
11-04-2040 07:00:00,46638.26264453384,77.23883848700157,75.10044030321296,287.67400000000004,7547.205,0.0,479.6640000000001,0.0,0.0,0.0,225.245,91.569,0.0,-12200.0,36313.47763341974
11-04-2040 08:00:00,47828.25360125992,2177.137987119254,84.65134296470205,290.895,8425.385,0.0,489.48075000000006,0.0,0.0,0.0,224.804,91.586,0.0,-12200.0,39651.20676164835
11-04-2040 09:00:00,46999.15463024541,8903.14709526597,101.55179239413701,296.764,9024.248,0.0,493.27935000000014,0.0,0.0,0.0,220.58599999999998,89.863,0.0,-12200.0,41476.61506383554
11-04-2040 10:00:00,46580.89415824893,15932.368128816164,1108.5449437120405,303.48400000000004,8626.625,0.0,494.51520000000005,0.0,0.0,0.0,223.887,91.744,0.0,-12200.0,42219.4995001055
11-04-2040 11:00:00,46908.72568277029,20704.627253102564,4125.840853939531,311.562,8222.674,0.0,492.1417500000001,0.0,0.0,0.0,218.577,91.883,0.0,-12200.0,41916.39253493576
11-04-2040 12:00:00,47731.555233150386,23818.45245671458,8060.865372520289,304.307,7902.3730000000005,0.0,495.4627500000001,0.0,0.0,0.0,219.107,94.056,0.0,-12200.0,42050.96984909349
11-04-2040 13:00:00,48368.483505170305,24095.997421786222,8017.460948946682,312.44,7385.641,0.0,501.26175000000006,0.0,0.0,0.0,220.4975,96.2995,0.0,-12200.0,41755.44703069146
11-04-2040 14:00:00,49190.059944948545,23577.022949101014,7938.492787730967,313.506,7190.718000000001,0.0,505.8945000000001,0.0,0.0,0.0,213.1985,96.0495,0.0,-12200.0,40455.6359463136
11-04-2040 15:00:00,49693.52807024575,22096.354090817607,7506.0447542764305,311.857,6791.078,0.0,501.7327500000001,0.0,0.0,0.0,193.9365,94.9555,0.0,-12200.0,39602.216328010014
11-04-2040 16:00:00,51108.66896701928,18740.9155033486,7550.238508648501,309.032,6571.633000000001,0.0,495.4833000000001,0.0,0.0,0.0,187.928,93.911,0.0,-12200.0,39164.09644755123
11-04-2040 17:00:00,50669.55812695308,14759.22687953186,8162.11897327943,305.194,6742.156999999999,0.0,496.68870000000004,0.0,0.0,0.0,196.7225,93.8165,0.0,-12200.0,38839.471679272734
11-04-2040 18:00:00,49142.62352046788,9773.984984114295,7612.0343398264085,305.377,7191.164000000001,0.0,501.4540500000001,0.0,0.0,0.0,221.215,94.494,0.0,-12200.0,38399.026484832895
11-04-2040 19:00:00,47996.27484779196,4421.531414332656,6921.773326907511,303.035,7266.363,0.0,507.3580500000001,0.0,0.0,0.0,225.56900000000002,95.027,0.0,-12200.0,38779.059270624406
11-04-2040 20:00:00,45729.803869696785,511.41391420566407,4312.8684014656465,308.315,8017.93,0.0,499.8592500000001,0.0,0.0,0.0,222.93200000000002,97.27,0.0,-12200.0,40524.89317827451
11-04-2040 21:00:00,43040.14506495466,1.64406994118821,3171.873191594321,304.171,8511.591,0.0,501.2493000000001,0.0,0.0,0.0,225.9875,98.3185,0.0,-12200.0,42072.90056189966
11-04-2040 22:00:00,39865.219179644715,1.114073710147274,3106.5516828499385,299.165,7595.056,0.0,502.1505000000001,0.0,0.0,0.0,221.4645,97.4965,0.0,-12200.0,38556.48829599893
11-04-2040 23:00:00,38007.38602176388,4.986291071630032,2862.622155096382,298.911,6816.7390000000005,0.0,499.9300500000001,0.0,0.0,0.0,212.979,98.602,0.0,-12200.0,35454.30666661817
12-04-2040 00:00:00,37477.5600299493,0.8436674698202657,2468.7899383713957,297.664,6453.715,0.0,477.74730000000005,0.0,0.0,0.0,213.2265,96.3445,0.0,-12200.0,32637.4080671327
12-04-2040 01:00:00,36644.45806673425,6.013834784872664,1803.410386288684,299.939,6183.51,0.0,474.4485,0.0,0.0,0.0,213.9665,96.5435,0.0,-12200.0,30196.65569441234
12-04-2040 02:00:00,35102.34689851551,1.2222362062780772,1021.5168380097311,299.802,5986.5419999999995,0.0,473.7736500000001,0.0,0.0,0.0,211.525,95.35799999999999,0.0,-12200.0,28929.459640256006
12-04-2040 03:00:00,36133.347513815876,5.786693542997977,502.5844600696,301.842,5724.352,0.0,474.2952,0.0,0.0,0.0,213.36,96.527,0.0,-12200.0,28247.06461471305
12-04-2040 04:00:00,35527.92878523206,1.0599924620818724,336.8513034177304,294.992,5322.754,0.0,474.321,0.0,0.0,0.0,213.138,95.557,0.0,-12200.0,27962.34217483049
12-04-2040 05:00:00,33944.020190241,3.255691133537179,296.62174372244044,296.207,5556.994000000001,0.0,472.7355000000001,0.0,0.0,0.0,208.4545,95.6115,0.0,-12200.0,28482.205899696375
12-04-2040 06:00:00,32732.123003737237,4.715884831303024,74.65315285074757,298.769,6461.115,0.0,478.39275000000004,0.0,0.0,0.0,210.257,94.249,0.0,-9643.25632740706,31258.153528950643
12-04-2040 07:00:00,30837.03301120315,107.87045739125013,77.02991558835492,309.712,7573.7880000000005,0.0,493.3863000000001,0.0,0.0,0.0,215.9885,87.0885,0.0,-4453.266542538553,35903.82583065314
12-04-2040 08:00:00,28384.943091395762,2573.7157791828513,82.89727452365332,319.01,8695.378,0.0,510.5220000000001,0.0,0.0,0.0,212.2565,82.6855,0.0,-2644.4098118664806,38937.16350976117
12-04-2040 09:00:00,26461.08956939876,8320.724502350437,162.12854600552237,320.264,9409.31,0.0,506.26725000000005,0.0,0.0,0.0,201.0255,82.7875,0.0,-5512.376022240147,40719.78060363301
12-04-2040 10:00:00,26128.005809700502,13785.721149356177,1662.7428676593117,323.23900000000003,9312.993,0.0,504.67095000000006,0.0,0.0,0.0,197.338,84.198,0.0,-11550.794959641687,41404.72116166228
12-04-2040 11:00:00,27231.095093235283,17961.20451749048,2081.096961190051,318.21,9151.101,0.0,503.7700500000001,0.0,0.0,0.0,194.5205,84.0255,0.0,-12200.0,41521.662767849026
12-04-2040 12:00:00,27408.95557856689,20446.59480233292,1461.8844904755533,322.295,8779.05,0.0,505.2370500000001,0.0,0.0,0.0,203.7945,85.3115,0.0,-12200.0,41443.12957533289
12-04-2040 13:00:00,26472.34435906355,20585.97299484707,944.2238121551927,327.07,8581.731,0.0,508.6224,0.0,0.0,0.0,217.388,86.223,0.0,-12200.0,41040.936558461915
12-04-2040 14:00:00,23737.882982679836,18460.039133396134,1017.2456813557947,330.116,8521.808,0.0,507.73920000000004,0.0,0.0,0.0,224.5595,85.3745,0.0,-12200.0,39782.773554921674
12-04-2040 15:00:00,22369.192265931808,16222.524840936658,1074.5861786934547,322.388,8608.373,0.0,507.4437000000001,0.0,0.0,0.0,222.88299999999998,84.396,0.0,-11074.927240866673,39180.83528590001
12-04-2040 16:00:00,19933.029227168965,13830.04614027058,618.6862501821888,321.801,8462.287,0.0,508.39665,0.0,0.0,0.0,217.86700000000002,83.92399999999999,0.0,-5827.708083065838,38920.81042578745
12-04-2040 17:00:00,16991.355956942938,10407.66578394622,264.7503201487125,323.849,8645.525,365.2560310662484,511.38450000000006,0.0,0.0,0.0,216.827,85.649,0.0,0.0,38546.5051810879
12-04-2040 18:00:00,15555.855880514606,6648.889248405449,290.359719387925,326.74,8666.268,4629.3507669594765,513.1104,0.0,0.0,0.0,200.74900000000002,84.23100000000001,0.0,0.0,37663.17378911378
12-04-2040 19:00:00,13437.704465599943,3022.849728116399,375.43203877846827,327.32099999999997,8657.324,8000.0,516.4186500000001,0.0,0.0,0.0,198.641,84.21,0.0,0.0,37548.51732191046
12-04-2040 20:00:00,12385.110898169487,371.5922554573747,2722.7482529820354,327.81,8948.6,8000.0,519.7725,0.0,0.0,0.0,200.4295,84.2625,0.0,0.0,39374.09748380958
12-04-2040 21:00:00,12401.312380611353,4.326499845232132,9781.046077551415,320.847,9799.61,2735.3932019742715,525.3225000000001,0.0,0.0,0.0,205.355,84.45200000000001,0.0,0.0,41678.049897829456
12-04-2040 22:00:00,12095.580467136277,4.077726104131284,12431.938593576897,313.461,9403.86,0.0,527.5173000000001,0.0,0.0,0.0,198.533,87.244,0.0,0.0,38631.48608872691
12-04-2040 23:00:00,12948.577494968402,4.791598578594585,11950.084619303918,320.218,8685.89,0.0,521.9533500000001,0.0,0.0,0.0,210.46,90.60799999999999,0.0,0.0,35346.81994852224
13-04-2040 00:00:00,12835.940642938209,0.5840774791063379,10351.185367578777,316.07,7571.148,0.0,508.00770000000006,0.0,0.0,0.0,213.743,94.15100000000001,0.0,0.0,32426.19917701153
13-04-2040 01:00:00,11724.199481575199,5.710979795706414,9254.052394085114,309.472,7629.456,0.0,506.3676000000001,0.0,0.0,0.0,214.498,93.551,0.0,0.0,30223.33710068384
13-04-2040 02:00:00,12264.47579698919,0.5840774791063379,7822.4436804846955,307.462,6837.079000000001,0.0,507.11670000000004,0.0,0.0,0.0,223.4075,93.4675,0.0,0.0,28514.03230959475
13-04-2040 03:00:00,12130.748784119776,3.5044648746380265,7455.463941592057,304.712,6820.8369999999995,0.0,507.7750500000001,0.0,0.0,0.0,227.5015,93.5935,0.0,0.0,27990.409618518926
13-04-2040 04:00:00,11340.670284901707,0.8436674698202657,8149.384523827879,307.915,6788.670999999999,0.0,504.0333000000001,0.0,0.0,0.0,228.547,94.28,0.0,0.0,27861.036082521587
13-04-2040 05:00:00,10477.35443273086,2.2822286683599495,9686.572441200246,305.08,6716.29,0.0,501.8613000000001,0.0,0.0,0.0,229.14700000000002,93.412,0.0,0.0,28477.619626128617
13-04-2040 06:00:00,9398.909657699201,3.7316061165127135,12322.03975291588,308.813,7907.165,0.0,503.20245000000006,0.0,0.0,0.0,233.6455,93.9075,0.0,0.0,31307.532692889774
13-04-2040 07:00:00,8997.701545713757,90.97547549561864,15068.507412979638,306.949,9265.884,0.0,511.26150000000007,745.5153572169584,0.0,0.0,229.02200000000002,87.375,0.0,0.0,35946.01627395823
13-04-2040 08:00:00,9026.492148553874,2561.6448446146537,15068.507412979638,316.61,9977.087,0.0,521.9760000000001,619.3884184591352,0.0,0.0,227.757,85.84700000000001,0.0,0.0,39115.18636390807
13-04-2040 09:00:00,8671.413203692837,9586.160809583154,10503.801208749062,316.552,10271.723,0.0,524.1235500000001,0.0,0.0,0.0,234.24099999999999,91.994,0.0,0.0,40957.778777333995
13-04-2040 10:00:00,9253.35157899315,16478.19934929065,4105.129843571058,314.15,9770.44,0.0,524.89095,0.0,0.0,0.0,231.0905,93.4565,0.0,0.0,41607.95233883559
13-04-2040 11:00:00,9192.792301820853,20526.040155740993,908.9646763001219,317.431,9125.136,0.0,518.3421000000001,0.0,0.0,0.0,233.725,92.551,0.0,0.0,41864.62295863987
13-04-2040 12:00:00,8485.364257178087,21958.445426580714,0.0,319.978,8935.433,0.0,520.9462500000001,0.0,0.0,0.0,239.05599999999998,93.78399999999999,0.0,0.0,41624.680761444215
13-04-2040 13:00:00,7623.591450214206,22783.46910288458,0.0,326.487,8577.853000000001,0.0,526.49715,0.0,0.0,0.0,243.2775,93.1435,0.0,0.0,41312.49052691137
13-04-2040 14:00:00,7168.417358935896,22227.67836322096,0.0,328.19300000000004,8180.378000000001,0.0,520.5015000000001,0.0,0.0,0.0,235.8375,90.1665,0.0,0.0,39895.33869030588
13-04-2040 15:00:00,7248.525574305995,21525.9481635719,0.0,326.313,7632.053000000001,0.0,523.3974000000001,0.0,0.0,0.0,232.7855,89.6865,0.0,0.0,38720.51053547553
13-04-2040 16:00:00,7722.210307303028,20632.28618254267,0.0,331.7,7429.991,0.0,522.8781000000001,0.0,0.0,0.0,230.15,90.26100000000001,0.0,0.0,38080.933873570415
13-04-2040 17:00:00,8162.638696464331,18969.268165179954,0.0,326.488,7411.5019999999995,786.6811205558597,522.54375,0.0,0.0,0.0,232.2305,89.7365,0.0,0.0,37674.77469165936
13-04-2040 18:00:00,8318.159777980181,14192.498664804902,0.0,328.336,7046.606,4924.1945871762655,527.37855,0.0,0.0,0.0,228.2615,90.3065,0.0,0.0,36996.63226400971
13-04-2040 19:00:00,7971.102288021133,6730.91968547105,9853.220892932752,328.85900000000004,7351.923000000001,2243.7006251181665,533.0859,0.0,0.0,0.0,228.6935,90.8275,0.0,0.0,36741.551160545365
13-04-2040 20:00:00,7034.502671393736,787.7799080694796,15068.507412979638,330.97900000000004,8912.426,0.0,537.1944000000001,3785.808074115783,0.0,0.0,234.75799999999998,90.818,0.0,0.0,37906.1763539501
13-04-2040 21:00:00,5941.22168565618,2.8338573986270466,15068.507412979638,331.337,9239.529,0.0,537.2826000000001,7576.085840738491,0.0,0.0,228.1715,90.5715,0.0,0.0,39971.084556368674
13-04-2040 22:00:00,4832.679050428147,0.9626462155641495,15068.507412979638,324.382,8875.509,0.0,537.5022,6823.00414634922,0.0,0.0,217.298,90.212,0.0,0.0,37614.24547792542
13-04-2040 23:00:00,3777.919612821647,6.500566017461278,15068.507412979638,318.585,8471.407,0.0,531.2034,5898.57308742213,0.0,0.0,220.5215,90.2265,0.0,0.0,35084.11787120899
14-04-2040 00:00:00,2842.0277716267783,0.5516287302670967,5797.7176341191,318.11400000000003,7837.064,0.0,510.5791500000001,14355.186565287895,0.0,0.0,223.7105,90.0995,0.0,0.0,32570.24291097235
14-04-2040 01:00:00,2258.778271344897,7.290152239216143,177.80407097364036,318.823,7482.898,0.0,506.70525000000004,18506.712615889206,0.0,0.0,221.051,90.811,0.0,0.0,30081.17638373982
14-04-2040 02:00:00,2113.2936775198195,0.6381587271717395,0.0,314.507,7338.359,0.0,506.58735000000013,17313.393595241876,0.0,0.0,219.2725,90.3295,0.0,0.0,28359.13872234891
14-04-2040 03:00:00,2579.1298085082694,5.386492307314004,0.0,314.389,7090.715999999999,0.0,506.3800500000001,16010.54610278171,0.0,0.0,224.7045,91.1615,0.0,0.0,27270.35425264019
14-04-2040 04:00:00,3219.72458932621,0.8977487178856673,0.0,312.495,6794.724,0.0,505.37880000000007,15012.580024458997,0.0,0.0,225.185,89.03200000000001,0.0,0.0,26604.02178631991
14-04-2040 05:00:00,3190.458268572425,5.992202285646502,0.0,310.723,6824.08,0.0,502.96470000000005,14960.236612363578,0.0,0.0,233.2085,90.9115,0.0,0.0,26569.498443712768
14-04-2040 06:00:00,3031.2938840104453,4.510376088654498,0.0,305.54400000000004,6970.164000000001,0.0,498.5526000000001,15695.307198111686,0.0,0.0,234.6575,89.4075,0.0,0.0,27313.356379692934
14-04-2040 07:00:00,3014.345949882906,100.11520641867153,0.0,305.176,6970.826,0.0,498.9030000000001,16634.771148701595,0.0,0.0,235.74599999999998,90.70100000000001,0.0,0.0,28376.22388405657
14-04-2040 08:00:00,2958.509043219448,3747.43028969665,20.902648922419086,310.046,7311.392,0.0,499.37745000000007,14603.1812434188,0.0,0.0,230.4635,89.7275,0.0,0.0,30375.895702189988
14-04-2040 09:00:00,2698.558210590483,13351.286483646807,1141.7426379236877,311.704,7938.914000000001,0.0,500.2363500000001,6714.973138355874,0.0,0.0,234.696,90.116,0.0,0.0,33791.950452113866
14-04-2040 10:00:00,3030.030079647357,21844.056080882427,0.0,315.439,8068.918000000001,0.0,498.5502,0.0,0.0,0.0,235.8025,89.5015,0.0,0.0,35652.72391190401
14-04-2040 11:00:00,3247.1969713893636,22193.111663222044,0.0,314.025,7401.105,0.0,496.89090000000004,0.0,0.0,0.0,234.30599999999998,91.927,0.0,0.0,35998.74595829844
14-04-2040 12:00:00,4008.340971151499,21424.089766993715,0.0,310.025,6912.579000000001,0.0,494.2275000000001,0.0,0.0,0.0,237.8345,94.5185,0.0,0.0,35722.97101116674
14-04-2040 13:00:00,4884.090080985899,20183.780348119548,0.0,308.61,6959.683000000001,0.0,493.27935000000014,0.0,0.0,0.0,235.4185,92.9785,0.0,0.0,35481.30426500037
14-04-2040 14:00:00,7564.704545050939,25022.860156786533,0.0,304.07099999999997,6422.227,0.0,491.5225500000001,0.0,0.0,0.0,234.3305,94.4165,0.0,-7767.8475689593315,34650.45257960361
14-04-2040 15:00:00,12128.2241931348,31440.84071357032,0.0,309.36,6171.144,0.0,487.71990000000005,0.0,0.0,0.0,231.143,93.704,0.0,-12200.0,33132.230120814
14-04-2040 16:00:00,14276.77911643347,28309.308847171837,0.0,307.018,6089.755,0.0,483.96630000000005,0.0,0.0,0.0,232.2055,95.0245,0.0,-12200.0,31836.760912101887
14-04-2040 17:00:00,16345.258425618144,23536.63555565576,0.0,305.709,5787.156,0.0,484.2637500000001,0.0,0.0,0.0,230.753,94.92200000000001,0.0,-12200.0,31086.73648598201
14-04-2040 18:00:00,15893.8115318215,17436.50489187965,0.0,304.87,6164.6140000000005,0.0,482.31090000000006,0.0,0.0,0.0,228.389,94.79799999999999,0.0,-11956.076144936704,30932.27403597885
14-04-2040 19:00:00,17887.781827029772,8946.152142436122,0.0,307.16900000000004,6117.73,0.0,485.77755000000013,0.0,0.0,0.0,230.825,95.402,0.0,-4861.262599074782,31262.063151401544
14-04-2040 20:00:00,17657.016817423264,1268.3783271274779,0.0,305.203,6634.698,4364.514946924235,489.6952500000001,0.0,0.0,0.0,231.9185,96.1235,0.0,0.0,32653.545396489735
14-04-2040 21:00:00,18671.228071233985,5.91648853835494,0.0,304.83,7334.553000000001,6989.599974586759,492.7111500000001,0.0,0.0,0.0,230.6835,95.6635,0.0,0.0,35494.87188247434
14-04-2040 22:00:00,20206.895775679008,3.2124261350848577,0.0,302.39,6828.398,4735.962348894143,491.5182000000001,0.0,0.0,0.0,231.2005,94.8505,0.0,0.0,34137.57037654161
14-04-2040 23:00:00,20524.079727709915,6.803421006627527,0.0,293.149,6750.355,2615.5403443825853,489.33975000000004,0.0,0.0,0.0,232.81,95.47200000000001,0.0,0.0,32140.625622365147
15-04-2040 00:00:00,20688.917918608062,1.0383599628557116,0.0,292.135,6285.798000000001,743.9354946892781,476.4159,0.0,0.0,0.0,229.1225,95.8805,0.0,0.0,29824.06755886918
15-04-2040 01:00:00,19599.47342720612,7.579263663360696,0.0,293.093,5920.389,0.0,475.3545000000001,0.0,0.0,0.0,228.69799999999998,94.006,0.0,0.0,27539.428902951164
15-04-2040 02:00:00,18235.709277240578,0.9672518192246155,0.0,297.901,5768.876,0.0,468.72540000000004,0.0,0.0,0.0,223.149,94.177,0.0,0.0,25898.861672789302
15-04-2040 03:00:00,17993.59493481232,6.2403117054544825,0.0,297.45099999999996,5252.008000000001,0.0,467.65365,0.0,0.0,0.0,220.9555,95.0755,0.0,0.0,24990.902263309526
15-04-2040 04:00:00,17781.706066424093,0.8613736689583796,0.0,297.736,5148.279,0.0,467.5617000000001,0.0,0.0,0.0,216.764,95.441,0.0,0.0,24564.340134472954
15-04-2040 05:00:00,19443.756205857182,4.567045333797785,0.0,294.676,4748.015,0.0,464.69700000000006,0.0,0.0,0.0,213.8715,94.6305,0.0,-1383.97674820479,24416.20189867416
15-04-2040 06:00:00,24888.618958293628,4.699465416185416,0.0,298.721,4972.675,0.0,469.27830000000006,0.0,0.0,0.0,215.2025,95.2155,0.0,-6595.392418873584,24865.16084468713
15-04-2040 07:00:00,24416.122006620008,189.54050406908271,0.0,297.121,5155.444,0.0,470.91555000000005,0.0,0.0,0.0,219.3195,95.1985,0.0,-6068.6776279526675,25280.632442243867
15-04-2040 08:00:00,21538.515796633008,3563.7242669577477,0.0,303.781,5347.55,0.0,472.99965000000003,0.0,0.0,0.0,217.803,93.471,0.0,-6006.067654560955,26089.429169934447
15-04-2040 09:00:00,19691.80969241494,10843.719176025996,0.0,304.86400000000003,6251.382,0.0,473.0443500000001,0.0,0.0,0.0,226.9005,96.5005,0.0,-9959.065885970023,28635.667694666914
15-04-2040 10:00:00,20182.670633839916,17451.897865738607,0.0,302.95799999999997,6629.644,0.0,470.6364,0.0,0.0,0.0,228.3235,96.6345,0.0,-12200.0,30666.796907905984
15-04-2040 11:00:00,22070.019727358598,22354.202546197877,0.0,305.546,6533.765,0.0,469.70820000000003,0.0,0.0,0.0,221.2545,98.8865,0.0,-12200.0,31750.117577942117
15-04-2040 12:00:00,23717.322680923477,25590.868009785194,0.0,304.514,6131.548000000001,0.0,467.7321000000001,0.0,0.0,0.0,230.513,99.012,0.0,-12200.0,31784.707134897133
15-04-2040 13:00:00,24095.205150004993,27191.467449558586,0.0,301.76,6098.361,0.0,467.7441000000001,0.0,0.0,0.0,230.0455,97.9595,0.0,-12200.0,31782.86875676655
15-04-2040 14:00:00,25275.22150125163,26683.676979210017,0.0,301.041,6180.545999999999,0.0,466.56690000000003,0.0,0.0,0.0,228.7555,96.4875,0.0,-12200.0,31664.101048142915
15-04-2040 15:00:00,26761.406807433337,24198.0595531349,0.0,299.68,5985.357,0.0,465.0748500000001,0.0,0.0,0.0,230.4905,97.6865,0.0,-12200.0,30204.604392084177
15-04-2040 16:00:00,27229.296647464078,20239.247297250156,0.0,298.475,5593.65,0.0,465.3765000000001,0.0,0.0,0.0,225.024,99.61,0.0,-12200.0,29195.705673143882
15-04-2040 17:00:00,24715.212561492783,15173.41352596554,0.0,288.895,6145.184,0.0,464.31225000000006,0.0,0.0,0.0,223.6745,96.6875,0.0,-12200.0,28766.696217370645
15-04-2040 18:00:00,21882.70301576465,9019.94095858801,0.0,286.61400000000003,6542.297,0.0,461.0068500000001,0.0,0.0,0.0,227.10299999999998,97.977,0.0,-10317.060208157309,28974.32097691954
15-04-2040 19:00:00,18197.331809090396,3024.785836797139,448.2639035184402,287.86,7076.459,0.0,460.9204500000001,0.0,0.0,0.0,226.18900000000002,98.74,0.0,-689.3013414843444,29916.844647985465
15-04-2040 20:00:00,14644.156035661073,227.2061393723654,947.9073558813834,286.657,7772.840999999999,6565.836056296515,468.40095,0.0,0.0,0.0,235.13,100.12700000000001,0.0,0.0,32066.75719345835
15-04-2040 21:00:00,15138.032450178656,3.94793110877432,854.880336110713,294.14,9105.495,8000.0,474.2832000000001,0.0,0.0,0.0,241.136,99.71700000000001,0.0,0.0,35371.427506538384
15-04-2040 22:00:00,15258.566993100778,3.353037380054902,830.0690380121814,288.28,8856.993,7267.72483474103,476.9964,0.0,0.0,0.0,242.105,99.134,0.0,0.0,34088.25370704317
15-04-2040 23:00:00,15720.773909383082,7.107995977137452,238.8376949102676,285.77,7161.03,1896.4391089624532,476.28195000000005,0.0,0.0,0.0,237.296,99.113,0.0,0.0,31729.76856967078
16-04-2040 00:00:00,17087.122227351883,0.6165262279455788,82.57277186206193,287.767,5913.936,124.43191644893523,475.08765000000005,0.0,0.0,0.0,230.69299999999998,98.346,0.0,0.0,29016.564242906643
16-04-2040 01:00:00,18799.70671655181,7.387498485733865,81.98515893431613,283.932,5518.859,0.0,470.06145000000004,0.0,0.0,0.0,230.2135,98.2455,0.0,0.0,27005.792593725426
16-04-2040 02:00:00,18826.963035701683,0.8788882351211399,79.52069277464761,284.017,5223.767,0.0,469.98255000000006,0.0,0.0,0.0,229.9015,98.8845,0.0,0.0,25661.191594901968
16-04-2040 03:00:00,18745.678582932975,4.858196824364088,77.26671482791426,286.408,4840.425,0.0,468.9583500000001,0.0,0.0,0.0,230.03900000000002,99.346,0.0,0.0,25191.139659180757
16-04-2040 04:00:00,18814.42813902457,0.9188324821323492,73.52177870628657,280.746,4816.859,0.0,466.97550000000007,0.0,0.0,0.0,227.80200000000002,99.262,0.0,0.0,25218.719795028024
16-04-2040 05:00:00,19344.474313241943,3.036159762740725,79.10848669099505,282.756,4943.279,0.0,471.4102500000001,0.0,0.0,0.0,228.514,98.76799999999999,0.0,0.0,25910.60541977076
16-04-2040 06:00:00,21374.287960486585,3.2037462597018926,71.89049505611183,283.665,5972.491,0.0,484.82910000000015,0.0,0.0,0.0,226.6155,97.6655,0.0,0.0,29047.22446190266
16-04-2040 07:00:00,24426.59135416737,78.20113588079268,78.62611786971684,297.13599999999997,7417.382,0.0,502.41045,0.0,0.0,0.0,231.6805,97.5235,0.0,0.0,33766.10714093103
16-04-2040 08:00:00,28429.99617019321,2893.0805366453314,87.9402212916466,304.406,8053.446,0.0,518.7186000000002,0.0,0.0,0.0,236.5355,97.1235,0.0,-3997.07249899683,37330.143890551946
16-04-2040 09:00:00,35379.98094079754,11531.30069092116,900.7755368705839,311.001,8022.66,0.0,519.9771000000001,0.0,0.0,0.0,236.417,97.805,0.0,-12200.0,39097.65964921759
16-04-2040 10:00:00,36422.24498262805,19212.71777491698,3604.0756554671098,312.079,7865.899,0.0,523.4910000000001,0.0,0.0,0.0,234.2385,97.2295,0.0,-12200.0,39803.08871203762
16-04-2040 11:00:00,36706.17653873463,25076.753000431963,6483.615800677362,308.915,7436.49,0.0,524.6304,0.0,0.0,0.0,233.2815,97.5785,0.0,-12200.0,39909.15814549626
16-04-2040 12:00:00,36101.30715018029,29104.9631623249,8923.340824980696,312.58099999999996,7094.721,0.0,523.73595,0.0,0.0,0.0,230.0745,95.8965,0.0,-12200.0,39653.171244632475
16-04-2040 13:00:00,35045.9759287513,31473.41486579559,10598.213075909822,310.0,6849.446,0.0,523.1169000000001,0.0,0.0,0.0,229.0855,97.1655,0.0,-12200.0,39414.97293992496
16-04-2040 14:00:00,33733.807006413284,32761.619663174693,11947.89857855413,303.83099999999996,6815.178000000001,0.0,521.3110500000001,0.0,0.0,0.0,231.5635,98.1285,0.0,-12200.0,38227.55513121938
16-04-2040 15:00:00,32586.932348929542,32048.699030553464,12462.849221133074,299.899,6892.755,0.0,520.2186000000002,0.0,0.0,0.0,230.33,98.226,0.0,-12200.0,37384.450815538374
16-04-2040 16:00:00,31666.008218187206,30216.426346576172,13203.302902492404,303.65,6750.213000000001,0.0,517.5654000000001,0.0,0.0,0.0,228.49200000000002,98.084,0.0,-12200.0,36733.78883022349
16-04-2040 17:00:00,30137.077917059498,25815.597234021832,13825.909495640313,310.17,6305.906999999999,0.0,519.3844500000001,0.0,0.0,0.0,231.75599999999997,98.075,0.0,-12200.0,36209.51961927901
16-04-2040 18:00:00,27010.280761162318,19411.339103116134,14371.793135177053,323.531,6333.588000000001,0.0,522.6844500000001,0.0,0.0,0.0,233.2795,96.9255,0.0,-12200.0,35426.16928867467
16-04-2040 19:00:00,23119.05519713112,9759.415495885472,13735.30309031828,323.58,7287.113,0.0,525.0753000000001,0.0,0.0,0.0,233.58900000000003,96.67,0.0,-12200.0,35494.98013177342
16-04-2040 20:00:00,19194.583525897637,1444.4344220795863,8172.152244762197,320.137,8160.821999999999,0.0,528.22365,0.0,0.0,0.0,239.5235,98.0945,0.0,-2928.776001823251,36942.915688293506
16-04-2040 21:00:00,18031.30238959543,6.132813530616547,5170.2570554470585,316.324,9149.539,4591.852089160977,536.78475,0.0,0.0,0.0,236.7255,98.6305,0.0,0.0,39533.73730063211
16-04-2040 22:00:00,18249.83095510757,3.9587473583874004,4786.686139102152,307.448,8334.756,3187.618948318446,536.29665,0.0,0.0,0.0,238.347,98.897,0.0,0.0,36992.800759609694
16-04-2040 23:00:00,19516.14562978441,7.311784738442302,4408.500212871266,306.079,6733.725,723.1791621098928,530.4126000000001,0.0,0.0,0.0,236.562,98.555,0.0,0.0,33661.18864675526
17-04-2040 00:00:00,19045.065195212304,1.4129151906852435,3976.2714379718527,297.745,5906.923000000001,0.0,513.3655500000001,0.0,0.0,0.0,235.0825,98.6645,0.0,0.0,31049.50319099098
17-04-2040 01:00:00,17880.793015739782,7.77548527056567,3399.2355429222225,301.423,5765.65,0.0,509.38845000000003,0.0,0.0,0.0,233.333,98.90799999999999,0.0,0.0,29057.393200182207
17-04-2040 02:00:00,17794.416543444142,1.180559104157291,2311.5552433163975,299.52,5698.734,0.0,508.7109000000001,0.0,0.0,0.0,232.9285,98.8335,0.0,0.0,27658.871402738085
17-04-2040 03:00:00,18164.003385086435,7.451387807107406,1615.9355513101036,298.367,5545.170999999999,0.0,505.14795000000004,0.0,0.0,0.0,232.388,97.54799999999999,0.0,0.0,27089.34580098704
17-04-2040 04:00:00,19533.10521120461,1.6451529701945757,1269.5333452308842,301.559,5466.507,0.0,500.1426000000001,0.0,0.0,0.0,232.851,98.20700000000001,0.0,-998.6828108355294,26987.694129300708
17-04-2040 05:00:00,19406.24165963252,7.9126334613624065,1075.498294282792,300.803,5633.852,0.0,497.0280000000001,0.0,0.0,0.0,230.2005,97.4865,0.0,-364.3883521475509,27464.38870328127
17-04-2040 06:00:00,18189.55401458322,5.851591040676459,620.2210600680846,301.128,6103.533,3524.0256234433364,498.30465000000004,0.0,0.0,0.0,229.3905,96.6955,0.0,0.0,30167.72634822925
17-04-2040 07:00:00,17367.931163301204,308.87964020073497,250.27925551010412,304.585,7177.959,7395.44007751219,507.7716000000001,0.0,0.0,0.0,228.05700000000002,97.206,0.0,0.0,34296.98476698876
17-04-2040 08:00:00,15978.927678402144,6402.938548453616,257.23413687883294,310.626,7969.644,4784.459587064213,511.9689,0.0,0.0,0.0,224.6605,97.3975,0.0,0.0,37261.29956828853
17-04-2040 09:00:00,10920.701970242948,14676.127113354078,2924.154876008164,305.723,7741.706999999999,0.0,508.0567500000001,0.0,0.0,0.0,229.0655,97.6895,0.0,0.0,38465.10840402112
17-04-2040 10:00:00,8586.155386531402,18606.202271376125,14019.067512367881,308.654,7047.264,0.0,505.65645,0.0,0.0,0.0,223.851,96.78399999999999,0.0,-12200.0,38754.98105540062
17-04-2040 11:00:00,12679.271333324461,33250.429756532045,16816.447091799695,300.83,7046.581,0.0,497.47515000000004,0.0,0.0,0.0,229.00400000000002,97.031,0.0,-12200.0,38717.151459287925
17-04-2040 12:00:00,13038.894582202343,37416.42694408944,17164.410418791464,313.04900000000004,6945.14,0.0,500.05215000000004,0.0,0.0,0.0,234.9245,96.9315,0.0,-12200.0,38647.98945695093
17-04-2040 13:00:00,13222.53761147189,39157.80261080067,17349.53480205903,312.454,6418.842,0.0,505.2213000000001,0.0,0.0,0.0,239.7565,96.7085,0.0,-12200.0,38285.01244560034
17-04-2040 14:00:00,12637.04332332513,39263.05927362805,17335.896919929946,314.397,6243.988,0.0,506.11890000000005,0.0,0.0,0.0,237.535,96.61399999999999,0.0,-12200.0,37274.38099389352
17-04-2040 15:00:00,11266.309386944617,37841.16195657543,17334.020066698024,311.08799999999997,6737.241,0.0,502.5139500000001,0.0,0.0,0.0,236.518,97.051,0.0,-12200.0,36581.307974777505
17-04-2040 16:00:00,9794.091902311233,34587.97549312244,17326.889778485172,310.574,6689.371999999999,0.0,504.03120000000007,0.0,0.0,0.0,240.394,97.334,0.0,-12200.0,36061.20208395391
17-04-2040 17:00:00,8998.691651229885,29334.880349231367,17295.7901450255,317.494,6828.521,0.0,509.07990000000007,0.0,0.0,0.0,238.9305,97.4015,0.0,-12200.0,35643.97134228962
17-04-2040 18:00:00,7967.412573035052,21454.34477760909,17093.94071917259,315.72,6807.941,0.0,517.4196000000002,0.0,0.0,0.0,237.554,97.584,0.0,-12200.0,34811.260075291386
17-04-2040 19:00:00,6700.544828345553,10657.304824970175,15883.335303218511,314.726,7659.670999999999,0.0,523.1310000000001,0.0,0.0,0.0,233.606,98.35600000000001,0.0,-9700.71321836305,34898.37025780283
17-04-2040 20:00:00,1180.8172091979304,295.48927315584797,10324.77524666753,318.88599999999997,8293.0,8000.0,526.34745,0.0,0.0,0.0,233.783,98.538,0.0,0.0,36182.24191188584
17-04-2040 21:00:00,6114.618931375016,7.971575964840202,8272.34810301791,323.95599999999996,8866.165,8000.0,530.8843500000002,0.0,0.0,0.0,232.9705,98.1315,0.0,0.0,38953.31646272841
17-04-2040 22:00:00,6182.128331237222,5.743428544545655,6091.616673935256,319.778,8698.135,8000.0,528.39615,0.0,0.0,0.0,233.1585,98.1815,0.0,0.0,36477.17996087845
17-04-2040 23:00:00,7036.212161782683,8.025657212905603,11654.528333733988,315.022,7545.146,4646.863261618113,523.80825,0.0,0.0,0.0,230.43200000000002,97.934,0.0,0.0,33270.97559097196
18-04-2040 00:00:00,7575.711084508491,1.514274945831246,14191.787342735355,315.76,6861.717,0.0,507.9000000000001,0.0,0.0,0.0,228.3545,98.0875,0.0,0.0,30923.981990873912
18-04-2040 01:00:00,8337.787976450572,10.037479640938544,11496.27177725396,317.087,6728.6759999999995,0.0,504.0810000000001,0.0,0.0,0.0,230.7325,99.1935,0.0,0.0,28805.283558576815
18-04-2040 02:00:00,9319.371943109325,1.3844799504742822,10035.990135743314,317.673,5983.331999999999,0.0,505.7073000000001,0.0,0.0,0.0,233.93599999999998,98.751,0.0,0.0,27559.311062870856
18-04-2040 03:00:00,10214.16253008846,9.182995921505201,8839.155629986124,314.947,5704.316999999999,0.0,505.75500000000005,0.0,0.0,0.0,230.2725,99.0995,0.0,0.0,26968.370699440136
18-04-2040 04:00:00,11515.11178945542,1.8928436822890575,7761.694718387234,316.819,5364.115,0.0,506.1480000000001,0.0,0.0,0.0,232.7385,98.8675,0.0,0.0,26846.271069951374
18-04-2040 05:00:00,12571.88239222539,7.2144384919245805,7092.897345416106,315.759,5569.847,0.0,506.76495000000006,0.0,0.0,0.0,231.025,96.602,0.0,0.0,27376.30502105965
18-04-2040 06:00:00,13315.878135822826,5.592001049962531,8548.448614878234,316.712,6245.876,0.0,509.95875000000007,0.0,0.0,0.0,212.8295,85.6415,0.0,0.0,30032.9183998261
18-04-2040 07:00:00,13830.604918410138,365.3620956802405,10568.274489636997,308.237,7350.7880000000005,0.0,514.73415,0.0,0.0,0.0,215.12599999999998,89.874,0.0,0.0,33949.13736213894
18-04-2040 08:00:00,14278.027285276905,6618.982318225281,5972.50818496319,305.741,7764.688,0.0,525.4887,0.0,0.0,0.0,223.74400000000003,94.12,0.0,0.0,36532.9127262887
18-04-2040 09:00:00,11527.59559276373,16122.254913223656,0.0,304.059,7739.043000000001,0.0,524.4199500000001,0.0,0.0,0.0,231.62099999999998,95.427,0.0,0.0,37818.35604115712
18-04-2040 10:00:00,8904.76713813819,18047.884459792782,0.0,300.767,7409.575,0.0,518.3190000000001,0.0,0.0,0.0,231.13,92.932,0.0,0.0,37988.16608422208
18-04-2040 11:00:00,9073.913795961438,18076.19509625964,0.0,304.902,7128.22,0.0,509.0044500000001,0.0,0.0,0.0,227.9575,91.6295,0.0,0.0,38080.21146759519
18-04-2040 12:00:00,17718.256540692426,32490.161719657248,1164.4124324045551,314.747,6796.2390000000005,0.0,506.3838000000001,0.0,0.0,0.0,228.3175,92.5135,0.0,-12200.0,38219.11094191057
18-04-2040 13:00:00,23001.1772141894,39006.42150731036,16950.77365301471,316.634,6443.524,0.0,504.69015,0.0,0.0,0.0,214.9665,93.3305,0.0,-12200.0,37906.17932987585
18-04-2040 14:00:00,24420.208780418085,39317.05026861335,16830.988319175958,310.875,5734.276999999999,0.0,504.39900000000006,0.0,0.0,0.0,214.898,95.49600000000001,0.0,-12200.0,36850.467438972286
18-04-2040 15:00:00,23859.055345632598,37803.886880016806,16647.19702792354,311.615,6096.09,0.0,506.4235500000001,0.0,0.0,0.0,218.7265,94.6765,0.0,-12200.0,36158.119801757246
18-04-2040 16:00:00,22379.955892574948,34591.663112064,16736.01428343571,315.407,6223.654,0.0,511.1292,0.0,0.0,0.0,213.132,92.33200000000001,0.0,-12200.0,35695.02930034111
18-04-2040 17:00:00,21072.481595605266,29317.595546987835,16688.46148799907,308.29200000000003,6414.55,0.0,512.0235,0.0,0.0,0.0,216.4835,91.1905,0.0,-12200.0,35383.43425095776
18-04-2040 18:00:00,21424.172813297486,21434.410415041646,16695.45145073661,312.518,6061.983,0.0,510.0403500000001,0.0,0.0,0.0,221.08900000000003,92.45100000000001,0.0,-12200.0,34805.97408718222
18-04-2040 19:00:00,21495.60786771386,10745.359912697564,15517.22613820419,318.902,6529.715,0.0,514.2267,0.0,0.0,0.0,219.5705,92.6955,0.0,-12200.0,34724.49807609243
18-04-2040 20:00:00,21989.16327012885,1641.9175075122978,9696.63066755634,320.605,7069.483,0.0,518.84535,0.0,0.0,0.0,216.449,93.055,0.0,-7575.055958109533,35852.07448190246
18-04-2040 21:00:00,24185.71918544686,7.430763484183613,5964.788666843728,324.532,7791.468000000001,0.0,523.7874,0.0,0.0,0.0,220.2595,94.9975,0.0,-2354.9483500010283,38232.43081356608
18-04-2040 22:00:00,24886.718538431225,5.916488538354542,5302.8558592476475,315.237,7200.185,0.0,523.4995500000001,0.0,0.0,0.0,215.088,95.70700000000001,0.0,-4080.313618138549,35764.42900474717
18-04-2040 23:00:00,24199.484063948654,8.880140932338803,5285.701069894247,318.14799999999997,6096.516,0.0,516.8796000000001,0.0,0.0,0.0,209.2465,96.5445,0.0,-5368.442203765415,32558.229470720034
19-04-2040 00:00:00,24435.2506354873,1.33039870240888,5249.804059248301,319.302,5750.94,0.0,501.82695000000007,0.0,0.0,0.0,206.8695,97.1295,0.0,-7458.617637772582,30223.196860182976
19-04-2040 01:00:00,24325.936073602144,9.69135965331997,5238.200896510825,320.83099999999996,5630.361,0.0,501.2061000000001,0.0,0.0,0.0,209.287,98.245,0.0,-9154.623070724501,28250.648745285325
19-04-2040 02:00:00,23592.746475133044,1.2222362062780767,5231.552977119281,318.751,5003.452,0.0,504.6232500000001,0.0,0.0,0.0,215.1685,98.7745,0.0,-8905.963649132991,27107.74892581018
19-04-2040 03:00:00,21892.747238706055,9.399320913766804,5223.4667216060625,317.993,5125.673,0.0,504.18810000000013,0.0,0.0,0.0,203.3565,98.3055,0.0,-7783.856777961959,26626.989609249133
19-04-2040 04:00:00,21413.1230234719,1.6657024404143703,5242.805326168542,317.178,5231.852,0.0,502.5868500000001,0.0,0.0,0.0,194.15900000000002,97.969,0.0,-7543.149847930294,26495.544456940737
19-04-2040 05:00:00,20734.55202969223,7.300968488829222,5024.011599175166,312.786,5127.097,0.0,506.53860000000014,0.0,0.0,0.0,202.46099999999998,97.949,0.0,-6000.767317480248,27043.942845837435
19-04-2040 06:00:00,20481.82978877581,5.559552301123288,3053.4034090863424,313.068,6103.808000000001,0.0,511.58235000000013,0.0,0.0,0.0,208.13400000000001,98.416,0.0,-2187.76703596647,29466.29581364184
19-04-2040 07:00:00,20332.581995519864,327.8080770236256,1154.3524410498503,306.553,7085.264,2466.502282143734,527.1834,0.0,0.0,0.0,210.1855,98.4635,0.0,0.0,33267.75563931307
19-04-2040 08:00:00,18749.381175961316,6352.729517749695,690.6469079759263,303.855,7899.866,55.31078124438136,534.6855,0.0,0.0,0.0,205.5475,98.1475,0.0,0.0,35658.724494183334
19-04-2040 09:00:00,15613.310671389145,16373.439637286849,5463.782868371054,302.216,7849.42,0.0,530.6202000000001,0.0,0.0,0.0,207.921,98.352,0.0,-10845.189832872875,36941.31687218559
19-04-2040 10:00:00,18372.27997404206,27085.681823195635,15816.347429455112,301.974,7080.439,0.0,525.2572500000001,0.0,0.0,0.0,199.3405,95.8745,0.0,-12200.0,37232.84748619723
19-04-2040 11:00:00,21351.560484985217,33488.506972324816,17550.954481143912,311.868,7001.501,0.0,522.9159000000001,0.0,0.0,0.0,201.93599999999998,95.68799999999999,0.0,-12200.0,37413.451211948675
19-04-2040 12:00:00,23894.442942825757,37239.39932223798,17655.988099393522,313.562,6364.147,0.0,521.2902,0.0,0.0,0.0,207.1085,95.3385,0.0,-12200.0,37632.03333010025
19-04-2040 13:00:00,24991.316608166333,38919.7439014475,17655.418027150183,317.152,6147.254,0.0,514.1079000000001,0.0,0.0,0.0,210.285,95.486,0.0,-12200.0,37649.06418116301
19-04-2040 14:00:00,26032.559757430656,38909.60721648036,17619.380691028957,320.04900000000004,5527.339,0.0,510.5250000000001,0.0,0.0,0.0,212.3705,96.5445,0.0,-12200.0,36477.08659120811
19-04-2040 15:00:00,27425.400672925356,37181.05267173399,17567.21469559238,328.30300000000005,5793.576,0.0,508.8216000000001,0.0,0.0,0.0,213.6005,97.7165,0.0,-12200.0,35883.938462863385
19-04-2040 16:00:00,29893.98219245947,33704.49378333434,17513.268320688105,321.437,5437.241,0.0,507.7747500000001,0.0,0.0,0.0,216.1705,97.5625,0.0,-12200.0,35597.61051103999
19-04-2040 17:00:00,32634.774874370873,28022.45827490354,17249.99141802991,323.35400000000004,5550.258000000001,0.0,509.7342000000001,0.0,0.0,0.0,217.44299999999998,97.654,0.0,-12200.0,35097.95034607455
19-04-2040 18:00:00,35653.030993636414,19764.316592981642,16238.39383705426,325.07,6790.83,0.0,517.8681000000001,0.0,0.0,0.0,221.1675,97.0115,0.0,-12200.0,34421.821132193174
19-04-2040 19:00:00,35808.75705930696,9319.215769132072,13165.958785382623,326.66,7410.826999999999,0.0,518.3319,0.0,0.0,0.0,228.983,97.432,0.0,-12200.0,34581.8943182027
19-04-2040 20:00:00,34096.45877438122,1345.0222718857622,8211.80296187196,326.259,7863.031999999999,0.0,523.6509000000001,0.0,0.0,0.0,229.93900000000002,97.80799999999999,0.0,-12200.0,35769.05247738679
19-04-2040 21:00:00,33979.923356034225,7.26851973998998,5952.185685094824,325.905,8029.906999999999,0.0,527.5344,0.0,0.0,0.0,226.5365,98.9845,0.0,-12200.0,37851.04509753159
19-04-2040 22:00:00,33261.260558245864,5.819142291837215,5650.398209813517,318.328,7410.308000000001,0.0,524.9263500000001,0.0,0.0,0.0,224.229,98.751,0.0,-12200.0,35247.549389424676
19-04-2040 23:00:00,31661.993623131446,8.64218344085118,5623.683747456438,320.904,6283.015,0.0,518.59545,0.0,0.0,0.0,219.8345,98.6675,0.0,-12200.0,32194.339966137082
20-04-2040 00:00:00,29917.207285564138,1.6657024404143703,5584.366303350485,315.42,6267.753000000001,0.0,500.4435000000001,0.0,0.0,0.0,208.826,98.574,0.0,-12200.0,30015.68295386818
20-04-2040 01:00:00,29880.333345817002,2.855489897853206,5573.75418928219,316.515,5509.219,0.0,497.8632,0.0,0.0,0.0,206.3595,97.4775,0.0,-12200.0,28310.50428382811
20-04-2040 02:00:00,28685.712841592507,0.8761162186595064,5557.327338331816,314.8,5169.604,0.0,499.44975000000005,0.0,0.0,0.0,205.2655,97.5615,0.0,-12200.0,26977.759001192375
20-04-2040 03:00:00,26857.61011950318,2.628348655978519,5442.821750500589,316.339,5036.329000000001,0.0,499.85550000000006,0.0,0.0,0.0,207.767,97.725,0.0,-12200.0,26430.891726092814
20-04-2040 04:00:00,25524.741348416785,1.4385611985396833,3928.8589680104924,316.487,5374.6140000000005,0.0,501.61860000000013,0.0,0.0,0.0,202.0395,94.8155,0.0,-10481.56461097479,26352.351465753
20-04-2040 05:00:00,24643.471979536662,1.5575399442835671,2150.5843824819603,313.965,5476.581999999999,0.0,503.1516000000001,0.0,0.0,0.0,204.7895,96.6885,0.0,-7317.207746222779,26778.96530129944
20-04-2040 06:00:00,23876.355571809967,5.180983564665476,1656.6913315377024,314.709,6743.352,0.0,509.68080000000015,0.0,0.0,0.0,212.0665,96.9005,0.0,-4679.65462918254,29454.93484510967
20-04-2040 07:00:00,23468.154793256155,292.88240702298907,755.8105505606509,304.275,8417.213,0.0,519.2652,0.0,0.0,0.0,218.313,97.30799999999999,0.0,-1530.2819219715566,33254.73224426016
20-04-2040 08:00:00,22608.59053764024,4904.531040804755,540.612663871405,298.437,8995.921,0.0,526.6066500000001,0.0,0.0,0.0,223.292,97.834,0.0,-3305.766057660443,35638.84903009657
20-04-2040 09:00:00,21662.020182952416,14124.637514732432,1390.6693117692485,301.998,8739.491,0.0,524.88315,0.0,0.0,0.0,220.518,98.177,0.0,-11046.842852492271,36899.197479107745
20-04-2040 10:00:00,22869.639775858483,21704.513816084545,8676.078567189194,301.871,8580.142,0.0,520.1901000000001,0.0,0.0,0.0,203.977,98.177,0.0,-12200.0,37464.350329963396
20-04-2040 11:00:00,25370.662891143194,27466.64365621121,12579.62632759544,297.957,7524.914000000001,0.0,514.5315,0.0,0.0,0.0,204.345,98.146,0.0,-12200.0,37611.91681602793
20-04-2040 12:00:00,28369.665971404032,31778.963398200587,14768.616038594017,297.036,6955.137,0.0,511.51890000000003,0.0,0.0,0.0,217.1835,97.0695,0.0,-12200.0,37819.69632371572
20-04-2040 13:00:00,30999.27602551536,34054.04252556631,14776.246236312552,316.361,6639.1269999999995,0.0,515.1274500000001,0.0,0.0,0.0,232.217,96.825,0.0,-12200.0,37635.81982362333
20-04-2040 14:00:00,33844.16970750008,35257.891107502146,14741.840183841501,320.935,5793.8369999999995,0.0,509.5578000000001,0.0,0.0,0.0,233.6205,97.6985,0.0,-12200.0,36471.53872163316
20-04-2040 15:00:00,36672.494482638074,34534.66257712353,13915.665177768446,319.65,5527.321,0.0,509.61525000000006,0.0,0.0,0.0,234.1385,97.8075,0.0,-12200.0,35412.69652883387
20-04-2040 16:00:00,38746.28036757168,31420.96716850687,13992.984514649579,323.122,5366.816999999999,0.0,507.5959500000001,0.0,0.0,0.0,226.2475,97.8375,0.0,-12200.0,34769.76265069478
20-04-2040 17:00:00,39668.80956330542,25497.437251653817,12334.85484699023,325.26099999999997,5498.611999999999,0.0,509.84115,0.0,0.0,0.0,222.2805,97.4015,0.0,-12200.0,34521.96289355333
20-04-2040 18:00:00,39216.204578517405,17583.912098487013,10098.066770973266,327.825,5976.339,0.0,513.4462500000001,0.0,0.0,0.0,225.9545,96.7725,0.0,-12200.0,33925.21240709113
20-04-2040 19:00:00,36417.0107572472,7883.347816746305,7585.284796100517,320.996,7631.276999999999,0.0,518.2236,0.0,0.0,0.0,230.6245,95.4455,0.0,-12200.0,33815.114686142406
20-04-2040 20:00:00,32017.788078675643,966.280475434144,4628.311299560475,304.22,8132.829000000001,0.0,520.9360500000001,0.0,0.0,0.0,231.68,96.84100000000001,0.0,-12200.0,34638.98298978169
20-04-2040 21:00:00,30126.182816549797,6.619544763205159,3798.4001277079806,328.185,8611.544,0.0,525.26175,0.0,0.0,0.0,225.2525,97.5805,0.0,-8238.035057003257,36675.366571918865
20-04-2040 22:00:00,29668.797446873232,10.080744639390863,3262.181405281386,323.279,7848.177,0.0,524.3520000000001,0.0,0.0,0.0,214.495,97.80799999999999,0.0,-8555.678894985416,34442.910401994224
20-04-2040 23:00:00,28177.236141513204,4.034461105678961,2211.3716243062518,321.173,6215.255,0.0,519.8040000000001,0.0,0.0,0.0,214.894,98.29,0.0,-6766.190619274719,31844.672038711156
21-04-2040 00:00:00,26491.048195083804,1.946924930354459,1668.0401543512417,322.444,6181.342,0.0,496.5933000000001,0.0,0.0,0.0,222.875,98.414,0.0,-6378.22385077308,29825.520554615443
21-04-2040 01:00:00,24647.81532276469,7.571374729156228,1311.5520547360356,324.566,5500.87,0.0,490.3387500000001,0.0,0.0,0.0,228.149,96.66,0.0,-5270.030934282924,27970.811287517416
21-04-2040 02:00:00,22988.75876791555,2.552634908686957,375.81793383549666,318.026,5085.867,0.0,487.19700000000006,0.0,0.0,0.0,228.422,97.65799999999999,0.0,-3512.8736925407684,26569.789712445312
21-04-2040 03:00:00,20744.909530284094,7.149540994246095,90.74673079731292,327.028,5179.673,0.0,477.1120500000001,0.0,0.0,0.0,228.313,97.163,0.0,-1721.972303993305,25881.910799731017
21-04-2040 04:00:00,19765.785373325278,2.0550874264852617,83.81816045520827,325.803,5152.065,0.0,476.05050000000006,0.0,0.0,0.0,230.4905,97.5085,0.0,-1128.890374750441,25450.823775795212
21-04-2040 05:00:00,20752.172930624467,6.889951003532168,83.3884136871493,320.402,4959.109,0.0,470.31450000000007,0.0,0.0,0.0,228.6755,95.9315,0.0,-2066.167570993188,25305.9981173442
21-04-2040 06:00:00,21885.905409524945,4.294051096392889,82.23949885825277,324.105,5409.948,0.0,469.9056000000001,0.0,0.0,0.0,230.71400000000003,96.77600000000001,0.0,-3244.4943418951443,25747.400071911885
21-04-2040 07:00:00,21943.343513068547,392.98679719204745,82.20441748943995,320.705,6631.62,0.0,471.41745000000003,0.0,0.0,0.0,232.53,97.545,0.0,-4120.352133094599,26576.946441877564
21-04-2040 08:00:00,21171.69811609873,3843.154098772411,79.52069277464761,321.439,6888.346,0.0,476.18895000000003,0.0,0.0,0.0,224.37099999999998,98.618,0.0,-5182.1526946249,28517.825870941495
21-04-2040 09:00:00,19696.829481595498,8726.095905349457,101.71842889604159,329.593,7912.888000000001,0.0,470.3850000000001,0.0,0.0,0.0,223.9255,98.2745,0.0,-6790.247281235961,31451.07349539926
21-04-2040 10:00:00,19801.93606713862,13477.750074122938,185.6681444843125,327.637,8352.161,0.0,466.76355000000007,0.0,0.0,0.0,224.0615,97.3385,0.0,-10397.011775372452,33268.774521890904
21-04-2040 11:00:00,22103.35877519969,17649.65326363532,196.60476121419924,325.881,7372.726,0.0,464.5281000000001,0.0,0.0,0.0,223.8465,97.4445,0.0,-12200.0,33652.98662340417
21-04-2040 12:00:00,24471.308506293117,20978.47306080653,189.74635360974935,330.227,7276.766,0.0,463.10595000000006,0.0,0.0,0.0,222.5365,97.4605,0.0,-12200.0,33727.99148395584
21-04-2040 13:00:00,24878.689348280277,23341.5099300258,175.27528897114098,330.978,6824.681,0.0,461.1148500000001,0.0,0.0,0.0,227.8965,97.6655,0.0,-12200.0,33856.12219896284
21-04-2040 14:00:00,24942.6211947267,24067.312727812332,183.67727680373355,330.18199999999996,6584.128000000001,0.0,459.12810000000013,0.0,0.0,0.0,225.5625,96.3785,0.0,-12200.0,32946.50371087876
21-04-2040 15:00:00,22253.488387027322,23425.14117203413,565.8975604490261,325.439,6418.214,0.0,458.40495000000004,0.0,0.0,0.0,230.1755,97.5725,0.0,-12200.0,31332.95751451433
21-04-2040 16:00:00,21038.20316074818,20483.96494474611,957.0197414325958,325.72700000000003,6166.244000000001,0.0,459.80820000000006,0.0,0.0,0.0,232.1765,97.7795,0.0,-12200.0,30382.141426352737
21-04-2040 17:00:00,19232.807266879485,15821.177082793694,472.4671049369208,327.841,6627.76,0.0,456.23220000000003,0.0,0.0,0.0,227.81900000000002,96.516,0.0,-12200.0,29779.45917589416
21-04-2040 18:00:00,17754.86773787664,10001.79683346499,266.75872851369786,334.07599999999996,7040.235,0.0,459.55095000000006,0.0,0.0,0.0,226.90900000000002,95.875,0.0,-7145.964058341813,29718.739502912398
21-04-2040 19:00:00,16912.328768894553,4183.09800786191,98.79790494168992,329.87199999999996,7778.401,0.0,464.73795,0.0,0.0,0.0,226.2295,96.0205,0.0,-864.8280469738147,29909.69573035831
21-04-2040 20:00:00,16877.701919455067,542.4998155936571,0.0,332.63800000000003,8334.943000000001,3369.2791303549093,467.03895000000006,0.0,0.0,0.0,227.107,96.704,0.0,0.0,30964.081474350583
21-04-2040 21:00:00,16467.977296527402,7.657904726060873,0.0,318.296,9287.911,5974.915143851398,469.7811000000001,0.0,0.0,0.0,227.085,95.6,0.0,0.0,33582.08370450486
21-04-2040 22:00:00,15621.207145451395,4.93220982356463,0.0,309.778,8791.603000000001,6135.354927417544,468.2643000000001,0.0,0.0,0.0,227.8535,95.8385,0.0,0.0,32311.424788750443
21-04-2040 23:00:00,15392.003934071616,3.6667086188342313,0.0,307.68,8037.343000000001,5020.665685153615,467.24295000000006,0.0,0.0,0.0,225.614,95.05799999999999,0.0,0.0,30135.114665924248
22-04-2040 00:00:00,15478.263581457853,0.9301974667249082,0.0,322.14099999999996,7487.063,3229.785113222535,463.65630000000004,0.0,0.0,0.0,222.2065,97.4375,0.0,0.0,28005.629246773566
22-04-2040 01:00:00,15751.712426433947,4.661803583237622,0.0,330.295,6717.312,0.0,462.38520000000005,0.0,0.0,0.0,225.8635,97.8275,0.0,0.0,25952.04518580601
22-04-2040 02:00:00,15558.617364989057,1.4385611985396838,0.0,330.159,5452.305,0.0,461.0857500000001,0.0,0.0,0.0,229.2125,98.4585,0.0,0.0,24684.075762945995
22-04-2040 03:00:00,13816.890319045406,4.564457336719899,0.0,324.705,5308.06,0.0,461.23650000000004,0.0,0.0,0.0,222.295,98.537,0.0,0.0,23845.202841687347
22-04-2040 04:00:00,12719.18476994822,1.7846811861582546,0.0,326.757,5091.125,0.0,458.9436000000001,0.0,0.0,0.0,220.9595,98.7785,0.0,0.0,23365.427812567315
22-04-2040 05:00:00,11170.73069621391,5.786693542997977,1628.615765223325,320.177,5258.725,0.0,462.3375000000001,0.0,0.0,0.0,220.2705,99.0785,0.0,0.0,23223.205345164017
22-04-2040 06:00:00,9663.037525667678,6.359954772491234,6945.17325518998,320.325,5390.031999999999,0.0,463.70220000000006,0.0,0.0,0.0,226.804,98.585,0.0,0.0,23562.749545187333
22-04-2040 07:00:00,8997.713148589697,245.06376748356098,7156.084488781138,318.069,5653.795,0.0,461.4852,0.0,0.0,0.0,226.9115,98.6855,0.0,0.0,23623.382172340975
22-04-2040 08:00:00,8797.648626328331,3693.2949603831835,4426.942624636276,320.715,6085.026,0.0,462.4095000000001,0.0,0.0,0.0,229.037,98.639,0.0,0.0,24635.231149669293
22-04-2040 09:00:00,8175.728327898873,10115.66048340396,0.0,325.712,7071.878000000001,0.0,460.2906000000001,0.0,0.0,0.0,232.6705,98.8185,0.0,0.0,27081.64410515228
22-04-2040 10:00:00,6692.838150193205,12832.16523900481,0.0,327.02,7817.379,0.0,459.9132,0.0,0.0,0.0,230.412,98.46,0.0,0.0,29132.377601244338
22-04-2040 11:00:00,6629.412806096582,13565.489548787127,0.0,321.764,7891.029,0.0,457.93515,0.0,0.0,0.0,231.71400000000003,97.833,0.0,0.0,29977.37572167298
22-04-2040 12:00:00,6557.848073045339,13772.06421519969,0.0,320.475,7861.159000000001,0.0,459.1188000000001,0.0,0.0,0.0,229.4665,97.5665,0.0,0.0,30167.041141325877
22-04-2040 13:00:00,10974.629214947005,22392.682779039096,0.0,327.4,7543.937,0.0,457.78890000000007,0.0,0.0,0.0,225.6325,97.2095,0.0,-12200.0,30454.119770419104
22-04-2040 14:00:00,14889.331470583687,27274.591757414437,0.0,321.426,6677.328,0.0,456.8292,0.0,0.0,0.0,220.2775,97.6075,0.0,-12200.0,30265.743670596352
22-04-2040 15:00:00,15373.719006565061,25992.799536449897,0.0,318.70099999999996,5923.991,0.0,452.1529500000001,0.0,0.0,0.0,222.593,98.286,0.0,-12200.0,28687.36622073556
22-04-2040 16:00:00,16760.229070334623,23327.713137489136,0.0,319.569,5480.119000000001,0.0,448.2673500000001,0.0,0.0,0.0,223.1365,98.3695,0.0,-12200.0,27626.100880396287
22-04-2040 17:00:00,16697.712347922024,18842.88024031552,3864.5635533138993,312.44,5420.172,0.0,451.4632500000001,0.0,0.0,0.0,226.6145,97.2145,0.0,-12200.0,27335.44704850803
22-04-2040 18:00:00,15038.077092717615,12424.83106844809,7486.171158839425,291.971,6298.536999999999,0.0,449.69835000000006,0.0,0.0,0.0,234.5545,98.1825,0.0,-12200.0,27489.604838112802
22-04-2040 19:00:00,16692.10229164515,5900.329052870197,5330.3771930875955,298.688,7076.454000000001,0.0,455.4774,0.0,0.0,0.0,234.96200000000002,98.1,0.0,-9265.577891128314,28069.198740649368
22-04-2040 20:00:00,14405.94899254946,960.6127606368905,1630.98545853424,318.54900000000004,8324.585,2616.6965890660686,462.18075000000005,0.0,0.0,0.0,234.5555,99.1445,0.0,0.0,29933.774317572825
22-04-2040 21:00:00,14262.514240140994,11.021758355728856,65.53199695734656,307.339,8673.499,8000.0,464.4352500000001,0.0,0.0,0.0,232.8575,98.6515,0.0,0.0,32924.74597375668
22-04-2040 22:00:00,15415.697006747405,7.3334172376684625,0.0,321.367,8090.9619999999995,6774.61497833282,470.28375000000005,0.0,0.0,0.0,226.955,97.387,0.0,0.0,32051.256340220567
22-04-2040 23:00:00,14734.86345215883,4.499559839041417,0.0,329.041,8138.057,5213.135906667134,472.84005000000013,0.0,0.0,0.0,229.8935,97.4635,0.0,0.0,29781.58845076657
23-04-2040 00:00:00,14230.149951510406,1.2330524558911575,0.0,350.473,6365.6230000000005,1125.5525259339793,471.57720000000006,0.0,0.0,0.0,225.7955,98.1455,0.0,0.0,27462.754548055123
23-04-2040 01:00:00,14243.37336246021,4.521192338267578,0.0,354.717,5854.685,0.0,472.31340000000006,0.0,0.0,0.0,217.0375,98.3435,0.0,0.0,25850.117868997306
23-04-2040 02:00:00,12497.140533025326,1.092441210921113,0.0,355.12300000000005,5797.92,0.0,471.10200000000003,0.0,0.0,0.0,231.385,98.39,0.0,0.0,24754.818725836383
23-04-2040 03:00:00,10908.95434443657,5.137718566213156,4508.693629770794,339.279,5637.184,0.0,470.6989500000001,0.0,0.0,0.0,232.8945,97.1895,0.0,0.0,24424.878954172702
23-04-2040 04:00:00,9612.77773470753,1.925292431128299,7576.649560527878,348.349,5521.475,0.0,471.7918500000001,0.0,0.0,0.0,231.899,98.85,0.0,0.0,24286.82017888102
23-04-2040 05:00:00,8809.657602929428,5.462206054605566,8816.744579509117,345.25800000000004,5804.571,0.0,474.3231000000001,0.0,0.0,0.0,228.8025,98.4095,0.0,0.0,25025.77602117344
23-04-2040 06:00:00,7866.610654902988,5.440573555379405,12119.596812322126,344.3,6130.07,0.0,480.98190000000005,0.0,0.0,0.0,228.132,98.15700000000001,0.0,0.0,27786.046101598677
23-04-2040 07:00:00,8375.38902975681,209.49993875575288,13391.159179902283,341.963,7842.02,0.0,493.6626000000001,0.0,0.0,0.0,229.5975,98.4155,0.0,0.0,31591.39285828697
23-04-2040 08:00:00,9029.358058911817,2745.62925053315,11842.379654821048,350.91,8565.12,0.0,509.30115000000006,0.0,0.0,0.0,225.024,98.397,0.0,0.0,34048.096936995855
23-04-2040 09:00:00,9192.730419815824,8959.294247007472,6300.88265548914,358.861,8974.412,0.0,513.6688500000001,0.0,0.0,0.0,226.52900000000002,98.101,0.0,0.0,35353.44101131991
23-04-2040 10:00:00,7733.831210235592,16286.805812387196,1114.2391877769624,357.208,8998.198,0.0,513.5511000000001,0.0,0.0,0.0,229.1405,97.8525,0.0,0.0,36109.98829468782
23-04-2040 11:00:00,5520.884914582095,19672.371701971817,0.0,351.50300000000004,9114.558,0.0,511.7140500000001,0.0,0.0,0.0,232.0585,97.4425,0.0,0.0,36469.972640708496
23-04-2040 12:00:00,4533.7580931058765,20156.52071225142,0.0,357.914,9439.623,0.0,510.40485000000007,0.0,0.0,0.0,228.6155,96.4215,0.0,0.0,36716.146426419604
23-04-2040 13:00:00,4440.769450397636,20724.07756771404,0.0,366.50199999999995,8816.791,0.0,507.47595000000007,0.0,0.0,0.0,227.96400000000003,95.26700000000001,0.0,0.0,36749.31497883011
23-04-2040 14:00:00,4711.994301620785,19589.271461115895,0.0,375.98199999999997,8707.901,0.0,506.39280000000014,0.0,0.0,0.0,228.9475,97.0075,0.0,0.0,35707.02042115034
23-04-2040 15:00:00,5767.267257720249,18353.11273963057,0.0,377.561,8329.044,0.0,500.1609000000001,0.0,0.0,0.0,223.6725,96.8245,0.0,0.0,34973.85982226063
23-04-2040 16:00:00,7256.078478960749,16757.505191047472,0.0,378.414,8124.345,0.0,504.5155500000001,0.0,0.0,0.0,214.39,97.41799999999999,0.0,0.0,34473.974602910486
23-04-2040 17:00:00,10199.718004797453,16538.176581735035,0.0,378.98,8106.335999999999,0.0,508.68390000000005,0.0,0.0,0.0,231.05700000000002,97.432,0.0,-2990.2109614801707,34237.000891648095
23-04-2040 18:00:00,12838.977077172534,12608.031609562511,0.0,386.094,8200.232,0.0,510.32865000000004,0.0,0.0,0.0,236.13400000000001,98.21600000000001,0.0,-2276.0296681498185,33743.50386890589
23-04-2040 19:00:00,14266.722216483022,6083.8483686181335,0.0,387.157,8168.109,2940.7912199305883,514.7196000000001,0.0,0.0,0.0,235.50400000000002,96.484,0.0,0.0,33695.69338982646
23-04-2040 20:00:00,16986.246823902664,1061.441839530025,0.0,380.601,8652.332,5997.853587266083,517.1367,0.0,0.0,0.0,234.35299999999998,98.03,0.0,0.0,34785.03733357573
23-04-2040 21:00:00,20820.6569720659,11.010942106115776,0.0,383.495,8604.073,5315.755787412483,519.59325,0.0,0.0,0.0,219.6975,99.0655,0.0,0.0,36784.82074892468
23-04-2040 22:00:00,20430.15444695061,6.868318504306009,0.0,379.995,8194.954,4055.2784468576647,517.7712,0.0,0.0,0.0,230.1895,98.6865,0.0,0.0,34598.0870741768
23-04-2040 23:00:00,19741.554700730798,3.4503836265726253,0.0,381.51300000000003,6758.1,3020.650627226074,513.64245,0.0,0.0,0.0,234.2665,96.4165,0.0,0.0,31332.08370831671
24-04-2040 00:00:00,18801.025576784006,1.7954974357713347,0.0,376.908,5987.571,2399.6703313071084,504.92895000000004,0.0,0.0,0.0,234.459,98.541,0.0,0.0,29242.6389981092
24-04-2040 01:00:00,18368.977020541835,8.112187209810246,0.0,372.259,5622.315,0.0,501.25605000000013,0.0,0.0,0.0,237.3675,99.4255,0.0,0.0,27579.96212760557
24-04-2040 02:00:00,16919.472272850187,2.228147420294548,0.0,371.528,5531.031,0.0,495.8184,0.0,0.0,0.0,240.4325,98.4215,0.0,0.0,26329.623948827917
24-04-2040 03:00:00,13889.029266408905,7.89586221754864,0.0,371.92,5891.398,0.0,491.2398000000001,0.0,0.0,0.0,239.83599999999998,97.21600000000001,0.0,0.0,26190.396378698835
24-04-2040 04:00:00,13591.593409233132,1.871211183062897,45.613825870810615,369.434,5693.842,0.0,490.65660000000014,0.0,0.0,0.0,243.53,98.947,0.0,0.0,25973.215549583678
24-04-2040 05:00:00,15045.545926036295,7.90667846716172,3693.5677779504167,372.04699999999997,5429.666,0.0,492.40065000000004,0.0,0.0,0.0,245.085,98.81200000000001,0.0,0.0,26620.47307584333
24-04-2040 06:00:00,15804.490041473742,6.673626011270564,5403.120784134106,374.655,6054.661999999999,0.0,494.7025500000001,0.0,0.0,0.0,243.416,98.22200000000001,0.0,0.0,29005.45436810944
24-04-2040 07:00:00,14998.74379210719,299.058485552058,7669.80177050384,373.50300000000004,7803.474,0.0,499.2007500000001,0.0,0.0,0.0,242.8715,98.3265,0.0,0.0,32604.874130887823
24-04-2040 08:00:00,12923.341239792184,4005.743962956235,7721.0444260138775,381.76,8879.562,0.0,503.5563000000001,0.0,0.0,0.0,240.19,97.766,0.0,0.0,35438.263078922166
24-04-2040 09:00:00,12645.382743699543,11543.999335797214,1441.4093941763313,385.902,9004.544,0.0,500.29350000000005,0.0,0.0,0.0,238.0665,97.4755,0.0,0.0,36583.79659268394
24-04-2040 10:00:00,10369.01939610669,15798.326639453851,0.0,384.171,9009.586,0.0,500.75340000000006,0.0,0.0,0.0,236.233,94.883,0.0,0.0,37163.63824103901
24-04-2040 11:00:00,9185.070082783717,17138.88051566218,0.0,384.534,8991.487,0.0,503.2762500000001,0.0,0.0,0.0,233.06900000000002,93.493,0.0,0.0,37534.946728510695
24-04-2040 12:00:00,8497.840753104045,17943.544019123452,0.0,391.274,8928.622,0.0,504.9051000000001,0.0,0.0,0.0,224.576,86.72,0.0,0.0,37905.05740586901
24-04-2040 13:00:00,12422.293318911667,26842.390273669702,0.0,396.213,8744.875,0.0,505.84755000000007,0.0,0.0,0.0,225.945,85.273,0.0,-12200.0,37850.091313329496
24-04-2040 14:00:00,15697.327894476815,32826.92513073927,0.0,387.839,8338.296,0.0,507.1144500000001,0.0,0.0,0.0,224.8745,85.3315,0.0,-12200.0,36970.30908480011
24-04-2040 15:00:00,16319.529219288544,31349.02996655563,0.0,389.32,7737.79,0.0,506.3325000000001,0.0,0.0,0.0,223.7445,84.8635,0.0,-12200.0,36130.502094847434
24-04-2040 16:00:00,15519.530135194635,27801.164328260318,0.0,401.78,7974.848000000001,0.0,506.1679500000001,0.0,0.0,0.0,221.107,85.056,0.0,-12200.0,35717.38594251992
24-04-2040 17:00:00,15265.198133099058,22789.41262624221,0.0,401.99,8003.733,0.0,507.90870000000007,0.0,0.0,0.0,230.743,85.369,0.0,-12200.0,35538.44724722423
24-04-2040 18:00:00,14931.195247499263,15490.934863551736,0.0,400.759,7905.273,0.0,512.3964,0.0,0.0,0.0,231.2885,85.6875,0.0,-6055.149688799187,34915.90255235406
24-04-2040 19:00:00,13553.744827906778,7315.213489569649,1732.3289644284232,412.355,8257.929,1552.5603345752443,511.27860000000015,0.0,0.0,0.0,237.047,85.844,0.0,0.0,34943.63743634019
24-04-2040 20:00:00,12609.158565005218,1231.3867534507433,2446.951786280435,401.92,8810.048,8000.0,513.7066500000001,0.0,0.0,0.0,248.95,85.786,0.0,0.0,35967.09773195416
24-04-2040 21:00:00,12258.759426195329,12.797955724638165,1173.4594445298899,397.555,9464.756,8000.0,516.6469500000001,0.0,0.0,0.0,256.22900000000004,85.249,0.0,0.0,38086.14285960087
24-04-2040 22:00:00,13564.593516913565,7.90667846716172,739.4626326901489,394.35,9098.755,7003.374591722986,516.0936000000002,0.0,0.0,0.0,255.683,84.76700000000001,0.0,0.0,35394.61815190795
24-04-2040 23:00:00,12604.269886607864,4.802414828207666,4732.714989992768,405.72,7916.522,0.0,512.5215000000001,0.0,0.0,0.0,254.5245,84.6245,0.0,0.0,32140.666913334884
25-04-2040 00:00:00,11776.520716827901,1.3628474512481215,7414.94296997534,409.156,7524.133000000001,0.0,499.9437000000001,0.0,0.0,0.0,253.028,86.194,0.0,0.0,29951.138844310037
25-04-2040 01:00:00,10954.735425282684,7.506477231477749,7968.710784785017,416.274,7514.273,0.0,496.6854000000001,0.0,0.0,0.0,255.1575,86.9625,0.0,0.0,28166.04354827192
25-04-2040 02:00:00,10193.768541805823,1.4601936977658445,8756.410883376413,414.204,6312.143,0.0,496.28550000000007,0.0,0.0,0.0,255.19400000000002,86.76899999999999,0.0,0.0,26958.559444241037
25-04-2040 03:00:00,9077.529332202208,6.18689477868195,9275.951751084052,410.01800000000003,6594.3730000000005,0.0,494.79645000000005,0.0,0.0,0.0,253.4855,86.8195,0.0,0.0,26633.909752584434
25-04-2040 04:00:00,8186.3511072666915,3.4720161257987856,9946.132889041914,406.642,6688.919,0.0,492.3877500000001,0.0,0.0,0.0,256.4135,86.7215,0.0,0.0,26504.654881626273
25-04-2040 05:00:00,7922.985161485142,4.175072350649007,10321.942112935067,405.22,7000.683000000001,0.0,492.92565,0.0,0.0,0.0,255.976,87.081,0.0,0.0,26944.939004085012
25-04-2040 06:00:00,8119.162720305577,4.196704849875167,11786.103567298527,404.311,7611.021,0.0,497.6028000000001,0.0,0.0,0.0,248.8425,86.6075,0.0,0.0,29278.175271442673
25-04-2040 07:00:00,8676.313484966135,373.5932616357946,13383.063532742583,400.994,8285.927,0.0,506.1975000000001,0.0,0.0,0.0,259.355,86.09100000000001,0.0,0.0,32589.80032299483
25-04-2040 08:00:00,8965.105199564307,4781.117632719511,10716.78730589633,408.56800000000004,8884.91,0.0,509.8087500000001,0.0,0.0,0.0,262.4395,85.7745,0.0,0.0,35301.87119403984
25-04-2040 09:00:00,8136.849370868159,12712.597760244022,4890.757889602698,418.865,9203.824,0.0,505.9042500000001,0.0,0.0,0.0,264.2325,86.2215,0.0,0.0,36945.70078280252
25-04-2040 10:00:00,7706.046005589956,18510.08466944595,0.0,406.069,9196.76,0.0,498.6675,0.0,0.0,0.0,263.893,86.374,0.0,0.0,37539.489479164404
25-04-2040 11:00:00,7451.013948049498,19105.20530696529,0.0,403.654,8748.951,0.0,499.0398000000001,0.0,0.0,0.0,268.625,86.245,0.0,0.0,37914.038749775245
25-04-2040 12:00:00,7703.6081789119,19018.971264137544,0.0,419.881,8767.539,0.0,495.9114,0.0,0.0,0.0,270.791,86.515,0.0,0.0,38321.94145218369
25-04-2040 13:00:00,7949.564774896281,18991.20689912015,0.0,421.394,8321.062,0.0,504.46935000000013,0.0,0.0,0.0,271.01599999999996,86.709,0.0,0.0,38270.38242263446
25-04-2040 14:00:00,12349.034524485243,24142.792980159396,0.0,419.54900000000004,7627.293000000001,0.0,507.56970000000007,0.0,0.0,0.0,273.4175,86.8365,0.0,-10120.539830402036,37172.943960851735
25-04-2040 15:00:00,19040.738557188,29198.44475336744,0.0,413.894,7373.241999999999,0.0,504.17505000000006,0.0,0.0,0.0,262.5835,86.0965,0.0,-12200.0,36394.849859099086
25-04-2040 16:00:00,24192.45242914855,26117.740603667466,0.0,402.75,6181.619000000001,0.0,501.4929,0.0,0.0,0.0,259.8845,86.1275,0.0,-12200.0,35815.513374139686
25-04-2040 17:00:00,27795.817698944655,21616.032841936296,0.0,397.473,5809.59,0.0,505.6420500000001,0.0,0.0,0.0,256.1905,85.7895,0.0,-12200.0,35655.01872264615
25-04-2040 18:00:00,30469.792916656435,15028.164637088716,0.0,413.86,5959.65,0.0,506.8578000000001,0.0,0.0,0.0,256.524,85.917,0.0,-12200.0,35071.79791060468
25-04-2040 19:00:00,32015.083794115584,7442.8125969096345,0.0,417.06300000000005,6069.203,0.0,505.9683000000001,0.0,0.0,0.0,268.433,86.385,0.0,-12200.0,35143.24058803646
25-04-2040 20:00:00,31876.53849609725,1391.8674472801379,0.0,426.61300000000006,7387.46,0.0,509.70390000000003,0.0,0.0,0.0,269.274,86.728,0.0,-7000.158021266379,36228.583027627385
25-04-2040 21:00:00,32745.075679309655,14.54785572887981,0.0,414.86699999999996,7870.276,0.0,510.4368000000001,0.0,0.0,0.0,274.264,86.023,0.0,-5306.078733960148,37642.58038294043
25-04-2040 22:00:00,32002.59217875128,7.484844732236564,0.0,395.10699999999997,7045.0419999999995,0.0,511.90215,0.0,0.0,0.0,271.83299999999997,87.06200000000001,0.0,-6029.071274011076,35089.904558825205
25-04-2040 23:00:00,31782.860781828043,3.2232423846976777,0.0,393.333,5965.434,0.0,508.0848000000001,0.0,0.0,0.0,272.4305,86.3075,0.0,-7535.436142379276,32142.1206530626
26-04-2040 00:00:00,30675.27731768044,1.3520312016350364,0.0,389.974,5569.701999999999,0.0,495.5256000000001,0.0,0.0,0.0,266.95799999999997,86.76899999999999,0.0,-8059.5706262476015,29995.833901122445
26-04-2040 01:00:00,30762.933177805262,8.858508433112787,0.0,388.54,5238.365,0.0,493.9675500000001,0.0,0.0,0.0,264.30400000000003,85.949,0.0,-9525.109331922777,28190.13999104091
26-04-2040 02:00:00,30764.584653814494,1.233052455891157,0.0,389.50199999999995,4896.7429999999995,0.0,494.48370000000006,0.0,0.0,0.0,270.366,87.251,0.0,-10356.913577778585,26993.149373186767
26-04-2040 03:00:00,29627.54922289555,7.744434722965513,0.0,393.44800000000004,4848.405,0.0,491.9878500000001,0.0,0.0,0.0,268.0345,87.5125,0.0,-9595.191772187336,26564.680791918145
26-04-2040 04:00:00,29389.040505009416,3.006917392436331,0.0,395.07599999999996,5061.93,0.0,491.52735000000007,0.0,0.0,0.0,269.697,87.46700000000001,0.0,-9567.287969312896,26569.20754697095
26-04-2040 05:00:00,29499.0899157043,7.0521947477283735,0.0,392.10699999999997,4924.099,0.0,490.83165,0.0,0.0,0.0,269.768,87.696,0.0,-9316.392679507662,26821.638216566364
26-04-2040 06:00:00,29887.96803818755,4.272418597166729,0.0,382.535,5656.265,0.0,496.1773500000001,0.0,0.0,0.0,269.5075,87.8255,0.0,-8111.258938954394,29210.238234541546
26-04-2040 07:00:00,29295.482648654972,418.26437253781626,0.0,387.654,6092.084,0.0,508.38540000000006,0.0,0.0,0.0,267.6885,85.6185,0.0,-5192.227247235944,32496.422096877515
26-04-2040 08:00:00,26624.66691444442,5409.141534003792,0.0,390.691,7431.54,0.0,518.6704500000001,0.0,0.0,0.0,258.7035,86.3955,0.0,-6276.076572723676,35148.4715215193
26-04-2040 09:00:00,24906.31579590077,14303.332774590132,0.0,396.561,7722.518,0.0,518.2836000000001,0.0,0.0,0.0,264.9775,86.6905,0.0,-12185.151617854966,36810.260078187275
26-04-2040 10:00:00,22258.307448169016,22606.145567581305,2651.1378567339852,399.584,7661.6759999999995,0.0,516.7221000000001,0.0,0.0,0.0,270.1455,86.2885,0.0,-12200.0,37178.815834342444
26-04-2040 11:00:00,19454.80509229861,28444.335274987156,9405.411454632325,397.965,7953.991999999999,0.0,517.7091000000001,0.0,0.0,0.0,268.0995,84.4695,0.0,-12200.0,37442.94895994955
26-04-2040 12:00:00,15963.80526342298,31896.179095257547,10802.228776287433,396.186,8419.325,0.0,521.5605,0.0,0.0,0.0,258.785,85.676,0.0,-12200.0,37748.61150135507
26-04-2040 13:00:00,13060.057927029597,33886.43392156202,12099.011574749893,398.68300000000005,8520.256,0.0,522.61215,0.0,0.0,0.0,261.1,85.18700000000001,0.0,-12200.0,37735.78637735508
26-04-2040 14:00:00,10168.489742751148,34680.49807065669,12742.28986447549,409.49300000000005,8502.74,0.0,521.0226000000001,0.0,0.0,0.0,257.413,84.272,0.0,-12200.0,36645.70998388119
26-04-2040 15:00:00,7933.269177196033,33689.67552485047,13542.811619598331,412.782,8785.366,0.0,519.09045,0.0,0.0,0.0,257.205,82.954,0.0,-12200.0,35882.613431924285
26-04-2040 16:00:00,7263.524104383739,30803.965025578313,13997.51878156967,406.39300000000003,8580.439,0.0,519.2311500000001,0.0,0.0,0.0,262.822,83.175,0.0,-12200.0,35545.368506531704
26-04-2040 17:00:00,7145.553797045038,26372.461029102396,13851.799545830087,403.281,8442.22,0.0,520.7037,0.0,0.0,0.0,261.209,85.10700000000001,0.0,-12200.0,35313.49999588932
26-04-2040 18:00:00,6378.151185045078,19395.179626194215,13569.727799826098,405.699,8302.117,0.0,523.0869,0.0,0.0,0.0,263.6055,82.8245,0.0,-12200.0,34795.032724180455
26-04-2040 19:00:00,5735.684473574987,10068.024729845883,11460.241240917792,418.5,8189.785,0.0,523.821,0.0,0.0,0.0,263.8525,81.6475,0.0,-4141.790034171209,34631.15667705623
26-04-2040 20:00:00,2983.4939368091264,979.0682662219342,6846.045077462508,420.24,8720.6,8000.0,525.5085,0.0,0.0,0.0,264.508,82.59700000000001,0.0,0.0,35334.784932808245
26-04-2040 21:00:00,6161.881312716531,18.83109057637285,6796.266426843013,421.038,8801.431999999999,8000.0,526.9119000000001,0.0,0.0,0.0,262.5785,82.6985,0.0,0.0,37255.88784731652
26-04-2040 22:00:00,6862.211566514808,9.604829656415331,4580.401313475573,416.284,8594.13,8000.0,527.3487,0.0,0.0,0.0,267.4305,82.4815,0.0,0.0,35343.982031331216
26-04-2040 23:00:00,8938.863361806352,5.137718566213156,10935.748208357365,415.028,7883.387,2373.0298803210244,520.87035,0.0,0.0,0.0,269.16700000000003,82.135,0.0,0.0,32272.56329038477
27-04-2040 00:00:00,11703.472877515527,1.243868705504238,10423.945442521326,410.517,6243.584,0.0,504.9048000000001,0.0,0.0,0.0,267.887,83.242,0.0,0.0,30305.367005953412
27-04-2040 01:00:00,15407.072202296375,8.728713437755827,5671.889237698779,413.001,5470.9619999999995,0.0,501.48690000000005,0.0,0.00015000000000000001,0.0,268.0345,82.7345,0.0,0.0,28377.37668329305
27-04-2040 02:00:00,18310.0498812522,1.8387624342236562,1935.064129993927,421.349,5094.784000000001,0.0,498.636,0.0,0.0,0.0,264.5895,82.5565,0.0,0.0,27127.77244220287
27-04-2040 03:00:00,19739.26119891938,7.89586221754864,540.6799034235119,430.849,4820.555,0.0,497.3337000000001,0.0,0.0,0.0,265.056,82.14200000000001,0.0,0.0,26831.17345465237
27-04-2040 04:00:00,18962.64590342061,3.3314048808287415,976.7594833947769,421.64,4958.444,0.0,498.19485000000014,0.0,0.0,0.0,263.582,79.612,0.0,0.0,26607.469768289215
27-04-2040 05:00:00,19281.276347319086,7.2144384919245805,928.8254002733811,408.30699999999996,5105.767,0.0,500.0823000000001,0.0,0.0,0.0,266.2375,81.3355,0.0,0.0,27035.340560473298
27-04-2040 06:00:00,19312.27149658839,4.96465857240387,2609.405309738617,411.56800000000004,5648.828,0.0,507.11370000000005,0.0,0.0,0.0,274.17,81.688,0.0,0.0,29374.28725734987
27-04-2040 07:00:00,17892.025334399903,541.1694168912481,5735.092814061529,421.535,6419.53,0.0,519.7413,0.0,0.0,0.0,270.425,80.693,0.0,0.0,32500.57797718402
27-04-2040 08:00:00,15695.18708246453,6630.490807813598,3458.4916705236974,423.85400000000004,7307.4619999999995,0.0,526.02765,0.0,0.0,0.0,263.681,81.16199999999999,0.0,0.0,35074.36353058981
27-04-2040 09:00:00,12822.21971814872,14311.81436423058,0.0,426.30300000000005,7284.963000000001,0.0,524.5459500000001,0.0,0.0,0.0,265.0965,81.6175,0.0,0.0,36532.42132654961
27-04-2040 10:00:00,10099.24173240082,17169.71843417005,0.0,430.92800000000005,7177.2880000000005,0.0,525.9619500000001,0.0,0.0,0.0,272.38,89.26100000000001,0.0,0.0,37145.212796772765
27-04-2040 11:00:00,8131.562114677627,18270.419904498856,0.0,427.43800000000005,8124.805,0.0,520.5672000000001,0.0,0.0,0.0,277.4195,91.1525,0.0,0.0,37754.419764432925
27-04-2040 12:00:00,9366.723998154246,24911.354014516688,0.0,428.686,8359.05,0.0,511.03260000000006,0.0,0.0,0.0,276.347,91.12100000000001,0.0,-8085.503246707256,37958.410918644055
27-04-2040 13:00:00,13668.895606133217,36116.64387812916,0.0,435.81699999999995,7989.503000000001,0.0,517.50495,0.0,0.0,0.0,265.0805,89.5965,0.0,-12200.0,37680.7842017159
27-04-2040 14:00:00,14995.78598249177,35791.372296740905,14125.17646447511,436.102,7533.9890000000005,0.0,516.6984000000001,0.0,0.0,0.0,261.935,84.51299999999999,0.0,-12200.0,36512.3788386303
27-04-2040 15:00:00,16931.612519707454,32985.69583573025,16008.23374656291,434.7,7093.687,0.0,513.81345,0.0,0.0,0.0,266.115,85.852,0.0,-12200.0,35533.74900445022
27-04-2040 16:00:00,18303.90964357913,28513.97023909808,16707.422967846738,438.215,7061.863,0.0,516.69105,0.0,0.0,0.0,272.862,90.941,0.0,-12200.0,35022.818264697176
27-04-2040 17:00:00,20539.66559317299,23475.72801192542,16409.55583553115,437.66,6733.456,0.0,515.90655,0.0,0.0,0.0,274.822,93.955,0.0,-12200.0,34755.22264948275
27-04-2040 18:00:00,21258.08149602845,17225.537274559287,15620.058400560287,440.73699999999997,6732.201999999999,0.0,520.2778500000001,0.0,0.0,0.0,272.4465,93.7465,0.0,-12200.0,34239.429619048846
27-04-2040 19:00:00,20340.038775564433,9340.069497669308,14537.78063175286,442.369,7002.16,0.0,523.8628500000001,0.0,0.0,0.0,266.987,93.038,0.0,-12200.0,33954.25111854546
27-04-2040 20:00:00,20178.488067675753,1952.8846838845636,9081.259606727748,436.67800000000005,7415.028,0.0,527.4088500000001,0.0,0.0,0.0,250.9865,92.9805,0.0,-7277.300711490738,34433.24459516604
27-04-2040 21:00:00,19317.632025274102,20.767199257114232,5165.933276739874,434.32099999999997,8235.532,663.3348905497842,528.3285000000001,0.0,0.0,0.0,259.1565,93.3765,0.0,0.0,36069.902946858434
27-04-2040 22:00:00,19590.692616308872,10.251675836050422,4300.853032644518,420.151,8090.177,0.0,528.1521000000001,0.0,0.0,0.0,261.8585,95.4225,0.0,0.0,34467.90259841324
27-04-2040 23:00:00,17434.311216571616,5.397308556927084,3910.6341969080677,399.335,7947.943,317.07183228466965,517.1662500000001,0.0,0.0,0.0,261.189,95.37899999999999,0.0,0.0,31935.086986765302
28-04-2040 00:00:00,16459.22486044099,1.2871337039565593,3134.2221125073556,392.42699999999996,6885.746999999999,1469.8523764421334,500.70375000000007,0.0,0.0,0.0,261.964,94.398,0.0,0.0,30091.98643401795
28-04-2040 01:00:00,14251.88213815181,8.90177343156511,2659.2642303841712,398.88,6595.304,2673.3343082302636,497.07780000000014,0.0,0.0,0.0,265.5895,94.5715,0.0,0.0,28236.00793458859
28-04-2040 02:00:00,11808.869534957232,1.3087662031827199,1453.5614357228042,401.11,6438.972,5146.365290393873,497.1073500000001,0.0,0.0,0.0,272.4615,94.0305,0.0,0.0,26739.07971248587
28-04-2040 03:00:00,11082.150473639056,8.133819709036407,834.0858547421522,404.651,6117.016,6221.557969095702,496.3273500000001,0.0,0.0,0.0,279.987,94.12799999999999,0.0,0.0,26078.471067350365
28-04-2040 04:00:00,10261.56027831598,1.2330524558911575,554.268086684926,401.06199999999995,5488.609,7398.747692007455,494.75580000000014,0.0,0.0,0.0,281.948,94.34,0.0,0.0,25574.028589708516
28-04-2040 05:00:00,9809.89125885404,8.28524720361953,3410.7179417560437,402.08,5420.985,0.0,490.48170000000005,0.0,0.0,0.0,278.077,94.47,0.0,0.0,25373.54419200025
28-04-2040 06:00:00,8445.0488292938,5.57036855073637,4935.827214544906,403.639,5544.221,0.0,490.4871000000001,0.0,0.0,0.0,279.8205,94.9395,0.0,0.0,25683.669506054986
28-04-2040 07:00:00,7225.899845325616,513.4581853825364,5915.411163597728,397.11300000000006,5942.968000000001,0.0,495.3936000000001,0.0,0.0,0.0,277.209,94.376,0.0,0.0,26288.391381622816
28-04-2040 08:00:00,5978.157507408347,5567.69693708194,8899.009995837174,395.931,5994.866999999999,0.0,499.6326000000001,0.0,0.0,0.0,273.379,93.904,0.0,0.0,28303.800267100225
28-04-2040 09:00:00,5872.428234189605,13357.808682163493,3017.054534131499,396.217,6862.565,0.0,498.2725500000001,0.0,0.0,0.0,272.5235,93.7005,0.0,0.0,31220.84806776023
28-04-2040 10:00:00,6421.944788593614,16871.947184035173,0.0,395.01599999999996,6916.62,0.0,497.2926000000001,0.0,0.0,0.0,273.4855,92.9715,0.0,0.0,32866.33710711791
28-04-2040 11:00:00,6836.621576533031,16754.21852864195,0.0,395.164,7208.8369999999995,0.0,496.32375,0.0,0.0,0.0,276.409,93.15100000000001,0.0,0.0,33531.09679668059
28-04-2040 12:00:00,7811.282529397579,16404.469356344594,0.0,395.04699999999997,6318.159000000001,0.0,495.74415000000005,0.0,0.0,0.0,271.96299999999997,93.10799999999999,0.0,0.0,33391.125245114636
28-04-2040 13:00:00,13694.11678126369,23124.948991044526,4985.000745339581,401.24800000000005,5438.054,0.0,485.87940000000003,0.0,0.0,0.0,267.4225,92.9705,0.0,-12200.0,33532.61377483044
28-04-2040 14:00:00,23237.51404446246,31231.846158661203,10077.684495688358,397.189,4742.691,0.0,479.0068500000001,0.0,0.0,0.0,273.185,93.964,0.0,-12200.0,32781.92088138948
28-04-2040 15:00:00,26437.71918760163,29891.872427694456,10364.772877433716,398.291,4404.0779999999995,0.0,470.52075,0.0,0.0,0.0,270.439,93.475,0.0,-12200.0,31236.88198369756
28-04-2040 16:00:00,29540.6510388317,27186.461140268686,9517.005288851418,398.77,4532.045,0.0,468.4560000000001,0.0,0.0,0.0,266.88,93.448,0.0,-12200.0,30191.582484994124
28-04-2040 17:00:00,30816.212124802438,22490.320804549574,10334.138072110916,396.025,4887.097,0.0,468.6175500000001,0.0,0.0,0.0,271.3585,93.8755,0.0,-12200.0,29680.255203135224
28-04-2040 18:00:00,30678.27377457303,15659.408767271225,11021.67150860402,398.31199999999995,4934.593,0.0,469.29345000000006,0.0,0.0,0.0,270.9945,93.4905,0.0,-12200.0,29325.890520898152
28-04-2040 19:00:00,29466.860948121815,7536.449047432085,8422.554285063175,394.23199999999997,4997.405,0.0,470.94405000000006,0.0,0.0,0.0,271.908,93.96799999999999,0.0,-12200.0,29717.442371277164
28-04-2040 20:00:00,24956.250704147806,1320.9669326305286,4409.806993859849,403.10900000000004,6139.098000000001,0.0,476.4399,0.0,0.0,0.0,272.0365,94.0085,0.0,-8760.771399302426,30523.599452829636
28-04-2040 21:00:00,19804.434553091713,13.0335807837618,2610.808089700382,402.912,7298.628000000001,1055.4207775994546,480.7783500000001,0.0,0.0,0.0,268.198,93.727,0.0,0.0,33062.67604025978
28-04-2040 22:00:00,17546.402733432486,7.517293481090828,2336.8225992096122,403.20300000000003,6939.3640000000005,2969.998953769871,481.4067,0.0,0.0,0.0,266.3275,93.9215,0.0,0.0,31974.66419527329
28-04-2040 23:00:00,15549.122344842299,4.564457336719899,2291.7693513014237,397.259,6635.089,3431.818568930039,476.98215000000005,0.0,0.0,0.0,269.5425,93.9335,0.0,0.0,30001.197263301045
29-04-2040 00:00:00,15613.085132291233,1.7738649365451737,1819.5565862884687,392.94300000000004,6197.626,2332.868060952258,469.4964,0.0,0.0,0.0,273.3845,94.1105,0.0,0.0,27928.53751829141
29-04-2040 01:00:00,16186.83961242635,4.131807352196685,1524.1012980793312,377.975,5944.718000000001,387.03072418072225,465.9030000000001,0.0,0.0,0.0,276.66700000000003,94.064,0.0,0.0,25914.425020467792
29-04-2040 02:00:00,16118.070741387148,0.8591607842200571,1500.1845748857304,353.36699999999996,5130.946,0.0,462.3537,0.0,0.0,0.0,271.816,93.139,0.0,0.0,24551.49083107628
29-04-2040 03:00:00,16515.797164948075,5.499850664182522,978.4983094931522,328.598,4677.885,0.0,458.00955000000005,0.0,0.0,0.0,270.9515,94.3065,0.0,0.0,23876.007021091413
29-04-2040 04:00:00,16643.284000456566,1.1494614609315357,802.5126228033914,316.171,4408.483,0.0,457.7803500000001,0.0,0.0,0.0,263.7745,93.9295,0.0,0.0,23508.467171588327
29-04-2040 05:00:00,16757.49439705739,4.617709287505069,794.8034920050122,317.17,4204.66,0.0,457.68885000000006,0.0,0.0,0.0,263.5035,93.8225,0.0,0.0,23417.816381418692
29-04-2040 06:00:00,17678.273912178243,4.156675472853248,492.01619771233527,318.07099999999997,3854.723,0.0,455.8629,0.0,0.0,0.0,263.8755,93.8265,0.0,0.0,23668.45331176974
29-04-2040 07:00:00,17584.134379632153,319.11301603378666,249.29697718311218,308.654,3828.615,0.0,451.72305000000006,0.0,0.0,0.0,259.469,89.256,0.0,0.0,23585.52765285014
29-04-2040 08:00:00,19418.404756010557,3895.2736666219507,138.51878478910658,314.668,4239.512,0.0,451.08045000000004,0.0,0.0,0.0,254.3385,88.3055,0.0,-4653.675814655859,24685.818167471214
29-04-2040 09:00:00,25629.02183790724,11127.493856238456,1971.704482864472,335.36400000000003,4274.126,0.0,450.85305000000005,0.0,0.0,0.0,254.74900000000002,88.163,0.0,-12200.0,27292.868618883625
29-04-2040 10:00:00,28564.468545344105,16483.187268585672,6765.643694970349,346.07300000000004,4214.289000000001,0.0,448.67820000000006,0.0,0.0,0.0,250.725,86.711,0.0,-12200.0,29155.38076329182
29-04-2040 11:00:00,33032.70846574627,22055.300939239438,6683.027071397257,338.50300000000004,4190.342000000001,0.0,440.7795000000001,0.0,0.0,0.0,251.4985,86.8275,0.0,-12200.0,30255.52731750486
29-04-2040 12:00:00,36796.88595460307,26133.00587464951,6974.868978617829,308.76,3834.829,0.0,432.28890000000007,0.0,0.0,0.0,248.46900000000002,87.12299999999999,0.0,-12200.0,30481.78025626156
29-04-2040 13:00:00,39851.004378210906,28623.354104108046,6936.989870633552,307.987,3812.455,0.0,413.9428500000001,0.0,0.0,0.0,244.9175,87.3565,0.0,-12200.0,30757.67349644171
29-04-2040 14:00:00,40892.870357377724,28983.492816969683,6938.393125386385,316.012,3592.815,0.0,411.28020000000004,0.0,0.0,0.0,243.8155,87.2645,0.0,-12200.0,30432.713936516637
29-04-2040 15:00:00,42451.360988462555,28097.014680759024,8070.898644003028,319.96,3374.8390000000004,0.0,405.8148000000001,0.0,0.0,0.0,249.565,87.03399999999999,0.0,-12200.0,28761.19224270046
29-04-2040 16:00:00,40752.18556035666,26010.24646189602,7934.800473662588,324.80400000000003,3446.345,0.0,407.2507500000001,0.0,0.0,0.0,252.267,88.179,0.0,-12200.0,27687.768385728654
29-04-2040 17:00:00,38543.74056509646,21676.889114565623,8484.867566431203,336.14599999999996,3617.554,0.0,408.6208500000001,0.0,0.0,0.0,247.1935,87.1015,0.0,-12200.0,27267.75068960175
29-04-2040 18:00:00,40001.23582669967,15586.507731188083,7714.4456257566635,333.95099999999996,3353.743,0.0,415.8798000000001,0.0,0.0,0.0,242.9005,87.3185,0.0,-12200.0,27126.630430697227
29-04-2040 19:00:00,38397.552063476796,7732.115014656211,7329.831038689328,345.043,3634.3720000000003,0.0,422.8723500000001,0.0,0.0,0.0,241.6845,88.0965,0.0,-12200.0,27585.05282058756
29-04-2040 20:00:00,35533.79210520864,1617.9595146222343,5059.645499554928,367.593,4512.978,0.0,454.3870500000001,0.0,0.0,0.0,253.7905,88.5505,0.0,-12200.0,29122.69170691737
29-04-2040 21:00:00,32496.035419297892,15.164381957538621,2494.6624478767626,381.5,6007.965999999999,0.0,480.0183000000001,0.0,0.0,0.0,271.758,87.81299999999999,0.0,-11099.225815650498,32131.547188881388
29-04-2040 22:00:00,29094.389338059987,8.642183440851184,1214.981816714455,367.689,6265.0419999999995,0.0,483.65145000000007,0.0,0.0,0.0,276.4985,88.7745,0.0,-6834.590962304057,31752.840921991883
29-04-2040 23:00:00,30153.93302818036,2.271412418746869,558.1708889662405,367.783,5655.27,0.0,483.60015000000004,0.0,0.0,0.0,274.10200000000003,88.20100000000001,0.0,-8519.819140204276,29697.443406271883
30-04-2040 00:00:00,29375.35297902189,1.9793736791937002,404.7600631126843,368.30199999999996,5018.157,0.0,478.94820000000004,0.0,0.0,0.0,256.64099999999996,87.604,0.0,-9067.096710246038,27475.622450987732
30-04-2040 01:00:00,28068.528796802413,5.786693542997977,0.0,370.829,4427.773,0.0,466.6947,0.0,0.0,0.0,250.203,86.565,0.0,-8518.193182585597,25619.460932124886
30-04-2040 02:00:00,24812.66898416411,1.0275437132426313,0.0,354.707,4399.698,0.0,473.50365000000005,0.0,0.0,0.0,249.0275,84.8375,0.0,-6386.536039602757,24426.460286716836
30-04-2040 03:00:00,22493.161260133085,6.435668519782796,0.0,345.963,4342.729,0.0,473.7220500000001,0.0,0.0,0.0,248.3635,85.1975,0.0,-4589.681391342965,23834.34406062511
30-04-2040 04:00:00,20904.21701698271,2.5850836575261984,0.0,344.384,4367.722,0.0,474.66735000000006,0.0,0.0,0.0,255.7155,86.4745,0.0,-3221.018960874986,23644.131814616085
30-04-2040 05:00:00,18607.056432018075,4.542824837493738,0.0,356.264,4531.601,0.0,478.99065,0.0,0.0,0.0,255.9965,86.9805,0.0,-728.181277753778,24040.138997829952
30-04-2040 06:00:00,16598.13062360634,5.700163546093334,0.0,377.601,5335.871999999999,2544.3561504895806,485.3178000000001,0.0,0.0,0.0,263.91700000000003,87.396,0.0,0.0,26203.753077435475
30-04-2040 07:00:00,14064.580779427839,760.0578603111547,0.0,377.135,6207.121999999999,5381.805559547191,497.3307000000001,0.0,0.0,0.0,274.6285,89.2305,0.0,0.0,28231.50684689534
30-04-2040 08:00:00,10714.35864436971,6410.877675669617,0.061392395436996594,385.705,6866.6,4862.944993134177,509.5813500000001,0.0,0.0,0.0,267.671,88.84299999999999,0.0,0.0,30760.266643740037
30-04-2040 09:00:00,9353.222059559357,13972.688987038255,473.2213543665712,389.86400000000003,7547.210999999999,0.0,518.4592500000001,0.0,0.0,0.0,265.45799999999997,88.251,0.0,0.0,33374.31014866856
30-04-2040 10:00:00,7326.439397593184,14625.284145851276,2382.02494293527,383.81,7675.528,0.0,516.59415,0.0,0.0,0.0,273.9325,88.0805,0.0,0.0,34281.419559356684
30-04-2040 11:00:00,8892.709065643277,20059.046368758012,4158.4402159162855,380.228,7635.106,0.0,514.14315,0.0,0.0,0.0,277.56,87.348,0.0,-8668.640685885823,34548.15550402079
30-04-2040 12:00:00,11595.744696516513,26474.365086931815,3931.016472192976,390.98699999999997,7549.861999999999,0.0,512.6904000000001,0.0,0.0,0.0,277.2335,87.6995,0.0,-12200.0,34863.18439972613
30-04-2040 13:00:00,12633.994336571579,26952.021048982093,4025.955426564382,399.059,7407.608,0.0,512.7772500000001,0.0,0.0,0.0,279.5275,86.9975,0.0,-12200.0,35081.09656259375
30-04-2040 14:00:00,13229.907399361227,26824.631706721008,4222.1830630637705,396.76099999999997,7144.0740000000005,0.0,514.6455000000001,0.0,0.0,0.0,278.3235,86.9175,0.0,-12200.0,34503.755435848114
30-04-2040 15:00:00,13866.180880271788,26174.64853078331,6003.816689656902,403.472,6473.755999999999,0.0,513.0232500000001,0.0,0.0,0.0,275.4655,85.2425,0.0,-12200.0,33098.493166585686
30-04-2040 16:00:00,14813.571820765314,22758.60885004729,6279.301908664784,405.565,6355.232,0.0,514.0641,0.0,0.0,0.0,270.96299999999997,83.3,0.0,-12200.0,32495.564286280776
30-04-2040 17:00:00,14309.517381602165,17804.06590751215,7870.0314964770805,407.39,6454.81,0.0,515.6121,0.0,0.0,0.0,271.095,83.98100000000001,0.0,-12200.0,32076.132475535418
30-04-2040 18:00:00,16624.78628929685,12739.324706925996,7202.669847055979,416.43300000000005,6102.331,0.0,516.5490000000001,0.0,0.0,0.0,270.2995,82.7055,0.0,-12200.0,31638.0382624362
30-04-2040 19:00:00,16052.667822075864,6803.539985131722,8430.04415730643,419.811,6147.5830000000005,0.0,519.08145,0.0,0.0,0.0,272.694,83.73100000000001,0.0,-8802.21003514544,31578.927449311726
30-04-2040 20:00:00,16254.96009705375,1518.3418556825443,6197.860510947183,416.665,6763.418000000001,0.0,520.70745,0.0,0.0,0.0,276.02299999999997,84.67299999999999,0.0,-1076.9226188240427,32390.28272916379
30-04-2040 21:00:00,16932.769168680974,14.79662947069389,2476.034241032903,412.347,7176.436,5916.624981236007,524.7709500000001,0.0,0.0,0.0,272.5925,84.3725,0.0,0.0,34853.07257602652
30-04-2040 22:00:00,16445.931832235532,4.434662341362935,892.3998600646155,412.923,6913.454000000001,7054.466815116844,520.6329000000001,0.0,0.0,0.0,260.5455,83.6695,0.0,0.0,33367.273572238395
30-04-2040 23:00:00,16055.003868335663,4.131807352196685,285.1413657758094,416.73199999999997,6649.909000000001,5636.730883041919,518.3683500000001,0.0,0.0,0.0,263.2985,84.3785,0.0,0.0,30536.456568031386
01-05-2040 00:00:00,17029.738270562677,1.1465224589865148,158.69934220329742,416.17400000000004,6291.643,3140.733242684888,505.5498000000001,0.0,0.0,0.0,264.8415,85.3295,0.0,0.0,28436.28290152237
01-05-2040 01:00:00,17778.7657946941,7.722802223739356,0.0,406.19,5348.3769999999995,1482.0247290454936,496.00545000000005,0.0,0.0,0.0,267.0495,84.9915,0.0,0.0,26347.412172993427
01-05-2040 02:00:00,17359.608033624696,1.114073710147274,0.0,398.039,5092.525,499.41934886580384,486.9835500000001,0.0,0.0,0.0,271.3535,84.6365,0.0,0.0,25001.222401811483
01-05-2040 03:00:00,17429.68940432095,7.2144384919245805,0.5086798479023855,399.374,4981.255,0.0,484.09260000000006,0.0,0.0,0.0,272.404,84.78,0.0,0.0,24238.20471188687
01-05-2040 04:00:00,16194.366011288103,2.4444724125561543,0.0,401.87800000000004,4814.167,0.0,482.2002,0.0,0.0,0.0,269.5335,85.4565,0.0,0.0,23826.2912055521
01-05-2040 05:00:00,15405.173198267024,8.652999690464265,0.0,398.82800000000003,4396.787,0.0,483.4387500000001,0.0,0.0,0.0,269.8695,85.3185,0.0,0.0,23638.900881133246
01-05-2040 06:00:00,14759.50796066195,7.4199472345731055,0.0,400.676,4607.593,0.0,485.21880000000004,0.0,0.0,0.0,252.498,84.47200000000001,0.0,0.0,23848.105857254122
01-05-2040 07:00:00,13788.788153511245,825.4204567229991,0.0,386.904,4668.693,0.0,479.82645,0.0,0.0,0.0,262.42,84.319,0.0,0.0,23783.520456726234
01-05-2040 08:00:00,11766.619303404133,6776.706397488536,23.592220532009378,383.781,4687.265,0.0,482.59845000000007,0.0,0.0,0.0,263.741,85.118,0.0,0.0,25015.323453975736
01-05-2040 09:00:00,8005.625393192896,10898.222197542378,1621.4170151883445,382.273,4780.125,0.0,482.33520000000004,0.0,0.0,0.0,259.6205,84.5095,0.0,0.0,27319.503154324582
01-05-2040 10:00:00,5612.850529893851,10815.1557867217,5229.491946701048,388.793,4972.305,0.0,481.8715500000001,0.0,0.0,0.0,257.6205,82.6435,0.0,0.0,29105.536610954645
01-05-2040 11:00:00,9121.915832972618,21295.2749511685,5731.02396570603,402.98199999999997,5147.92,0.0,482.3844,0.0,0.0,0.0,266.687,82.936,0.0,-12200.0,30010.819175224453
01-05-2040 12:00:00,12391.020061430605,29878.455547166308,6355.963469880517,406.41,5185.71,0.0,483.06090000000006,0.0,0.0,0.0,267.9165,82.2575,0.0,-12200.0,30288.803375233027
01-05-2040 13:00:00,12811.970265762,29975.19692944082,6882.236624246405,403.279,4946.387,0.0,485.4135000000001,0.0,0.0,0.0,267.8495,82.3045,0.0,-12200.0,30467.41620665935
01-05-2040 14:00:00,13753.007725113881,29619.244336373235,8002.849558832822,403.472,4639.288,0.0,486.4152000000001,0.0,0.0,0.0,269.6415,83.8125,0.0,-12200.0,30014.19610696653
01-05-2040 15:00:00,17350.64810954593,28339.87684457158,7948.955805981794,397.23900000000003,4192.221,0.0,474.45945000000006,0.0,0.0,0.0,264.195,82.87100000000001,0.0,-12200.0,28504.36389883154
01-05-2040 16:00:00,17856.589715407437,26329.087225486106,8009.462396855524,398.30800000000005,4087.268,0.0,475.60095,0.0,0.0,0.0,261.6345,81.6125,0.0,-12200.0,27463.05251262061
01-05-2040 17:00:00,17585.597229277417,22154.11283970107,7910.585558833991,398.661,4208.1759999999995,0.0,475.3113000000001,0.0,0.0,0.0,261.5225,84.2765,0.0,-12200.0,27170.74295004454
01-05-2040 18:00:00,17397.866582371433,17393.21080069608,9564.45284018162,401.506,4063.1620000000003,0.0,474.9417,0.0,0.0,0.0,262.307,83.281,0.0,-12200.0,27242.789740403103
01-05-2040 19:00:00,16363.501133868143,10299.633082784107,10362.589062224608,402.031,4392.113,0.0,479.23680000000013,0.0,0.0,0.0,265.5,84.6,0.0,-12200.0,27822.665983894974
01-05-2040 20:00:00,14386.889334998288,2317.8682108347284,7310.738003708597,400.25,5422.515,0.0,489.07050000000004,0.0,0.0,0.0,261.4295,84.7935,0.0,-2747.276090876496,29468.57053688515
01-05-2040 21:00:00,13786.049874788676,18.83109057637285,3789.8841254267318,398.652,6801.57,5589.734773478607,492.71220000000005,0.0,0.0,0.0,259.6085,84.4505,0.0,0.0,32390.563954146946
01-05-2040 22:00:00,15050.581574195598,9.453402161832209,2501.5296258234594,392.389,6872.154,5287.659635390448,492.9519,0.0,0.0,0.0,257.6145,84.9395,0.0,0.0,31903.402305330666
01-05-2040 23:00:00,17089.253288900098,2.8663061474662874,1267.2442859153089,395.423,6261.842,3029.819909654081,491.3809500000001,0.0,0.0,0.0,263.492,83.824,0.0,0.0,29612.09645976591
02-05-2040 00:00:00,18847.77356395871,0.9734624651772297,122.19717794519966,400.915,4737.823,1708.987815003995,483.05730000000005,0.0,0.0,0.0,263.9115,81.1185,0.0,0.0,27168.284835377042
02-05-2040 01:00:00,19177.68153827161,5.379835577733962,0.0,392.434,4367.593,0.0,477.4108500000001,0.0,0.0,0.0,263.526,82.822,0.0,0.0,25229.41824809064
02-05-2040 02:00:00,18618.072540652163,0.9853019085602337,0.0,390.626,3926.75,0.0,477.14265,0.0,0.0,0.0,260.2325,83.1835,0.0,0.0,24196.11582204791
02-05-2040 03:00:00,18061.218630989606,4.575034662054598,0.0,389.501,3940.5690000000004,0.0,477.31695,0.0,0.0,0.0,261.3255,84.4625,0.0,0.0,23648.62397453208
02-05-2040 04:00:00,18189.364280689544,2.1402885841834527,0.0,388.983,3781.258,0.0,482.4843000000001,0.0,0.0,0.0,260.992,84.476,0.0,0.0,23621.716025913036
02-05-2040 05:00:00,20965.557992813832,6.811669444569176,0.0,375.61699999999996,3742.8590000000004,0.0,483.85095,0.0,0.0,0.0,263.638,84.8,0.0,-2116.176895228695,24258.545536362384
02-05-2040 06:00:00,24388.808146617066,7.763068035773067,0.0,385.853,4559.778,0.0,492.7434,0.0,0.0,0.0,259.147,83.99799999999999,0.0,-3446.4911875228136,27252.118895631087
02-05-2040 07:00:00,23258.371946714007,1120.290708255658,3.832639543688856,396.142,6023.937,0.0,508.7842500000001,0.0,0.0,0.0,257.83799999999997,83.086,0.0,-1534.4790698567085,30735.186285520747
02-05-2040 08:00:00,21008.724931817476,8392.731704724416,112.19021748905652,409.537,6825.736999999999,0.0,526.57275,0.0,0.0,0.0,259.9225,84.0635,0.0,-4529.678356494624,33791.674435000765
02-05-2040 09:00:00,19119.786183437864,18590.22504423224,3953.144045576715,407.329,6992.389,0.0,527.1129000000001,0.0,0.0,0.0,259.0515,84.2425,0.0,-12200.0,35678.97455292357
02-05-2040 10:00:00,19678.550091984816,26896.269009005322,9289.581545128109,403.26199999999994,6627.915,0.0,524.7843,0.0,0.0,0.0,250.4525,84.1655,0.0,-12200.0,36553.921646094524
02-05-2040 11:00:00,21544.90069942418,32674.1702158988,14265.803549627075,401.713,6367.205,0.0,517.6609500000001,0.0,0.0,0.0,246.8675,82.5935,0.0,-12200.0,36893.74074725879
02-05-2040 12:00:00,24660.203323447917,35416.100385998834,15004.976761024445,409.05800000000005,6202.602,0.0,517.2774000000001,0.0,0.0,0.0,247.3645,83.0575,0.0,-12200.0,37198.20361859732
02-05-2040 13:00:00,26189.96129942251,36085.00971515431,13476.44644013149,408.788,6149.594,0.0,517.97805,0.0,0.0,0.0,244.84,82.507,0.0,-12200.0,37100.42474228075
02-05-2040 14:00:00,26969.860208990747,35318.19169908041,13807.763657617732,412.445,5993.069,0.0,518.0931,0.0,0.0,0.0,248.4385,83.4515,0.0,-12200.0,36367.40363991045
02-05-2040 15:00:00,27170.179994533384,32473.34499086032,12069.446751176147,410.555,5765.991,0.0,515.8659,0.0,0.0,0.0,248.82,83.01,0.0,-12200.0,35587.92350074088
02-05-2040 16:00:00,28261.37246260183,28505.609329045226,12504.359250790323,411.29,5564.389,0.0,516.2620500000002,0.0,0.0,0.0,246.9145,83.8795,0.0,-12200.0,35050.50813780638
02-05-2040 17:00:00,29745.202384958477,22847.012630214995,12733.370426452806,414.566,5484.340999999999,0.0,514.4016,0.0,0.0,0.0,248.3935,83.5625,0.0,-12200.0,34724.844771441996
02-05-2040 18:00:00,29878.94100070384,15703.442205755318,12121.893397563283,425.171,4938.403,0.0,513.1078500000001,0.0,0.0,0.0,239.5295,84.8765,0.0,-12200.0,34375.483736358794
02-05-2040 19:00:00,29568.61048072998,8281.87253374025,10823.698574005772,419.712,5645.101,0.0,516.6145500000001,0.0,0.0,0.0,236.0415,83.8855,0.0,-12200.0,34536.91245654637
02-05-2040 20:00:00,27920.236306999104,1809.634274015631,7774.408455413679,414.741,6680.366999999999,0.0,518.4540000000001,0.0,0.0,0.0,247.8595,82.9255,0.0,-11420.930270093639,35687.69885124335
02-05-2040 21:00:00,26159.650720022622,15.629480690901076,4951.156366476469,422.74300000000005,8123.013000000001,0.0,522.4960500000001,0.0,0.0,0.0,246.227,82.852,0.0,-3832.875024689216,38056.07670978221
02-05-2040 22:00:00,26807.96528096803,5.105269817373916,3998.6533512795577,418.088,7349.13,0.0,520.01895,0.0,0.0,0.0,244.554,83.084,0.0,-4478.485633323682,36107.49335293918
02-05-2040 23:00:00,27827.83873823897,2.195698671455307,3417.074418967619,415.163,5873.778,0.0,515.5480500000001,0.0,0.0,0.0,243.887,82.994,0.0,-6659.603762445284,32710.29146461704
03-05-2040 00:00:00,28025.11470264869,1.0383599628557116,2801.598114032531,414.094,4896.068,0.0,498.92220000000003,0.0,0.0,0.0,240.4915,82.7535,0.0,-7468.814265715693,30335.500858082854
03-05-2040 01:00:00,28498.11754334465,4.175072350649007,2222.6765954087896,403.99699999999996,4698.559,0.0,491.6208000000001,0.0,0.0,0.0,237.49,82.339,0.0,-8907.520507550067,28462.628772165823
03-05-2040 02:00:00,29133.05012070236,1.092441210921113,1818.0568577713857,402.963,4181.402,0.0,489.05880000000013,0.0,0.0,0.0,240.75099999999998,83.335,0.0,-9626.534166014328,27383.709124319666
03-05-2040 03:00:00,29758.944057700413,4.824047327433827,1720.1184463657846,390.526,4138.895,0.0,485.0068500000001,0.0,0.0,0.0,239.0575,81.8025,0.0,-10489.112755752365,26968.66754803347
03-05-2040 04:00:00,29471.475070959754,1.7522324373190132,1584.081668420753,387.667,4242.268,0.0,481.81515,0.0,0.0,0.0,239.675,80.96300000000001,0.0,-10419.80579789757,26692.566737032394
03-05-2040 05:00:00,30092.851621590624,5.6568985476410125,770.0097345908871,384.18800000000005,4297.871,0.0,478.83000000000004,0.0,0.0,0.0,240.2995,82.1905,0.0,-9687.805353734784,27211.413067283323
03-05-2040 06:00:00,31135.420304206255,7.2144384919245805,253.22609049105085,385.57099999999997,4830.979,0.0,480.67695000000003,0.0,0.0,0.0,239.4725,83.7375,0.0,-8285.17370999317,29681.53931509531
03-05-2040 07:00:00,31576.646735319413,931.1925616893119,135.7824380210659,391.80800000000005,5934.309,0.0,498.96555000000006,0.0,0.0,0.0,243.4565,84.6875,0.0,-7712.824201746367,32708.874551970457
03-05-2040 08:00:00,32238.03773745268,7802.820838376923,224.80141140395426,404.349,7541.786999999999,0.0,509.01780000000014,0.0,0.0,0.0,244.024,84.225,0.0,-12200.0,35790.67294993379
03-05-2040 09:00:00,34643.50343409542,17499.35065901195,4691.791036441777,413.519,7461.191999999999,0.0,505.71315000000004,0.0,0.0,0.0,245.9125,83.9365,0.0,-12200.0,37332.253821907
03-05-2040 10:00:00,37409.04117988004,24876.552075114163,13733.83844317001,415.015,6639.484,0.0,507.43950000000007,0.0,0.0,0.0,245.915,83.93299999999999,0.0,-12200.0,37607.66459012533
03-05-2040 11:00:00,38592.886479978726,29306.14159540856,16369.080706254113,416.665,6376.963000000001,0.0,506.46765,0.0,0.0,0.0,246.3305,81.7575,0.0,-12200.0,37833.75459694736
03-05-2040 12:00:00,39275.82015511299,31202.327498828065,16084.38662793077,410.88699999999994,6193.729,0.0,503.28945000000004,0.0,0.0,0.0,244.9695,82.1125,0.0,-12200.0,37953.41768723027
03-05-2040 13:00:00,40336.179914174696,32424.120238872005,15322.068483453855,403.01,5765.933000000001,0.0,503.55060000000014,0.0,0.0,0.0,247.6485,82.8745,0.0,-12200.0,37977.186778167044
03-05-2040 14:00:00,42708.237063351975,30999.165882345573,14227.389450768242,419.07300000000004,5242.803,0.0,503.9859000000001,0.0,0.0,0.0,241.0685,76.5035,0.0,-12200.0,36909.40155650552
03-05-2040 15:00:00,44548.48026130308,28733.194037154088,12140.15325003455,419.35699999999997,4737.065,0.0,503.49060000000014,0.0,0.0,0.0,227.0105,63.4725,0.0,-12200.0,36056.0600562528
03-05-2040 16:00:00,45909.76060794879,26412.189113931243,8831.90123714917,415.958,4612.232,0.0,500.68455000000006,0.0,0.0,0.0,221.8925,58.9375,0.0,-12200.0,35712.20783171912
03-05-2040 17:00:00,47835.211459200626,22341.59091829498,8566.151097989088,415.70599999999996,4476.147,0.0,503.9923500000001,0.0,0.0,0.0,219.1225,48.3815,0.0,-12200.0,35239.815702388136
03-05-2040 18:00:00,48043.193010480485,16599.492772451733,9380.170409765735,426.48900000000003,5502.276,0.0,506.8746000000001,0.0,0.0,0.0,215.861,47.571000000000005,0.0,-12200.0,34886.8630969183
03-05-2040 19:00:00,47486.8119032575,9137.481143133356,8412.406999131752,428.885,5567.83,0.0,509.13015,0.0,0.0,0.0,212.002,47.132,0.0,-12200.0,34816.50365645864
03-05-2040 20:00:00,46257.35956545184,2087.363115330694,5727.954345934209,434.55300000000005,5719.142,0.0,510.2803500000001,0.0,0.0,0.0,212.208,48.542,0.0,-12200.0,35688.284736624926
03-05-2040 21:00:00,44062.87669733292,31.118350136832106,3950.969000709825,437.344,6483.201999999999,0.0,514.6458000000001,0.0,0.0,0.0,221.0225,49.3955,0.0,-12200.0,37831.75589081712
03-05-2040 22:00:00,43450.268053289714,7.463212233025427,3352.5159299950756,433.57599999999996,5947.174,0.0,515.63205,0.0,0.0,0.0,220.696,49.735,0.0,-12200.0,36019.43310613283
03-05-2040 23:00:00,42384.43173678287,2.152433673002985,2925.3388722058735,422.788,5475.778,0.0,510.33150000000006,0.0,0.0,0.0,223.11700000000002,49.26,0.0,-12200.0,32933.48626767736
04-05-2040 00:00:00,41361.86254466781,1.016727463629551,2631.532408331288,402.42800000000005,4504.602,0.0,490.0903500000001,0.0,0.0,0.0,216.61,48.864,0.0,-12200.0,30710.532600655504
04-05-2040 01:00:00,41451.7964361027,6.814237256240608,2271.430927727546,397.717,3925.079,0.0,488.1852,0.0,0.0,0.0,220.1195,50.1795,0.0,-12200.0,28771.075292108224
04-05-2040 02:00:00,40703.43414352535,1.0708087116949527,1538.5109703225025,397.92199999999997,3484.978,0.0,491.5041000000001,0.0,0.0,0.0,226.7275,52.7245,0.0,-12200.0,27437.468850959252
04-05-2040 03:00:00,40275.52781399486,7.517293481090828,1041.5570699486416,399.56300000000005,3368.651,0.0,490.69395000000003,0.0,0.0,0.0,230.5405,54.2415,0.0,-12200.0,26968.396366799723
04-05-2040 04:00:00,38886.00219967835,1.7630486869320938,1040.899294283241,389.25300000000004,3322.7470000000003,0.0,492.59340000000003,0.0,0.0,0.0,229.68400000000003,54.055,0.0,-12200.0,26788.037410940986
04-05-2040 05:00:00,39175.43207245338,7.084643496567615,848.1096319282951,395.95599999999996,3797.611,0.0,493.37415,0.0,0.0,0.0,232.503,53.717,0.0,-12200.0,27169.686496404145
04-05-2040 06:00:00,39584.08536316899,7.56055847954315,630.9998106383136,391.996,4166.979,0.0,497.48775000000006,0.0,0.0,0.0,236.639,53.619,0.0,-12200.0,29712.311131306877
04-05-2040 07:00:00,40096.00424977807,1027.262490752691,345.9724593111605,421.589,5193.829000000001,0.0,515.9421000000001,0.0,0.0,0.0,241.0415,53.8905,0.0,-12200.0,33259.79392196609
04-05-2040 08:00:00,38946.90569550363,8108.455603693734,377.9315863069496,445.765,6425.658,0.0,527.4718500000001,0.0,0.0,0.0,243.018,53.488,0.0,-12200.0,36063.566456960376
04-05-2040 09:00:00,38554.55444548807,18025.128552703787,5107.136902596161,437.48199999999997,6052.41,0.0,524.7121500000001,0.0,0.0,0.0,244.59400000000002,53.498000000000005,0.0,-12200.0,37498.04301729623
04-05-2040 10:00:00,39368.41884038947,25939.93002332493,14100.105474344018,439.358,5820.408,0.0,523.6290000000001,0.0,0.0,0.0,230.5315,53.9605,0.0,-12200.0,38036.344834112766
04-05-2040 11:00:00,38763.835518873566,31627.37365987328,15844.044170139154,439.64099999999996,5371.534000000001,0.0,521.51475,0.0,0.0,0.0,222.9585,53.0895,0.0,-12200.0,38330.64640698609
04-05-2040 12:00:00,37325.952985251584,34678.29155573563,15512.332287253696,442.202,5401.053000000001,0.0,522.8352,0.0,0.0,0.0,224.5415,53.3155,0.0,-12200.0,38541.560680458264
04-05-2040 13:00:00,36884.386203110764,35335.46524972716,15918.469294092589,444.462,5132.834,0.0,520.4871,0.0,0.0,0.0,222.3785,52.5235,0.0,-12200.0,38337.00558831801
04-05-2040 14:00:00,36797.90223345629,34024.66559161718,15746.675830976921,449.611,4972.468,0.0,517.5060000000001,0.0,0.0,0.0,223.9025,52.6265,0.0,-12200.0,37209.569051018094
04-05-2040 15:00:00,36085.702237568235,31422.95735843568,15743.18523477923,445.76,5053.83,0.0,515.3824500000001,0.0,0.0,0.0,225.954,52.575,0.0,-12200.0,36274.73108018604
04-05-2040 16:00:00,35383.55419987221,28549.674729968956,15671.110562536807,443.837,5045.1,0.0,514.04835,0.0,0.0,0.0,225.27,53.784,0.0,-12200.0,35656.00412605932
04-05-2040 17:00:00,34429.062948540566,23795.95465751937,14132.310170921555,439.68300000000005,5296.94,0.0,513.5263500000001,0.0,0.0,0.0,228.7265,51.0945,0.0,-12200.0,35164.92764692206
04-05-2040 18:00:00,34362.11822197426,16774.413161194465,11689.840029507992,450.236,5595.6990000000005,0.0,515.2042500000001,0.0,0.0,0.0,238.73,50.391999999999996,0.0,-12200.0,34542.83789670055
04-05-2040 19:00:00,34688.05074246626,9323.650431473694,10050.759545118344,446.472,5830.85,0.0,516.2409,0.0,0.0,0.0,242.2605,52.0035,0.0,-12200.0,34482.34402208489
04-05-2040 20:00:00,35115.752087855086,2287.290673178871,6689.297866073961,450.898,6253.665,0.0,518.3712,0.0,0.0,0.0,243.0705,53.1405,0.0,-12200.0,34978.412616663736
04-05-2040 21:00:00,35420.62152088506,26.499811552046808,4090.1367908221146,454.88800000000003,6663.843000000001,0.0,520.9176000000001,0.0,0.0,0.0,240.0325,53.1455,0.0,-12018.05187650595,36705.988847861605
04-05-2040 22:00:00,35407.81581346921,8.739529687368904,3361.373975622322,451.63699999999994,6305.1759999999995,0.0,520.49415,0.0,0.0,0.0,237.299,53.4,0.0,-11960.626482784293,35469.66839532724
04-05-2040 23:00:00,34570.571623542484,2.195698671455307,3207.805283609079,445.917,5409.403,0.0,515.6944500000001,0.0,0.0,0.0,238.118,53.45399999999999,0.0,-12200.0,32776.800801140744
05-05-2040 00:00:00,32436.149108930294,0.8869324682725869,2923.847914030979,453.82,4197.505999999999,0.0,496.2463500000001,0.0,0.0,0.0,237.49900000000002,53.287,0.0,-10950.332162061106,30724.96584053135
05-05-2040 01:00:00,30602.79415166407,3.223242384697938,2834.1974760093144,444.719,3892.407,0.0,487.84275,0.0,0.0,0.0,240.1775,53.6295,0.0,-10557.731968073527,28817.50754557578
05-05-2040 02:00:00,28843.666659431095,0.7895862217548639,2384.8226820987184,442.69599999999997,3729.3459999999995,0.0,486.47610000000014,0.0,0.0,0.0,240.1105,53.8625,0.0,-9707.149151236146,27210.088408334923
05-05-2040 03:00:00,27160.909296655536,4.445478590976015,2356.5032471180893,444.901,3714.262,0.0,485.3620500000001,0.0,0.0,0.0,242.8865,54.0795,0.0,-8772.755301510744,26407.964822142607
05-05-2040 04:00:00,25192.195188637234,1.3195824527958,1979.6416425601928,445.50199999999995,3839.079,0.0,477.99885000000006,0.0,0.0,0.0,243.4945,53.6815,0.0,-6895.877786575402,26007.642174604007
05-05-2040 05:00:00,23504.661308598435,5.224248563117799,1095.5034448528895,443.26800000000003,3946.2470000000003,0.0,475.9195500000001,0.0,0.0,0.0,241.78900000000002,53.379,0.0,-4534.396298127627,25810.304074392385
05-05-2040 06:00:00,22366.97998425199,7.57137472915623,582.184085924091,446.83099999999996,3849.053,0.0,471.3471000000001,0.0,0.0,0.0,242.9185,54.0335,0.0,-2257.502107547385,26313.8627020872
05-05-2040 07:00:00,21069.267927273155,898.4950391089699,425.62470721887075,443.885,3929.65,0.0,476.1880500000001,0.0,0.0,0.0,242.312,53.802,0.0,-1154.1225070523942,26955.450345816233
05-05-2040 08:00:00,19112.86833825578,7445.646643653787,387.2544600710971,449.22,4300.668,0.0,481.14375000000007,0.0,0.0,0.0,236.825,53.461999999999996,0.0,-3903.526846148752,29210.331232221157
05-05-2040 09:00:00,18106.3691293219,17014.609616352143,4865.750774082146,457.29400000000004,5264.526999999999,0.0,481.3716000000001,0.0,0.0,0.0,239.765,53.005,0.0,-12200.0,31922.920286336983
05-05-2040 10:00:00,17490.445930384285,25466.65420525499,12209.886240908178,450.965,5369.508000000001,0.0,480.2931000000001,0.0,0.0,0.0,239.9285,54.0155,0.0,-12200.0,33701.97036120959
05-05-2040 11:00:00,17355.314969525753,30805.717258015633,13791.705161040009,447.309,4844.462,0.0,476.82990000000007,0.0,0.0,0.0,245.2975,53.8555,0.0,-12200.0,34168.34628465109
05-05-2040 12:00:00,18066.764646102823,33548.15571491293,15463.358696379786,445.279,4906.0,0.0,475.2928500000001,0.0,0.0,0.0,241.55,53.206,0.0,-12200.0,33898.93795866563
05-05-2040 13:00:00,18893.724820318657,34189.916253205825,15880.870837058843,447.07300000000004,4978.57,0.0,475.2807000000001,0.0,0.0,0.0,239.8375,52.6555,0.0,-12200.0,33841.62832459988
05-05-2040 14:00:00,19243.14156171947,33494.031201849066,15921.67923933969,448.074,4991.894,0.0,470.6760000000001,0.0,0.0,0.0,243.011,52.255,0.0,-12200.0,33160.73948947597
05-05-2040 15:00:00,18716.808035563754,31515.782412615135,15957.646412723261,446.465,4807.082,0.0,468.43350000000004,0.0,0.0,0.0,248.31400000000002,53.043,0.0,-12200.0,31611.544711477527
05-05-2040 16:00:00,18161.618156937577,27874.654224115835,15439.950653034088,447.01,4966.643,0.0,466.3402500000001,0.0,0.0,0.0,247.389,53.185,0.0,-12200.0,30606.208919638553
05-05-2040 17:00:00,19054.022419097746,22432.66374003712,14553.619869775488,441.838,4500.537,0.0,469.5154500000001,0.0,0.0,0.0,246.4485,52.5975,0.0,-12200.0,30010.383946083868
05-05-2040 18:00:00,20029.418185253522,15591.688714752976,13227.456424925564,440.86699999999996,4359.741,0.0,471.39270000000005,0.0,0.0,0.0,246.5905,53.3795,0.0,-12200.0,29699.937976029825
05-05-2040 19:00:00,20636.04361293541,8602.476988521565,11814.615688061516,437.88800000000003,5375.775,0.0,472.4530500000001,0.0,0.0,0.0,242.2415,48.2365,0.0,-12200.0,29941.95216152721
05-05-2040 20:00:00,21963.81098623217,2152.768976740991,8031.247926893295,443.834,5713.213000000001,0.0,474.25245000000007,0.0,0.0,0.0,235.437,42.522,0.0,-10115.027538406965,30583.107180050694
05-05-2040 21:00:00,22087.92695019539,29.171425206477647,4396.212963441765,439.31,6436.858,0.0,474.82890000000003,0.0,0.0,0.0,238.5155,47.9325,0.0,-2787.554285902239,32621.167324355923
05-05-2040 22:00:00,23139.325421403708,5.624449798801772,3552.8656273309025,440.57099999999997,6292.598000000001,0.0,474.90510000000006,0.0,0.0,0.0,235.771,48.566,0.0,-2865.698832334121,32416.236893580728
05-05-2040 23:00:00,22402.426770258127,1.7954974357713347,3398.4111307549174,441.792,6003.854,0.0,471.1990500000001,0.0,0.0,0.0,233.52900000000002,49.043,0.0,-3718.968798152735,30281.127346757818
06-05-2040 00:00:00,20943.07504851612,0.8761162186595066,3174.6183087045792,438.10400000000004,4394.387,0.0,464.31630000000007,0.0,0.0,0.0,230.843,49.111999999999995,0.0,-2477.430170300471,28122.767264059676
06-05-2040 01:00:00,19432.89886251806,4.93220982356463,3156.8846767656214,436.88599999999997,3903.6459999999997,0.0,464.8144500000001,0.0,0.0,0.0,234.2285,48.7725,0.0,-2298.4247371783094,26237.14184835133
06-05-2040 02:00:00,18962.25140563854,0.8761162186595066,3150.8769923550717,443.87300000000005,3452.125,0.0,465.36060000000015,0.0,0.0,0.0,235.8235,49.0085,0.0,-2840.12402304888,24739.69767512214
06-05-2040 03:00:00,17810.78586467171,6.327506023651992,3144.983322393149,440.98,3432.974,0.0,464.75475000000006,0.0,0.0,0.0,235.2185,49.8505,0.0,-2353.8820242997535,24034.740668523813
06-05-2040 04:00:00,15771.522403294111,1.1357062093734345,2674.2965969239012,438.296,3502.4390000000003,0.0,462.48195000000004,0.0,0.0,0.0,238.831,49.49,0.0,-420.2076835131011,23461.4166695467
06-05-2040 05:00:00,14043.726543732793,7.798515971030917,2200.6981178425194,439.519,3535.704,1844.599899740193,465.63840000000005,0.0,0.0,0.0,237.2795,49.2865,0.0,0.0,23516.521514624197
06-05-2040 06:00:00,12641.983101048218,9.55074840834993,1371.2342334424902,441.94199999999995,3613.639,4281.47907233417,462.88140000000004,0.0,0.0,0.0,239.7795,49.4945,0.0,0.0,23727.430208235568
06-05-2040 07:00:00,11584.73291273927,1111.3371989951647,746.6455429562193,440.264,3584.512,4811.466934921806,463.24680000000006,0.0,0.0,0.0,236.6345,49.9095,0.0,0.0,23591.841451314376
06-05-2040 08:00:00,10015.962203228613,7679.299267795547,569.3530752778752,440.533,3947.038,940.0691204711329,460.29780000000005,0.0,0.0,0.0,235.188,49.29600000000001,0.0,0.0,24941.046579260084
06-05-2040 09:00:00,5419.418968730045,11489.954138322542,4039.39159082275,422.664,4220.413,0.0,457.84515000000005,0.0,0.0,0.0,234.4395,49.2865,0.0,0.0,27409.8548639566
06-05-2040 10:00:00,6431.621320031355,20269.089674291146,10912.129934460914,418.875,4835.595,0.0,456.1162500000001,0.0,0.0,0.0,226.4865,49.7605,0.0,-12200.0,29310.343168820582
06-05-2040 11:00:00,8329.582350472972,29977.92839380805,11916.062236349215,409.51099999999997,5347.223000000001,0.0,453.7587000000001,0.0,0.0,0.0,216.958,49.343,0.0,-12200.0,30458.312105816014
06-05-2040 12:00:00,8934.970449825663,32578.03501044894,13518.982599826762,409.01800000000003,5401.446,0.0,453.69570000000004,0.0,0.0,0.0,219.7255,48.9285,0.0,-12200.0,30634.37270892307
06-05-2040 13:00:00,9570.69495547245,33481.57314454544,13741.78437320795,423.82099999999997,5219.028,0.0,449.00715,0.0,0.0,0.0,224.729,47.847,0.0,-12200.0,30557.90257693143
06-05-2040 14:00:00,10637.278457284872,32463.750879514773,13237.647562568018,428.6,5009.444,0.0,447.25575000000003,0.0,0.0,0.0,224.3425,48.3685,0.0,-12200.0,30079.35586116371
06-05-2040 15:00:00,11332.55874288483,30155.97131596444,12272.532795279985,431.16900000000004,4224.889,0.0,445.6870500000001,0.0,0.0,0.0,222.5755,48.7865,0.0,-12200.0,28470.67232747086
06-05-2040 16:00:00,12255.154745852662,27199.438861245864,12875.371037097357,432.36800000000005,3825.815,0.0,445.65915,0.0,0.0,0.0,219.1025,46.9085,0.0,-12200.0,27728.31649001179
06-05-2040 17:00:00,13567.799773091174,22244.093235744276,13115.134652303415,429.546,3779.886,0.0,448.07715,0.0,0.0,0.0,218.512,46.733000000000004,0.0,-12200.0,27286.834929430373
06-05-2040 18:00:00,13687.12375413574,16237.5594274692,11622.045284261723,417.05400000000003,3641.1279999999997,0.0,446.1325500000001,0.0,0.0,0.0,218.505,48.395,0.0,-12200.0,27377.53705431915
06-05-2040 19:00:00,14551.039088563772,8569.768649674705,8611.493767190026,424.66,4487.552,0.0,446.7225000000001,0.0,0.0,0.0,218.3,48.84,0.0,-10966.220225589841,28025.280400457083
06-05-2040 20:00:00,14194.15009508245,1939.1804956312396,5530.305913997581,431.579,5321.688,0.0,447.7210500000001,0.0,0.0,0.0,218.6595,48.7515,0.0,-54.02200334805275,29402.133738551533
06-05-2040 21:00:00,13695.04851876703,32.45956508885407,3358.59377714328,426.76300000000003,6630.14,5921.906390802747,447.50265,0.0,0.0,0.0,221.613,48.433,0.0,0.0,31890.069414000005
06-05-2040 22:00:00,13923.884305741944,7.3009684888292234,2623.4636935025046,429.54,6761.2080000000005,6577.120637807162,449.65515,0.0,0.0,0.0,221.8825,48.9995,0.0,0.0,32006.883055379618
06-05-2040 23:00:00,12936.843119764624,2.5201861598477167,2444.355764987675,424.04699999999997,6301.897,6553.60559040825,451.73400000000004,0.0,0.0,0.0,222.3535,49.1775,0.0,0.0,30249.43001763875
07-05-2040 00:00:00,11412.105324457993,0.9518299659510692,2096.778333052993,425.91900000000004,5383.525,4677.367380981334,447.85170000000005,0.0,0.0,0.0,223.4885,47.5295,0.0,0.0,27951.816325461234
07-05-2040 01:00:00,10356.150790629352,5.786693542997977,4111.335506909916,430.733,4683.347,0.0,448.7505000000001,0.0,0.0,0.0,231.2815,46.8925,0.0,0.0,26004.354892625084
07-05-2040 02:00:00,9047.00990084657,1.1465224589865148,4559.421961512591,431.281,4517.611,0.0,448.84245000000004,0.0,0.0,0.0,238.2715,49.2825,0.0,0.0,24927.6489615444
07-05-2040 03:00:00,7720.190095751834,5.8840397895156995,7974.402527926468,430.832,4524.708,0.0,449.8203000000001,0.0,0.0,0.0,238.8635,48.2905,0.0,0.0,24529.56681410303
07-05-2040 04:00:00,6346.351569710388,1.9144761815152183,11701.849226305418,433.30199999999996,4645.753,0.0,452.26530000000014,0.0,0.0,0.0,238.3225,48.7665,0.0,0.0,24487.727530036173
07-05-2040 05:00:00,5429.60834144693,6.403219770943556,13134.952211375798,411.63,4896.503,0.0,452.56830000000014,0.0,0.0,0.0,239.8295,48.7225,0.0,0.0,25199.127787868743
07-05-2040 06:00:00,4634.200254545668,8.133819709036407,15068.507412979638,414.157,6099.375,0.0,455.62770000000006,748.5332811887638,0.0,0.0,238.225,47.824,0.0,0.0,28287.76263125573
07-05-2040 07:00:00,4441.615719642277,929.7756329899981,15068.507412979638,433.74,7236.439,0.0,464.92005000000006,2281.8867731903338,0.0,0.0,237.4355,47.5115,0.0,0.0,31759.62231278921
07-05-2040 08:00:00,3969.165949366267,7340.1773936766385,14068.746906317298,439.76300000000003,7392.725,0.0,477.87975000000006,0.0,0.0,0.0,228.425,46.372,0.0,0.0,34677.54949950764
07-05-2040 09:00:00,3819.067278541155,16212.03307881197,6284.827196090408,439.473,7588.681,0.0,474.59895000000006,0.0,0.0,0.0,222.46900000000002,46.93,0.0,0.0,36321.30245818231
07-05-2040 10:00:00,3980.868100854356,22575.378802185838,0.0,437.163,6970.096,0.0,472.78890000000007,0.0,0.0,0.0,222.627,48.106,0.0,0.0,36903.125701094585
07-05-2040 11:00:00,3484.468903902213,23641.795748426455,0.0,435.17900000000003,6785.678000000001,0.0,472.74180000000007,0.0,0.0,0.0,225.3615,47.8195,0.0,0.0,37519.74011993122
07-05-2040 12:00:00,2837.6217763043205,24169.265609073933,0.0,440.222,6847.049,0.0,469.9705500000001,0.0,0.0,0.0,225.8435,46.1675,0.0,0.0,37648.49354740091
07-05-2040 13:00:00,2560.0132904904385,24578.311896505926,0.0,443.564,6925.956,0.0,469.5273000000001,0.0,0.0,0.0,217.704,41.4,0.0,0.0,37890.050928296034
07-05-2040 14:00:00,2570.7599891529194,23417.12055692403,0.0,444.75300000000004,7250.691,0.0,468.50655000000006,0.0,0.0,0.0,219.5545,42.6625,0.0,0.0,36944.15255743232
07-05-2040 15:00:00,3207.250966284264,22831.4682907446,11891.828277505469,444.74199999999996,7427.318,0.0,465.66870000000006,0.0,0.0,0.0,220.47400000000002,43.622,0.0,-12200.0,36213.96825628093
07-05-2040 16:00:00,4424.168812561985,27642.13511532714,12849.726556489331,444.894,7633.267,0.0,464.8482,0.0,0.0,0.0,216.6985,42.9585,0.0,-12200.0,35663.58790083635
07-05-2040 17:00:00,4888.7165343128645,22396.470914986694,11299.191447003483,447.30400000000003,6955.185,0.0,470.1499500000001,0.0,0.0,0.0,219.644,43.227,0.0,-12200.0,35554.15083540356
07-05-2040 18:00:00,6021.023922847009,15873.729597177575,10698.76504929256,445.339,6632.329000000001,0.0,475.9570500000001,0.0,0.0,0.0,222.924,43.146,0.0,-7526.248481592039,34814.96138293994
07-05-2040 19:00:00,6758.934935837703,8388.177838541078,10025.325552723254,445.96,6850.094,0.0,478.6962000000001,0.0,0.0,0.0,228.9275,43.1035,0.0,-276.4059690996528,34814.36805774401
07-05-2040 20:00:00,4635.041161228934,1203.1666790215418,6463.115807095302,445.278,7511.384,8000.0,481.1230500000001,0.0,0.0,0.0,231.924,44.223,0.0,0.0,35475.50269775543
07-05-2040 21:00:00,6442.574219906424,22.02188421223155,7179.980510626832,451.94199999999995,8097.36,8000.0,485.9869500000001,0.0,0.0,0.0,229.3975,43.7665,0.0,0.0,37222.00804865232
07-05-2040 22:00:00,7663.467502891387,6.381587271717394,4625.34462177382,446.914,7727.715,8000.0,485.25915000000003,0.0,0.0,0.0,227.0955,44.2035,0.0,0.0,35285.55196122147
07-05-2040 23:00:00,7004.184356554444,1.3412149520219607,14569.87498476943,444.616,7030.149,1487.633836293593,478.7800500000001,0.0,0.0,0.0,229.042,42.976000000000006,0.0,0.0,32158.646340729712
08-05-2040 00:00:00,5244.217589628255,0.6165262279455788,15068.507412979638,445.02,7019.844,0.0,463.6923000000001,778.6371145482171,0.0,0.0,234.833,44.016999999999996,0.0,0.0,30052.735461370034
08-05-2040 01:00:00,4702.788721870581,5.299962310409361,14951.18531228523,444.25699999999995,6856.603,0.0,458.87205000000006,0.0,0.0,0.0,238.5525,44.4195,0.0,0.0,28355.61262232872
08-05-2040 02:00:00,3915.5374567573103,0.8761162186595066,15068.507412979638,446.18699999999995,6238.401,0.0,458.42070000000007,154.50964395663868,0.0,0.0,235.2295,44.1175,0.0,0.0,27147.269963719682
08-05-2040 03:00:00,3755.4409744945688,3.3854861288941427,15068.507412979638,447.601,5886.808000000001,0.0,457.99110000000013,112.72153830910975,0.0,0.0,236.56599999999997,43.56100000000001,0.0,0.0,26544.570601688043
08-05-2040 04:00:00,4155.701518277994,1.7197836884797724,15068.507412979638,447.37800000000004,5325.776999999999,0.0,455.8588500000001,150.62170018381948,0.0,0.0,239.50400000000002,43.736000000000004,0.0,0.0,26399.40791964613
08-05-2040 05:00:00,4829.917565953692,3.7099736172865527,14700.462133631849,445.07,5570.185,0.0,451.6368000000001,0.0,0.0,0.0,238.718,43.635,0.0,0.0,26767.071642058472
08-05-2040 06:00:00,5898.956276220821,6.695258510496723,15068.507412979638,441.50800000000004,6108.602,0.0,453.08985000000007,362.1965680330886,0.0,0.0,233.673,42.957,0.0,0.0,29164.80217221799
08-05-2040 07:00:00,7439.501056187256,864.1209978386006,15068.507412979638,439.749,7032.687,0.0,461.9055000000001,214.4387910704245,0.0,0.0,227.5835,41.3755,0.0,0.0,32434.04148533786
08-05-2040 08:00:00,7638.5986721200325,6223.172479884221,12094.059601663532,451.333,7502.281999999999,0.0,460.57245,0.0,0.0,0.0,219.56099999999998,41.35,0.0,0.0,35350.80731703329
08-05-2040 09:00:00,7361.282201829578,13893.050794266772,5818.124422522883,445.07,7781.696,0.0,456.5964,0.0,0.0,0.0,212.817,38.459,0.0,0.0,36842.128151046105
08-05-2040 10:00:00,7122.156586111285,20307.590837356387,0.0,448.088,7643.925,0.0,454.1133000000001,0.0,0.0,0.0,216.90400000000002,40.019,0.0,0.0,37455.4954629014
08-05-2040 11:00:00,6467.783827502497,21147.334433613258,0.0,446.98,7480.968000000001,0.0,452.41800000000006,0.0,0.0,0.0,215.99200000000002,39.246,0.0,0.0,37838.090892752305
08-05-2040 12:00:00,6548.641266116067,21227.271830574922,0.0,448.61800000000005,7275.0740000000005,0.0,451.6312500000001,0.0,0.0,0.0,218.6635,41.3595,0.0,0.0,38116.06988489083
08-05-2040 13:00:00,7319.662669617597,20262.114840619193,0.0,444.291,7127.795999999999,0.0,458.9218500000001,0.0,0.0,0.0,215.479,42.568999999999996,0.0,0.0,38083.17548963979
08-05-2040 14:00:00,12252.598730000664,26456.879243217267,0.0,453.376,6427.133000000001,0.0,461.6391000000001,0.0,0.0,0.0,211.4055,42.6285,0.0,-11478.930770976334,37193.56303438465
08-05-2040 15:00:00,18889.659766291854,27672.926761910814,0.0,454.006,5295.802,0.0,461.44845000000004,0.0,0.0,0.0,208.2845,42.6005,0.0,-12200.0,36458.29213214918
08-05-2040 16:00:00,21813.194606174355,22830.667016628155,0.0,446.853,4736.661,0.0,468.08925000000005,0.0,0.0,0.0,208.084,42.25899999999999,0.0,-12200.0,35955.760942818735
08-05-2040 17:00:00,22810.971366005797,16875.71100202073,0.0,440.881,4706.193,0.0,477.03315,0.0,0.0,0.0,207.169,43.552,0.0,-11684.502334804944,35667.7646126231
08-05-2040 18:00:00,25317.22140871994,12412.147878901116,0.0,441.51099999999997,4357.581,0.0,479.6421000000001,0.0,0.0,0.0,195.9955,43.3795,0.0,-9755.774705420787,35115.171284394426
08-05-2040 19:00:00,26025.21913355823,6844.51176380853,0.0,443.658,4130.098,0.0,482.64840000000004,0.0,0.0,0.0,198.3525,42.6525,0.0,-4631.513039008969,35025.060996738706
08-05-2040 20:00:00,24451.467588430438,1644.4160611758289,0.0,428.86800000000005,4956.983,2385.8205504584257,487.3135500000001,0.0,0.0,0.0,192.7045,43.7305,0.0,0.0,35907.95939151657
08-05-2040 21:00:00,22958.981920620277,45.536410871068185,0.0,425.16,6083.4259999999995,5988.768780319006,485.40780000000007,0.0,0.0,0.0,195.7075,44.4475,0.0,0.0,37468.083628813736
08-05-2040 22:00:00,21901.093574134455,7.171173493472257,0.0,412.274,5421.894,5845.253652871517,488.09670000000006,0.0,0.0,0.0,192.8535,44.3445,0.0,0.0,35401.31100891428
08-05-2040 23:00:00,20834.986523855616,2.0118224280329415,0.0,407.225,4428.248,4705.4118805193575,483.84510000000006,0.0,0.0,0.0,191.8745,43.4325,0.0,0.0,32022.306162557245
09-05-2040 00:00:00,19716.73614908853,1.0383599628557116,0.0,413.14099999999996,4299.946,3932.9112179127515,470.9040000000001,0.0,0.0,0.0,189.1205,44.9325,0.0,0.0,29768.77709042318
09-05-2040 01:00:00,19184.825507229507,5.797509792611057,0.0,405.11,3816.219,871.8339179189425,469.9668000000001,0.0,0.0,0.0,187.988,47.684,0.0,0.0,28317.26298319163
09-05-2040 02:00:00,18748.975075303308,1.0491762124687918,0.0,398.746,3646.664,0.0,464.7640500000001,0.0,0.0,0.0,190.8315,49.4075,0.0,0.0,27236.90112733003
09-05-2040 03:00:00,18530.519994672148,6.089548532164224,0.0,410.064,3604.421,0.0,463.5448500000001,0.0,0.0,0.0,191.2635,47.7335,0.0,0.0,26645.882273857722
09-05-2040 04:00:00,19385.176233764134,1.3844799504742822,0.0,409.837,3418.1240000000003,0.0,463.34190000000007,0.0,0.0,0.0,192.9535,49.1525,0.0,0.0,26545.238697018387
09-05-2040 05:00:00,19844.09318306519,7.1062759957937764,0.0,405.36,3617.546,0.0,463.98945000000003,0.0,0.0,0.0,195.8645,48.9045,0.0,0.0,26937.83212140904
09-05-2040 06:00:00,19817.52646478083,7.57137472915623,1666.0356904651562,406.398,3881.301,0.0,468.33840000000004,0.0,0.0,0.0,194.87599999999998,48.373999999999995,0.0,0.0,29204.920255230583
09-05-2040 07:00:00,18791.352645872787,1198.3431108827826,6108.012113420391,401.19,4436.362,0.0,479.4648000000001,0.0,0.0,0.0,191.132,48.476000000000006,0.0,0.0,32278.355557861727
09-05-2040 08:00:00,16197.719242435656,7389.640103157255,3441.5161272640016,412.714,6299.73,0.0,482.8089,0.0,0.0,0.0,185.6855,47.3985,0.0,0.0,35162.06927024149
09-05-2040 09:00:00,13639.604479113925,14105.242618694796,0.0,410.157,6900.903,0.0,475.11165,0.0,0.0,0.0,183.976,48.06100000000001,0.0,0.0,36736.740948565115
09-05-2040 10:00:00,10490.973194190537,17207.15931406307,0.0,408.57599999999996,7126.496999999999,0.0,473.32815000000005,0.0,0.0,0.0,178.8955,47.6795,0.0,0.0,37280.81903725774
09-05-2040 11:00:00,8833.193478368808,19075.68758005517,0.0,398.786,7295.013000000001,0.0,469.65825000000007,0.0,0.0,0.0,179.2255,47.4625,0.0,0.0,37614.21162677007
09-05-2040 12:00:00,8198.3497414936,19976.8167769857,0.0,396.716,7306.016,0.0,470.76525000000004,0.0,0.0,0.0,184.9925,48.5015,0.0,0.0,38081.5889492256
09-05-2040 13:00:00,10989.692418905439,25251.102902067683,0.0,402.06,7135.486999999999,0.0,477.52320000000003,0.0,0.0,0.0,189.4855,46.6845,0.0,-8043.117491354579,37998.61418753119
09-05-2040 14:00:00,15816.235190181189,30546.556168112038,0.0,409.463,6465.96,0.0,487.0461000000001,0.0,0.0,0.0,187.578,45.718,0.0,-12200.0,37030.87958950377
09-05-2040 15:00:00,19238.1399501219,28562.948736396418,0.0,413.894,5536.679,0.0,493.3701000000001,0.0,0.0,0.0,182.6555,45.1225,0.0,-12200.0,36258.9545818259
09-05-2040 16:00:00,21394.18499207144,24163.989261463583,211.61658750483184,417.43300000000005,4767.1759999999995,0.0,493.06215000000003,0.0,0.0,0.0,181.44799999999998,44.303000000000004,0.0,-12200.0,35872.18095222536
09-05-2040 17:00:00,24032.373380204786,19887.794295023952,3381.8176433026674,411.838,4271.107,0.0,495.71760000000006,0.0,0.0,0.0,178.3135,44.9395,0.0,-12200.0,35709.134816393984
09-05-2040 18:00:00,26266.57829574363,13798.970707698947,2439.5057657482103,410.186,4143.906,0.0,501.0025500000001,0.0,0.0,0.0,186.2935,45.0035,0.0,-12200.0,35204.56660588931
09-05-2040 19:00:00,27931.726989601648,7063.681596672751,2095.1295087184117,413.36400000000003,4213.334,0.0,500.7685500000001,0.0,0.0,0.0,192.6305,45.3625,0.0,-8442.376021255688,34999.34453439086
09-05-2040 20:00:00,28778.303790078186,1380.326510548986,1419.6202113886538,417.13,4613.3279999999995,0.0,503.39010000000013,0.0,0.0,0.0,197.05,47.336000000000006,0.0,-2399.319737983111,35902.55139045172
09-05-2040 21:00:00,29622.536780434373,16.33253691572165,985.7250714702532,419.356,5471.028,0.0,503.9895000000001,0.0,0.0,0.0,193.3955,48.8765,0.0,-919.4000259991299,37258.72316057255
09-05-2040 22:00:00,29999.935791025448,8.79361093543052,775.2017771763785,409.35400000000004,4570.245,0.0,501.4554,0.0,0.0,0.0,187.0495,48.8985,0.0,-2036.4834621860173,35256.1427470116
09-05-2040 23:00:00,29697.201287181408,1.7305999380928225,778.0696790774819,403.494,3802.986,0.0,491.9233500000001,0.0,0.0,0.0,181.2545,48.7285,0.0,-4100.766750343431,31997.235104105923
10-05-2040 00:00:00,31741.12136943799,0.908564967498747,778.5695885831665,403.67199999999997,3507.4959999999996,0.0,477.7012500000001,0.0,0.0,0.0,180.00900000000001,49.411,0.0,-7743.586858676597,30011.05724928426
10-05-2040 01:00:00,34512.00030578177,4.423846091749852,393.7708243295492,398.38699999999994,3195.433,0.0,474.18495,0.0,0.0,0.0,186.196,49.245,0.0,-11497.245652611018,28239.222678377413
10-05-2040 02:00:00,36002.122854524845,0.951829965951069,0.0,389.73800000000006,3107.0440000000003,0.0,473.9344500000001,0.0,0.0,0.0,184.6625,48.5925,0.0,-12200.0,27319.7088651919
10-05-2040 03:00:00,34545.60223451295,4.856496076273066,0.0,399.89099999999996,3229.9109999999996,0.0,473.8728000000001,0.0,0.0,0.0,184.4835,48.8195,0.0,-12200.0,26802.447587392267
10-05-2040 04:00:00,33383.829472083344,1.2546849551173176,0.0,408.421,3216.6479999999997,0.0,472.50525000000005,0.0,0.0,0.0,187.8945,49.7665,0.0,-11377.442794774095,26786.59520292556
10-05-2040 05:00:00,33401.69016578507,6.500566017461276,0.0,396.406,3171.3379999999997,0.0,477.53325000000007,0.0,0.0,0.0,187.169,49.824,0.0,-10984.633327327218,27167.387221773406
10-05-2040 06:00:00,32123.34717638056,6.349138522878153,0.0,401.89599999999996,3302.008,0.0,484.41600000000005,0.0,0.0,0.0,188.6755,48.5625,0.0,-7643.534559032967,29439.876660826856
10-05-2040 07:00:00,31415.397700712983,677.8219145029047,0.0,392.94599999999997,3718.9570000000003,0.0,495.1146000000001,0.0,0.0,0.0,188.1735,47.9235,0.0,-5093.339809110508,32467.750912253032
10-05-2040 08:00:00,29713.32154949218,5190.847984312605,49.50858174840687,410.731,4215.085,0.0,507.4303500000001,0.0,0.0,0.0,179.627,45.553999999999995,0.0,-5907.0034737811,35114.955157787044
10-05-2040 09:00:00,28737.736269696,12199.972426081693,356.88276501445216,394.236,4946.768,0.0,506.53410000000014,0.0,0.0,0.0,173.774,45.257,0.0,-11508.045541989883,36640.88191634646
10-05-2040 10:00:00,27804.079915932838,20011.97626038013,3184.914690453472,391.04400000000004,4820.215,0.0,507.0492000000001,0.0,0.0,0.0,175.019,46.809,0.0,-12200.0,37026.865437660985
10-05-2040 11:00:00,26117.32342858223,26332.776209272004,7275.542620439082,391.42400000000004,4765.85,0.0,505.8094500000001,0.0,0.0,0.0,174.43099999999998,47.301,0.0,-12200.0,37302.44434568406
10-05-2040 12:00:00,23975.18500146789,29485.604808988788,9246.755964140058,394.417,5485.358,0.0,506.07780000000014,0.0,0.0,0.0,172.91099999999997,47.974,0.0,-12200.0,37725.71212471806
10-05-2040 13:00:00,22440.561555857745,30695.283349466074,9685.99224246142,386.839,5869.668000000001,0.0,506.55930000000006,0.0,0.0,0.0,168.0035,48.1085,0.0,-12200.0,37794.36635972434
10-05-2040 14:00:00,21691.855044627417,30985.41842908734,9955.040030290693,385.08,5580.602,0.0,508.9821000000001,0.0,0.0,0.0,162.643,48.103,0.0,-12200.0,36705.26941781213
10-05-2040 15:00:00,21848.89610289181,29829.767055427386,10738.442077428917,376.59,5053.473,0.0,507.76320000000004,0.0,0.0,0.0,148.7475,47.6625,0.0,-12200.0,35919.08563390538
10-05-2040 16:00:00,22325.557717135165,26457.476751061204,11698.882252321579,375.731,4894.919,0.0,508.1760000000001,0.0,0.0,0.0,144.8235,48.4715,0.0,-12200.0,35612.70812633899
10-05-2040 17:00:00,24093.9945834998,22882.652172690097,12936.061805157427,371.233,4483.738,0.0,511.7682000000001,0.0,0.0,0.0,143.6125,48.6215,0.0,-12200.0,35571.860941518215
10-05-2040 18:00:00,21950.842838553097,17499.339842762336,12915.661989188113,386.139,4697.392,0.0,512.0341500000001,0.0,0.0,0.0,146.694,49.268,0.0,-12200.0,35138.29087953676
10-05-2040 19:00:00,19110.837834965736,10271.51083381676,11355.68999148946,387.793,5311.911999999999,0.0,511.75695,0.0,0.0,0.0,149.308,48.008,0.0,-12200.0,34869.32633847846
10-05-2040 20:00:00,16152.657539898011,2962.289546532762,7062.432075194665,400.7,6628.148,0.0,513.65745,0.0,0.0,0.0,151.122,48.218,0.0,-106.5468339569943,35397.75105773873
10-05-2040 21:00:00,13566.446109439148,65.53565640565373,3218.5401824682485,400.029,7824.244000000001,8000.0,512.4700500000001,0.0,0.0,0.0,160.641,48.972,0.0,0.0,36685.92776040635
10-05-2040 22:00:00,10477.66628794009,7.633084116924794,2004.7599163171435,398.65,7459.008000000001,8000.0,512.2063500000002,0.0,0.0,0.0,152.813,48.92,0.0,0.0,34973.15043596054
10-05-2040 23:00:00,8631.031327785575,2.466104911782315,2249.59098685949,361.82,6730.9580000000005,7801.080372670269,508.8171000000001,0.0,0.0,0.0,161.555,48.956,0.0,0.0,32291.630790631036
11-05-2040 00:00:00,7600.460018895099,1.0275437132426313,11457.081686089734,349.834,6098.134,0.0,491.17845,0.0,0.0,0.0,169.1715,48.8135,0.0,0.0,30204.717477262573
11-05-2040 01:00:00,8481.601756139846,7.0738272469545365,12849.401444543751,360.529,5258.709,0.0,485.3965500000001,0.0,0.0,0.0,168.56,49.251000000000005,0.0,0.0,28316.76563160107
11-05-2040 02:00:00,10264.143852025973,1.2114199566649968,10608.798210230641,358.38699999999994,4630.758,0.0,489.28425000000004,0.0,0.0,0.0,169.5025,49.3755,0.0,0.0,27195.927837655716
11-05-2040 03:00:00,11750.151247434573,6.446484769395876,8983.746458015114,358.25,4250.117,0.0,490.6675500000001,0.0,0.0,0.0,168.43599999999998,48.48,0.0,0.0,26647.561439960802
11-05-2040 04:00:00,12894.689871463383,1.9685574295806199,8429.646029408053,379.214,3532.526,0.0,490.9902000000001,0.0,0.0,0.0,172.47299999999998,50.183,0.0,0.0,26511.032290503383
11-05-2040 05:00:00,13666.049064159937,6.554647265526679,8136.785077270348,385.264,3422.15,0.0,492.5256000000001,0.0,0.0,0.0,174.3895,50.0375,0.0,0.0,26872.59313318883
11-05-2040 06:00:00,13518.603584300476,9.572380907576092,9818.793723771978,383.165,4212.389,0.0,497.1502500000001,0.0,0.0,0.0,172.192,49.013999999999996,0.0,0.0,29230.866235851714
11-05-2040 07:00:00,12877.378380556294,1340.7498532885984,11424.256567634622,383.04699999999997,4824.032,0.0,504.1734000000001,0.0,0.0,0.0,171.577,48.05,0.0,0.0,32217.17015250046
11-05-2040 08:00:00,11889.11115735432,7715.685131493948,7476.115169184301,386.51800000000003,6009.7919999999995,0.0,509.72595000000007,0.0,0.0,0.0,165.989,48.163999999999994,0.0,0.0,34926.78402485012
11-05-2040 09:00:00,10257.209199837322,15876.988930797192,1822.0783842494038,363.29900000000004,6733.271,0.0,505.7587500000001,0.0,0.0,0.0,162.872,48.48,0.0,0.0,36713.90518234093
11-05-2040 10:00:00,8391.23161558868,19015.95188384872,0.0,373.991,6994.306,0.0,503.7798000000001,0.0,0.0,0.0,162.7895,49.0815,0.0,0.0,37359.253280242774
11-05-2040 11:00:00,7276.966134643103,20498.003054271896,0.0,378.631,6677.439,0.0,502.0696500000001,0.0,0.0,0.0,154.106,47.718,0.0,0.0,37785.674796587795
11-05-2040 12:00:00,7022.55805323108,21040.522289507167,0.0,377.0,6530.975,0.0,501.8961000000001,0.0,0.0,0.0,156.488,48.705,0.0,0.0,38117.759838724756
11-05-2040 13:00:00,8643.071675650606,22965.43871715028,0.0,377.85900000000004,6449.821999999999,0.0,503.3874,0.0,0.0,0.0,151.224,48.714,0.0,-3531.9351406580186,38056.40257365156
11-05-2040 14:00:00,14485.29956025245,34357.29566583705,0.0,379.87199999999996,6149.535,0.0,507.7278000000001,0.0,0.0,0.0,151.655,48.672,0.0,-12200.0,36885.9985044357
11-05-2040 15:00:00,15584.793628908867,32734.305214385226,529.639417331724,373.842,5359.4580000000005,0.0,505.86255000000006,0.0,0.0,0.0,150.3675,48.7805,0.0,-12200.0,35877.61610861263
11-05-2040 16:00:00,14294.147312102996,29717.008193761507,14329.713033276435,363.876,5438.101,0.0,503.1490500000001,0.0,0.0,0.0,151.315,48.806999999999995,0.0,-12200.0,35471.94869843135
11-05-2040 17:00:00,12693.164302660327,24718.974239126692,15174.665342010878,352.915,5887.186,0.0,505.3141500000001,0.0,0.0,0.0,156.006,49.881,0.0,-12200.0,35301.340363284646
11-05-2040 18:00:00,11963.268320062296,18002.142991393717,15253.431785355875,355.12699999999995,5911.284000000001,0.0,504.18510000000015,0.0,0.0,0.0,159.832,50.388000000000005,0.0,-12200.0,34713.6035839212
11-05-2040 19:00:00,11650.316204338398,9945.747001628135,14638.32383479341,357.71,5714.88,0.0,506.02590000000004,0.0,0.0,0.0,158.3555,49.3605,0.0,-10997.543846030516,34423.25552840351
11-05-2040 20:00:00,10842.199131510664,2587.3334374457195,9637.264221169287,357.405,6279.746999999999,2391.5477981264485,511.7485500000001,0.0,0.0,0.0,161.0975,50.1075,0.0,0.0,34671.70626930222
11-05-2040 21:00:00,7042.066431049672,23.858083034673683,5759.598927773537,356.01800000000003,7771.496999999999,8000.0,513.99225,0.0,0.0,0.0,161.537,50.32,0.0,0.0,36089.64523826798
11-05-2040 22:00:00,7400.074604701265,4.213058987537427,4423.467882798621,355.852,7551.973000000001,8000.0,514.5775500000001,0.0,0.0,0.0,161.0715,49.5895,0.0,0.0,34658.93396798427
11-05-2040 23:00:00,12348.175076417321,2.6824299040439215,4035.75189880759,354.86,6196.689,7331.6804519588895,512.3319,0.0,0.0,0.0,160.1,49.88399999999999,0.0,0.0,32064.02082973343
12-05-2040 00:00:00,9906.837484382831,0.8217173429737434,3551.5160331303214,356.971,5777.689,4011.1659761905084,497.10120000000006,0.0,0.0,0.0,157.0365,49.2415,0.0,0.0,30249.956012514645
12-05-2040 01:00:00,13182.897574639082,6.240976026747351,5698.533952851165,351.494,5411.063,2282.5530378389703,496.15965000000006,0.0,0.0,0.0,159.94899999999998,49.615,0.0,0.0,28502.516964914437
12-05-2040 02:00:00,14642.984145190823,1.1357062093734345,5962.612391944402,354.711,4670.612,0.0,495.4152000000001,0.0,0.0,0.0,158.851,48.978,0.0,0.0,27092.7926669842
12-05-2040 03:00:00,15455.297622341168,5.386492307314004,5298.030046010921,347.418,3863.381,0.0,491.60820000000007,0.0,0.0,0.0,159.0245,49.2055,0.0,0.0,26324.87102341828
12-05-2040 04:00:00,17315.219297891752,2.5850836575261984,3412.2891358119887,346.18199999999996,3482.143,0.0,492.6849,0.0,0.0,0.0,162.0915,50.3895,0.0,0.0,25837.60596118226
12-05-2040 05:00:00,17931.173437831887,8.382593450137255,2772.659461063835,345.157,3443.395,0.0,491.7927000000001,0.0,0.0,0.0,161.63299999999998,50.352,0.0,0.0,25707.90060946407
12-05-2040 06:00:00,19966.6427587761,8.88014093233895,1257.0207435907978,345.126,3337.722,0.0,485.85765000000004,0.0,0.0,0.0,162.3285,50.1505,0.0,0.0,26130.76552254998
12-05-2040 07:00:00,20604.399967622277,905.9908338032657,0.0,331.13199999999995,3381.6490000000003,0.0,484.23810000000014,0.0,0.0,0.0,156.327,46.938,0.0,0.0,26442.503788359914
12-05-2040 08:00:00,18004.097735416548,5104.004253733883,0.0,337.74,3984.797,0.0,485.54745,0.0,0.0,0.0,154.1865,43.3155,0.0,0.0,28726.049163556392
12-05-2040 09:00:00,15239.360658652178,9746.448745722053,0.0,344.292,4477.454000000001,0.0,485.78130000000004,0.0,0.0,0.0,154.7195,42.0965,0.0,0.0,31313.335004116143
12-05-2040 10:00:00,14006.585336406748,12884.131902247707,0.0,348.639,3981.82,0.0,485.9787,0.0,0.0,0.0,151.9515,40.7985,0.0,0.0,33212.10471186089
12-05-2040 11:00:00,17671.604991918684,18155.329069621122,0.0,345.228,3874.155,0.0,482.2968000000001,0.0,0.0,0.0,146.359,35.596,0.0,-8384.733021027989,33840.53467188764
12-05-2040 12:00:00,29668.52487259,29715.222366188205,9490.03795371714,339.801,3691.7790000000005,0.0,477.40500000000003,0.0,0.0,0.0,142.90200000000002,30.144000000000002,0.0,-12200.0,33852.70323226955
12-05-2040 13:00:00,34832.61098180639,31403.926612721563,10177.613774774509,343.779,3716.638,0.0,471.5562000000001,0.0,0.0,0.0,142.0425,29.0415,0.0,-12200.0,33827.75827867179
12-05-2040 14:00:00,38851.52907470931,30833.758778076673,10034.946618122369,339.18199999999996,3299.4559999999997,0.0,463.52295000000004,0.0,0.0,0.0,139.509,33.604,0.0,-12200.0,32907.471096782596
12-05-2040 15:00:00,42748.69247810612,30678.95305434536,10609.789927620703,330.971,2952.3059999999996,0.0,457.6596000000001,0.0,0.0,0.0,134.8125,27.3085,0.0,-12200.0,31408.48762596045
12-05-2040 16:00:00,45087.23932493301,28162.98227630794,12655.209136719961,330.029,3039.038,0.0,455.81310000000013,0.0,0.0,0.0,129.007,25.041,0.0,-12200.0,30317.480883699714
12-05-2040 17:00:00,47685.95588090672,23436.10882467294,14092.001678146422,340.67199999999997,2901.031,0.0,457.38540000000006,0.0,0.0,0.0,129.215,25.868000000000002,0.0,-12200.0,29905.104992901935
12-05-2040 18:00:00,48844.7390165619,17289.147663254847,14971.895030226384,338.671,2851.75,0.0,454.1301000000001,0.0,0.0,0.0,130.8385,24.9145,0.0,-12200.0,29853.720426999644
12-05-2040 19:00:00,49234.09285905353,9828.32582215064,15315.394253035687,347.825,3064.363,0.0,458.8146000000001,0.0,0.0,0.0,123.258,18.622,0.0,-12200.0,30118.445761830528
12-05-2040 20:00:00,49281.31269661113,2871.259989788816,10919.716280468449,352.973,3501.8959999999997,0.0,465.59670000000006,0.0,0.0,0.0,124.9005,18.4915,0.0,-12200.0,31037.831982199623
12-05-2040 21:00:00,44715.32188211389,88.5959005807406,6209.682932239812,347.51599999999996,4053.3140000000003,0.0,467.02875000000006,0.0,0.0,0.0,128.666,18.739,0.0,-12200.0,32726.22977893971
12-05-2040 22:00:00,44326.75703728127,6.554647265526677,4752.227464577882,336.032,3868.506,0.0,466.9993500000001,0.0,0.0,0.0,127.925,18.94,0.0,-12200.0,32080.09901256627
12-05-2040 23:00:00,42040.60371396132,2.001006178419861,4514.086362679809,337.022,3851.947,0.0,466.5934500000001,0.0,0.0,0.0,129.5745,18.8765,0.0,-12200.0,30014.127660674345
13-05-2040 00:00:00,38866.04525305624,1.1248899597603543,4218.762629603734,323.05400000000003,3443.967,0.0,458.52450000000005,0.0,0.0,0.0,131.1915,19.0035,0.0,-12200.0,27888.908231082853
13-05-2040 01:00:00,34942.27362200465,7.495660981864668,3505.2338988143892,321.603,3147.185,0.0,454.74075000000005,0.0,0.0,0.0,125.1185,18.9015,0.0,-12200.0,26249.199927489874
13-05-2040 02:00:00,33515.831524062545,1.016727463629551,3098.7197672606853,321.626,2938.373,0.0,453.56265,0.0,0.0,0.0,127.6955,18.9595,0.0,-12200.0,24885.106615019675
13-05-2040 03:00:00,31577.277158245655,6.998113499662972,2675.901569547452,314.439,3261.218,0.0,454.8966000000001,0.0,0.0,0.0,127.5835,19.1605,0.0,-12200.0,24310.57327421687
13-05-2040 04:00:00,29551.770840111247,1.4926424466050854,1474.4874722244567,311.405,3289.847,0.0,456.4270500000001,0.0,0.0,0.0,125.8055,18.8205,0.0,-11938.449519405174,23896.628326568672
13-05-2040 05:00:00,27418.264952698566,8.058105961744845,799.9955345905037,311.084,3279.808,0.0,458.2465500000001,0.0,0.0,0.0,125.057,18.954,0.0,-9300.346505720627,23652.653377994324
13-05-2040 06:00:00,25853.91880654754,9.702175902933055,225.33640227848082,322.142,3508.0809999999997,0.0,458.9625000000001,0.0,0.0,0.0,124.5415,18.8615,0.0,-7299.028745909236,23705.18888317949
13-05-2040 07:00:00,24279.45882019946,2023.6445888600379,77.24040380129009,308.681,3535.7529999999997,0.0,458.76315000000005,0.0,0.0,0.0,125.772,18.941,0.0,-7922.110248778332,23387.654257994658
13-05-2040 08:00:00,22180.57978222627,10365.94750918857,478.38708592543844,320.358,3622.4429999999998,0.0,458.5005000000001,0.0,0.0,0.0,120.1595,19.0115,0.0,-12200.0,24732.66779452489
13-05-2040 09:00:00,24394.837818577533,20588.222774766593,7780.78449419688,322.606,3471.67,0.0,454.08240000000006,0.0,0.0,0.0,119.277,19.029,0.0,-12200.0,26969.671178991844
13-05-2040 10:00:00,26539.436055391805,28800.11417351021,15602.991314628947,318.57099999999997,3450.531,0.0,453.6777000000001,0.0,0.0,0.0,120.3765,19.0555,0.0,-12200.0,28935.943810469267
13-05-2040 11:00:00,27460.2828341138,33859.68533626886,17595.700767074886,317.07099999999997,3437.667,0.0,453.4134,0.0,0.0,0.0,119.2435,18.6215,0.0,-12200.0,30008.471169809593
13-05-2040 12:00:00,28610.185854453634,36679.611405394266,17463.215977722983,319.49,3336.897,0.0,452.05275000000006,0.0,0.0,0.0,120.0465,18.9345,0.0,-12200.0,30490.789127480948
13-05-2040 13:00:00,29230.394382239563,37640.99211975368,17769.204446920572,318.61,3466.611,0.0,451.78260000000006,0.0,0.0,0.0,118.6795,18.8805,0.0,-12200.0,30748.476769909503
13-05-2040 14:00:00,31254.57797251646,36921.268054249704,17339.071783808235,314.84,3320.349,0.0,448.91415000000006,0.0,0.0,0.0,120.6005,18.9885,0.0,-12200.0,30530.92320609447
13-05-2040 15:00:00,32951.77318059055,34775.6810672518,16191.77946823358,308.355,3172.4159999999997,0.0,440.11545000000007,0.0,0.0,0.0,120.8655,18.9465,0.0,-12200.0,28911.588090169516
13-05-2040 16:00:00,33511.04340392337,30742.22587278685,15986.48329789401,296.35,2819.586,0.0,434.07720000000006,0.0,0.0,0.0,119.022,18.843,0.0,-12200.0,27976.743051513822
13-05-2040 17:00:00,33292.15514925699,26214.50051975298,16903.10684312941,296.007,2792.091,0.0,434.5075500000001,0.0,0.0,0.0,112.1455,18.9575,0.0,-12200.0,27556.864479915628
13-05-2040 18:00:00,31201.521888454034,19523.97952658678,17165.690888753423,294.848,2977.1009999999997,0.0,438.58140000000003,0.0,0.0,0.0,112.7905,18.7395,0.0,-12200.0,27616.96813626765
13-05-2040 19:00:00,33297.09023915812,11124.220688313566,17342.83426061427,309.54200000000003,3327.4190000000003,0.0,451.1703000000001,0.0,0.0,0.0,123.1905,18.7235,0.0,-12200.0,28220.482529963392
13-05-2040 20:00:00,32082.748713455694,3254.7393035712284,12166.227477410634,310.681,4007.5370000000003,0.0,457.86705000000006,0.0,0.0,0.0,125.99,18.924,0.0,-12200.0,29605.456425441593
13-05-2040 21:00:00,27798.027082315864,89.7965042877929,6537.614797634858,321.731,4994.63,0.0,465.9573000000001,0.0,0.0,0.0,124.3995,18.8105,0.0,-9644.611061701988,32184.605713016706
13-05-2040 22:00:00,24902.482979214245,7.90667846716172,4732.599438722624,318.788,5353.883000000001,0.0,468.3028500000001,0.0,0.0,0.0,123.5485,16.2605,0.0,-4810.669108577229,32318.473640874337
13-05-2040 23:00:00,23294.970266929617,2.6716136544308413,4625.5749527924345,311.59,4293.876,0.0,466.5208500000001,0.0,0.0,0.0,127.8265,18.7505,0.0,-4157.957635359748,30090.921796581737
14-05-2040 00:00:00,21800.728697226736,0.9842787147903099,4604.79801210828,309.84,3294.4829999999997,0.0,468.05430000000007,0.0,0.0,0.0,124.777,19.045,0.0,-3909.629757846662,27747.772348568138
14-05-2040 01:00:00,20233.41995008491,5.754244794158735,4603.833274465724,307.817,3096.8720000000003,0.0,469.9713000000001,0.0,0.0,0.0,127.8085,19.0585,0.0,-3955.581665985963,25897.687670081887
14-05-2040 02:00:00,18925.918933435412,1.1248899597603543,4603.228120853571,305.91,3175.243,0.0,470.7936000000001,0.0,0.0,0.0,129.707,18.913,0.0,-3559.1235377917183,25037.70278758836
14-05-2040 03:00:00,17923.34536419562,5.018739820469272,4491.721990056511,310.597,3129.242,0.0,468.9007500000001,0.0,0.0,0.0,126.03200000000001,18.897000000000002,0.0,-2704.3051948053,24713.37486790322
14-05-2040 04:00:00,18082.904246539663,1.8820274326759772,3651.707383983623,308.247,2930.135,0.0,468.50025000000005,0.0,0.0,0.0,127.695,18.941,0.0,-1913.8988252714953,24525.181787513953
14-05-2040 05:00:00,18602.89486717982,4.878128575499229,3118.6722957775346,301.3,3044.2870000000003,0.0,469.6260000000001,0.0,0.0,0.0,129.3775,19.0015,0.0,-1207.8777337293868,25290.84507542818
14-05-2040 06:00:00,18277.248550961085,16.76518690027451,1370.6817018835864,292.647,3376.472,3369.1641355336105,476.12880000000007,0.0,0.0,0.0,128.6945,18.7635,0.0,0.0,28003.3798188991
14-05-2040 07:00:00,17209.57898005524,1316.0239066730967,565.7221536049037,290.423,4159.651,6547.411107557724,487.3972500000001,0.0,0.0,0.0,128.98,18.774,0.0,0.0,31402.155971941742
14-05-2040 08:00:00,16778.265272622797,8412.327320323611,971.8503901016084,300.543,5731.17,793.1114395573313,503.05710000000016,0.0,0.0,0.0,127.72,17.538,0.0,0.0,34436.61259913088
14-05-2040 09:00:00,11059.922288053729,11409.721678850052,10683.338017353584,306.151,5474.468000000001,0.0,506.1592500000001,0.0,0.0,0.0,124.744,15.51,0.0,-5408.350388013907,36127.67273344289
14-05-2040 10:00:00,19149.0614046099,24431.128525728785,16768.122506248998,310.272,5027.038,0.0,504.6838500000001,0.0,0.0,0.0,126.414,18.198,0.0,-12200.0,37120.95825794844
14-05-2040 11:00:00,22482.993516089005,30249.863781575234,16980.338476588484,318.269,4561.639,0.0,501.0445500000001,0.0,0.0,0.0,128.4935,18.3115,0.0,-12200.0,37328.07339021306
14-05-2040 12:00:00,24530.192634661016,33208.666598029056,17136.801381529454,318.885,4107.015,0.0,500.5491000000001,0.0,0.0,0.0,130.6105,18.5175,0.0,-12200.0,37554.66632848642
14-05-2040 13:00:00,26970.200047841707,34320.473457085805,16433.516410435783,322.532,3837.698,0.0,499.04910000000007,0.0,0.0,0.0,132.586,18.729,0.0,-12200.0,37485.56830855301
14-05-2040 14:00:00,28805.8447915691,32683.419822236872,15720.136775463965,320.122,3423.667,0.0,499.02240000000006,0.0,0.0,0.0,131.9805,18.4485,0.0,-12200.0,36495.67087551114
14-05-2040 15:00:00,29820.021103325766,30342.943516329753,14663.56487966,319.32599999999996,3416.62,0.0,499.60845000000006,0.0,0.0,0.0,131.8825,18.4905,0.0,-12200.0,35582.08845433125
14-05-2040 16:00:00,30068.296038392957,27246.50050058201,12653.569082727598,290.074,3273.204,0.0,499.2723000000001,0.0,0.0,0.0,131.1365,18.4185,0.0,-12200.0,35057.40484572643
14-05-2040 17:00:00,30432.595430193047,22820.047718514485,11336.368927611387,291.494,3383.768,0.0,493.5249,0.0,0.0,0.0,129.1515,18.7145,0.0,-12200.0,34807.59782666825
14-05-2040 18:00:00,31320.934819913364,17663.573776818757,11324.274625710386,293.252,3446.143,0.0,496.01220000000006,0.0,0.0,0.0,119.814,18.819000000000003,0.0,-12200.0,34395.15386156897
14-05-2040 19:00:00,31776.154319527363,10895.359662747604,11973.911413534777,296.695,3464.288,0.0,496.80870000000004,0.0,0.0,0.0,118.7515,18.6175,0.0,-12200.0,34413.39554242029
14-05-2040 20:00:00,31457.400111626393,3336.0666844119182,9550.84126907913,306.369,3927.551,0.0,499.7043000000001,0.0,0.0,0.0,129.999,18.48,0.0,-12200.0,34975.70489622412
14-05-2040 21:00:00,30451.148430713176,117.3130433034691,6384.440771020862,308.866,5546.689,0.0,500.91690000000006,0.0,0.0,0.0,130.8845,19.0045,0.0,-8311.046747518314,36674.67243723823
14-05-2040 22:00:00,30834.96383165997,5.765061043771815,4803.446263056307,309.127,4889.641,0.0,500.15895000000006,0.0,0.0,0.0,131.435,18.809,0.0,-7529.021524783446,35213.271932682466
14-05-2040 23:00:00,30321.67967331491,1.8928436822890575,4592.423059256747,309.80400000000003,3478.7340000000004,0.0,493.31940000000003,0.0,0.0,0.0,132.7605,18.7945,0.0,-8488.045176492586,31985.905754784828
15-05-2040 00:00:00,28242.119423786964,1.114073710147274,4550.518364200252,305.78,3608.923,0.0,480.9339,0.0,0.0,0.0,135.924,19.018,0.0,-8374.363130758404,30014.054378502806
15-05-2040 01:00:00,27546.859626775815,7.463212233025427,4303.905111731932,309.949,3329.0490000000004,0.0,477.3786000000001,0.0,0.0,0.0,134.3425,18.7185,0.0,-8779.29858270472,28315.663423102287
15-05-2040 02:00:00,27114.474587131295,1.2114199566649968,3982.28789272462,317.983,3289.078,0.0,473.02605000000005,0.0,0.0,0.0,131.43200000000002,18.887999999999998,0.0,-8951.316855289082,27283.253030802418
15-05-2040 03:00:00,27365.28622114242,7.160357243859178,3815.107629608916,343.56300000000005,3129.2859999999996,0.0,471.63750000000005,0.0,0.0,0.0,131.99200000000002,18.817999999999998,0.0,-9477.663281680077,26681.696796248598
15-05-2040 04:00:00,27266.549614492043,1.7197836884797724,2881.390687415551,351.281,3030.8959999999997,0.0,470.14980000000014,0.0,0.0,0.0,134.5455,18.8155,0.0,-8404.572531554117,26521.52763663371
15-05-2040 05:00:00,26958.539669706814,8.090554710584087,1868.2495262117882,354.64,3052.1009999999997,0.0,468.40095,0.0,0.0,0.0,134.3435,18.7155,0.0,-6587.715136078899,26949.936327396666
15-05-2040 06:00:00,26209.18339742366,18.182115599588034,1439.879701882688,354.565,3489.16,0.0,470.1303000000001,0.0,0.0,0.0,132.1345,18.8215,0.0,-3999.7690339211513,28824.42917687398
15-05-2040 07:00:00,26855.14644217794,1991.62849000532,842.663249418867,358.7,4109.529,0.0,485.07945000000007,0.0,0.0,0.0,133.088,19.139,0.0,-4102.395016683404,31411.15517140246
15-05-2040 08:00:00,25479.153648836396,10469.134530497357,1394.2826927577844,364.119,5868.464,0.0,490.03395000000006,0.0,0.0,0.0,131.2685,18.8275,0.0,-10846.640856887368,34226.116443226245
15-05-2040 09:00:00,23528.35438127422,20397.207806599592,12679.424051548558,364.167,5343.719,0.0,488.20815,0.0,0.0,0.0,128.63,18.615,0.0,-12200.0,35820.48279814743
15-05-2040 10:00:00,22175.93863184903,27838.62529665466,18486.951712310634,363.995,4263.464,0.0,486.0498000000001,0.0,0.0,0.0,132.213,19.043,0.0,-12200.0,36684.07115473057
15-05-2040 11:00:00,23245.414383776686,33391.83927550469,18655.693096338888,357.649,3752.91,0.0,487.68300000000005,0.0,0.0,0.0,129.207,18.891,0.0,-12200.0,37037.35817985627
15-05-2040 12:00:00,24104.522259605506,36446.33734998896,18665.971937403374,361.167,3614.474,0.0,492.3865500000001,0.0,0.0,0.0,128.21200000000002,18.727999999999998,0.0,-12200.0,37234.98271292108
15-05-2040 13:00:00,24228.742649452215,37897.55356057595,18662.91108797377,359.68199999999996,3644.45,0.0,494.22090000000003,0.0,0.0,0.0,127.2895,18.6835,0.0,-12200.0,37296.13091921053
15-05-2040 14:00:00,25052.044050120665,37891.73441828411,18582.74138987594,347.963,3299.0,0.0,495.0804,0.0,0.0,0.0,126.387,18.715,0.0,-12200.0,36231.63558346297
15-05-2040 15:00:00,26065.68676301017,36549.02682381555,18612.771041586588,348.535,3213.883,0.0,494.78565000000003,0.0,0.0,0.0,127.758,18.656,0.0,-12200.0,35300.07113095327
15-05-2040 16:00:00,27817.991764188606,33418.53377954977,18517.823316872964,353.98199999999997,3140.115,0.0,497.9481000000001,0.0,0.0,0.0,128.7835,18.8535,0.0,-12200.0,34824.9169705378
15-05-2040 17:00:00,28962.27125732135,28740.051539408778,18352.072619536688,346.01599999999996,3272.011,0.0,500.0553000000001,0.0,0.0,0.0,130.4575,18.6125,0.0,-12200.0,34738.38969748219
15-05-2040 18:00:00,30481.03357151729,21626.096006389715,18322.858609651128,350.159,3479.929,0.0,502.6962000000001,0.0,0.0,0.0,130.1005,18.0655,0.0,-12200.0,34201.24291184643
15-05-2040 19:00:00,31876.70097483301,12573.803645208978,17604.778071257286,341.80199999999996,3493.222,0.0,504.5053500000001,0.0,0.0,0.0,129.622,17.667,0.0,-12200.0,34226.815041795504
15-05-2040 20:00:00,32208.80622532673,3776.125799920152,12964.232144320558,343.566,3892.433,0.0,503.6025000000001,0.0,0.0,0.0,128.416,17.616,0.0,-12200.0,35065.897765819354
15-05-2040 21:00:00,31684.866759240602,123.85687431938284,7367.219007510168,348.33099999999996,5260.944,0.0,493.9123500000001,0.0,0.0,0.0,127.309,17.375,0.0,-10120.743085820297,36948.9888087629
15-05-2040 22:00:00,32647.642463995613,9.572380907576092,5408.49463110941,340.42800000000005,4928.840999999999,0.0,494.32875000000007,0.0,0.0,0.0,126.461,17.109,0.0,-9549.856522239865,35744.864524901066
15-05-2040 23:00:00,33808.413511468796,3.2665073831502593,5317.037502593448,335.38800000000003,3336.687,0.0,491.8743000000001,0.0,0.0,0.0,129.572,17.424,0.0,-12200.0,32415.02085592211
16-05-2040 00:00:00,33890.445844386435,1.1357062093734345,5319.089762669493,331.611,3271.991,0.0,481.6038000000001,0.0,0.0,0.0,119.90299999999999,17.423,0.0,-12200.0,30464.164263798662
16-05-2040 01:00:00,32692.653887404165,7.052194747728375,5333.788856205414,337.838,3049.025,0.0,478.4814,0.0,0.0,0.0,112.375,17.39,0.0,-12200.0,28709.96205294631
16-05-2040 02:00:00,32508.786979959343,1.3087662031827199,5335.797264570399,340.66900000000004,2924.011,0.0,482.59185000000014,0.0,0.0,0.0,125.527,17.517,0.0,-12200.0,27485.262218465617
16-05-2040 03:00:00,31268.961671060573,6.641177262431322,5342.120681300352,344.86199999999997,2636.6479999999997,0.0,481.75095000000005,0.0,0.0,0.0,126.541,17.609,0.0,-12200.0,27146.80609129377
16-05-2040 04:00:00,30634.636310877217,1.5683561938966477,5312.520776357764,347.164,2681.3559999999998,0.0,483.50835000000006,0.0,0.0,0.0,130.631,17.623,0.0,-12200.0,26975.79898209685
16-05-2040 05:00:00,30100.320006072656,7.517293481090828,4733.415080547711,333.21,2733.6820000000002,0.0,485.3187000000001,0.0,0.0,0.0,130.541,17.53,0.0,-12200.0,27324.5280049494
16-05-2040 06:00:00,30166.09670979403,16.76518690027451,3438.3688098418643,326.061,2827.578,0.0,488.77290000000005,0.0,0.0,0.0,130.3715,17.6905,0.0,-8819.257982187784,29517.774493195895
16-05-2040 07:00:00,29195.253138633263,2135.787464848455,1913.4518699374457,331.215,3618.058,0.0,502.94295000000005,0.0,0.0,0.0,129.47,17.698,0.0,-6031.819446694204,32658.553507532233
16-05-2040 08:00:00,25128.808677360143,10444.365318883401,2145.0064448394405,354.569,5495.691,0.0,513.4083,0.0,0.0,0.0,129.054,17.965999999999998,0.0,-9559.707407768208,35616.27551732894
16-05-2040 09:00:00,23579.31421241627,20470.9746289608,12511.717567900487,360.559,5099.406,0.0,510.8503500000001,0.0,0.0,0.0,128.787,17.594,0.0,-12200.0,36638.33898779512
16-05-2040 10:00:00,23620.690068029326,28079.600521784487,18086.58559064276,349.151,4723.61,0.0,508.96755000000013,0.0,0.0,0.0,128.2705,17.9085,0.0,-12200.0,37298.539559112505
16-05-2040 11:00:00,23063.82164001672,33391.90417300236,18682.90746820165,331.741,4966.692,0.0,504.7044000000001,0.0,0.0,0.0,129.0565,18.6915,0.0,-12200.0,37831.20906446101
16-05-2040 12:00:00,22144.57219054955,36804.69051591992,18688.432783790922,356.286,4818.208,0.0,503.2986000000001,0.0,0.0,0.0,130.30700000000002,18.598,0.0,-12200.0,38186.47433622744
16-05-2040 13:00:00,21421.171551751097,38211.89540683129,18518.41092980071,322.598,4850.677,0.0,505.14510000000007,0.0,0.0,0.0,129.4535,18.5715,0.0,-12200.0,38275.66320287356
16-05-2040 14:00:00,22205.29777561036,37761.83126043101,17821.844040836266,323.58099999999996,4266.385,0.0,505.6935000000001,0.0,0.0,0.0,132.92,18.729,0.0,-12200.0,37024.86449958645
16-05-2040 15:00:00,21059.65687836696,36078.75792313804,17211.41945301139,358.461,3978.7529999999997,0.0,503.79015000000004,0.0,0.0,0.0,131.339,18.563,0.0,-12200.0,36187.93411385952
16-05-2040 16:00:00,21726.15314591519,32996.786574636535,17429.494011943956,360.754,3736.3520000000003,0.0,503.03130000000004,0.0,0.0,0.0,129.4385,18.5785,0.0,-12200.0,35913.938026343465
16-05-2040 17:00:00,24013.110935300538,28210.066124617453,17390.7115587125,357.588,3545.261,0.0,504.80025000000006,0.0,0.0,0.0,130.8195,18.4865,0.0,-12200.0,35626.86572109245
16-05-2040 18:00:00,26350.11966387905,21343.73781024025,17046.11604312758,359.88800000000003,3449.691,0.0,507.28395000000006,0.0,0.0,0.0,130.9805,18.2925,0.0,-12200.0,35137.14924002185
16-05-2040 19:00:00,28030.978022625262,12593.640646999369,16811.237508529826,357.73900000000003,3589.281,0.0,507.6864,0.0,0.0,0.0,124.9495,17.4655,0.0,-12200.0,35051.13717411128
16-05-2040 20:00:00,28327.241989330778,3809.7535199672193,12302.62383938607,355.707,4290.04,0.0,508.76340000000005,0.0,0.0,0.0,119.7865,18.3995,0.0,-12200.0,35683.76318944218
16-05-2040 21:00:00,29170.87936390215,119.49792572531149,7330.979953518225,356.403,5899.392,0.0,510.47115,0.0,0.0,0.0,120.6945,19.0175,0.0,-8208.553853306184,36956.79243005453
16-05-2040 22:00:00,31009.44788009213,9.53993215873685,5746.635174831288,348.911,5170.210999999999,0.0,509.69520000000006,0.0,0.0,0.0,129.1425,18.8365,0.0,-8895.601313473016,35409.78123757338
16-05-2040 23:00:00,31421.121786178246,3.7640548653519543,5576.16603338861,346.514,3580.603,0.0,500.91915000000006,0.0,0.0,0.0,130.33700000000002,18.804000000000002,0.0,-10262.27202731723,32559.485311385524
17-05-2040 00:00:00,31124.72245258672,1.1248899597603543,5564.641803730978,349.56300000000005,3028.263,0.0,485.2198500000001,0.0,0.0,0.0,130.792,18.83,0.0,-11392.04711935839,30472.31086053271
17-05-2040 01:00:00,30271.164619084015,6.911583502758331,5567.316758103552,354.67199999999997,2944.5679999999998,0.0,482.4733500000001,0.0,0.0,0.0,132.285,18.868,0.0,-12035.887653862643,28856.30989741723
17-05-2040 02:00:00,29004.11896322276,1.3195824527958,5565.238187000912,354.777,3026.7209999999995,0.0,479.41815,0.0,0.0,0.0,131.42600000000002,18.729,0.0,-11983.080095155146,27689.730264777765
17-05-2040 03:00:00,27352.63908636445,6.403219770943556,5317.353234912851,358.52,2876.046,0.0,478.5775500000001,0.0,0.0,0.0,131.359,18.987000000000002,0.0,-10434.26519731155,27155.73535649942
17-05-2040 04:00:00,24522.299278437673,1.8387624342236562,5059.87352845227,357.917,2889.559,0.0,480.2215500000001,0.0,0.0,0.0,132.565,18.82,0.0,-7403.9464831374535,27081.73524287829
17-05-2040 05:00:00,21061.01054722699,6.349138522878155,4405.132401464449,355.528,3020.9190000000003,0.0,483.68070000000006,0.0,0.0,0.0,132.3375,18.8945,0.0,-2899.3893688878707,27552.094070942218
17-05-2040 06:00:00,18951.4684662621,13.563577014802732,3114.4099094657868,362.01599999999996,3456.1440000000002,2270.011497259995,485.00115000000005,0.0,0.0,0.0,115.3255,19.1225,0.0,0.0,29671.32742589244
17-05-2040 07:00:00,17836.060796101072,1814.5773000888084,1557.779412147327,367.469,4006.755,5415.089423746162,495.84015,0.0,0.0,0.0,118.6425,18.8075,0.0,0.0,32430.02584553221
17-05-2040 08:00:00,15946.478302014637,9470.318776227065,2018.301311000745,377.50699999999995,5503.022,153.64690443307882,504.00690000000003,0.0,0.0,0.0,129.411,18.813,0.0,0.0,35052.25872612741
17-05-2040 09:00:00,10033.28029699189,13711.423208356822,10952.14023560111,378.00699999999995,5867.934,0.0,499.4052000000001,0.0,0.0,0.0,129.838,18.842,0.0,-7040.593698867866,36541.37291119837
17-05-2040 10:00:00,12743.858463585088,25669.230413358604,18104.354303950502,374.905,5492.309,0.0,498.2541000000001,0.0,0.0,0.0,129.3775,18.9325,0.0,-12200.0,36984.37851775329
17-05-2040 11:00:00,12804.961594495293,32061.561125396325,18853.350298617734,374.712,5548.826999999999,0.0,494.6485500000001,0.0,0.0,0.0,120.833,16.232,0.0,-12200.0,37302.55482692744
17-05-2040 12:00:00,12679.452133929964,35256.01320234752,18748.606101660873,371.914,5684.9130000000005,0.0,494.2999500000001,0.0,0.0,0.0,126.081,17.425,0.0,-12200.0,37764.4423103601
17-05-2040 13:00:00,12539.012063921597,36061.08135171566,17953.19745604371,368.439,5732.519,0.0,498.6111000000001,0.0,0.0,0.0,131.717,18.472,0.0,-12200.0,37941.4931527597
17-05-2040 14:00:00,13425.16596347508,35328.04683361732,17749.067741217412,374.635,5034.462,0.0,509.2131000000001,0.0,0.0,0.0,138.8495,18.4425,0.0,-12200.0,36760.26489761839
17-05-2040 15:00:00,15568.3326019829,32752.198221868093,17211.919362517074,372.463,4683.090999999999,0.0,513.3471000000001,0.0,0.0,0.0,142.2315,18.4315,0.0,-12200.0,35775.73715059733
17-05-2040 16:00:00,19564.111901470245,28063.65734480523,17126.873354153155,371.73,4326.822,0.0,511.8348000000001,0.0,0.0,0.0,145.1165,18.6715,0.0,-12200.0,35370.66418158411
17-05-2040 17:00:00,23874.978695929105,22196.782967295298,16112.197383063496,371.074,3830.7859999999996,0.0,514.3420500000001,0.0,0.0,0.0,143.3695,18.2465,0.0,-12200.0,35096.38166121485
17-05-2040 18:00:00,29002.444281370714,15985.57326061279,13554.274456860527,370.5,3577.369,0.0,514.0674,0.0,0.0,0.0,136.149,18.442,0.0,-12200.0,34943.44214121301
17-05-2040 19:00:00,31208.665392403316,8755.472839296806,11979.682298705797,372.11,3751.5190000000002,0.0,514.11915,0.0,0.0,0.0,138.463,18.577,0.0,-12200.0,34896.30124542681
17-05-2040 20:00:00,28985.71293435127,2299.4805864927785,8772.561101788713,378.458,4884.079000000001,0.0,518.1093000000001,0.0,0.0,0.0,140.4955,18.4425,0.0,-12071.889958177642,35703.779266020494
17-05-2040 21:00:00,26121.35349415978,34.839140003731714,6020.927627299272,380.082,5898.906999999999,0.0,521.0662500000001,0.0,0.0,0.0,142.7275,18.7165,0.0,-3888.6802655804822,36740.65429092319
17-05-2040 22:00:00,24663.23167726774,7.041378498115292,5410.3451733147085,374.75,5063.202,0.0,519.4533,0.0,0.0,0.0,141.887,18.535999999999998,0.0,-2505.1855254368456,35016.77564746668
17-05-2040 23:00:00,23844.668117609395,2.5634511583000377,5371.369772554754,373.99,3945.6620000000003,0.0,512.6895000000001,0.0,0.0,0.0,143.188,18.555,0.0,-3407.3773101824154,32024.182111750393
18-05-2040 00:00:00,20686.055875875438,1.0491762124687918,5327.895186243521,369.175,3688.8509999999997,0.0,499.2693000000001,0.0,0.0,0.0,143.155,18.977999999999998,0.0,-1656.546290001068,30216.88194574659
18-05-2040 01:00:00,19267.225264552006,6.533014766300519,5102.365836436511,364.98,3348.585,0.0,497.59845000000007,0.0,0.0,0.0,141.999,18.68,0.0,-1397.7530208303033,28416.592316822695
18-05-2040 02:00:00,17609.352203049057,1.1248899597603543,4768.654315528256,369.892,3294.2090000000003,0.0,497.8659,0.0,0.0,0.0,142.8885,18.8655,0.0,-278.26778341967656,27427.59175340297
18-05-2040 03:00:00,15899.378360936324,6.478933518235117,4469.208521615743,365.39599999999996,3474.145,1142.7148832134626,497.89650000000006,0.0,0.0,0.0,140.97299999999998,18.757,0.0,0.0,26973.21476257579
18-05-2040 04:00:00,14044.322158031206,1.7738649365451737,4024.385535309644,370.662,3566.429,3393.898803696451,497.5762500000001,0.0,0.0,0.0,129.8995,18.6475,0.0,0.0,26956.825595502345
18-05-2040 05:00:00,12951.273229812514,7.192805992698419,3085.3976174509444,374.76099999999997,4114.687,5307.095525758175,500.1267000000001,0.0,0.0,0.0,125.439,18.761,0.0,0.0,27304.56623901598
18-05-2040 06:00:00,12178.780822898852,11.800528327870639,1490.0372889542778,371.29400000000004,4313.427,8000.0,505.94640000000004,0.0,0.0,0.0,133.003,18.908,0.0,0.0,29262.910632311083
18-05-2040 07:00:00,11996.549920962012,1200.7443182968864,1469.680693078035,372.35699999999997,4963.670999999999,5886.290787331913,518.2297500000001,0.0,0.0,0.0,133.6655,18.9205,0.0,0.0,32263.459561532138
18-05-2040 08:00:00,12556.110216193418,6632.567527739311,2850.5839256519394,378.356,6019.404,0.0,525.8949,0.0,0.0,0.0,132.8845,18.6135,0.0,0.0,34898.295487668394
18-05-2040 09:00:00,12871.050159933811,13963.658202905664,1077.227130841784,371.88300000000004,6530.536999999999,0.0,523.3719,0.0,0.0,0.0,131.257,18.521,0.0,0.0,36678.08396411714
18-05-2040 10:00:00,8312.29422002981,13249.892341730942,6610.882236417179,375.647,6630.253000000001,0.0,522.3619500000001,0.0,0.0,0.0,129.2075,18.7335,0.0,0.0,37372.947374561045
18-05-2040 11:00:00,5987.409317764622,12650.966547968148,9697.744501016423,373.56199999999995,6430.279,0.0,519.5037,0.0,0.0,0.0,124.74600000000001,17.381,0.0,0.0,37676.83254431379
18-05-2040 12:00:00,9636.412771044324,22022.63178764237,10840.546401381987,360.74,6503.308000000001,0.0,516.7585500000001,0.0,0.0,0.0,122.46600000000001,17.641,0.0,-12200.0,38165.42561341468
18-05-2040 13:00:00,13594.854168437087,30011.598154045278,11307.356635596545,376.36400000000003,6225.21,0.0,514.1437500000001,0.0,0.0,0.0,124.3325,18.0635,0.0,-12200.0,38121.395676006876
18-05-2040 14:00:00,14773.848012129203,29647.67569675564,11408.355896431749,378.74800000000005,5823.06,0.0,509.5930500000001,0.0,0.0,0.0,125.32799999999999,18.305,0.0,-12200.0,36978.5899701835
18-05-2040 15:00:00,16026.783992839153,26760.305174019355,11063.041212785989,380.25300000000004,5552.571,0.0,510.49815000000007,0.0,0.0,0.0,134.0485,18.8045,0.0,-12200.0,35745.660585038524
18-05-2040 16:00:00,17808.75824319231,22760.80184784727,9176.803714711306,374.48199999999997,5472.299,0.0,513.9262500000001,0.0,0.0,0.0,135.187,18.421,0.0,-12200.0,35058.508542188065
18-05-2040 17:00:00,19592.02397225381,17954.46544543893,7621.453687354806,371.723,5316.371999999999,0.0,515.18715,0.0,0.0,0.0,145.4435,18.6475,0.0,-12200.0,34973.92938452497
18-05-2040 18:00:00,20272.71886240192,12363.535735348301,5929.4617284411215,379.37,5254.815,0.0,512.22225,0.0,0.0,0.0,156.0755,18.7765,0.0,-11863.97400340825,34420.967041503616
18-05-2040 19:00:00,20435.499503961688,6202.253852776398,5151.172790808516,382.94,5228.854,0.0,512.80665,0.0,0.0,0.0,156.6515,18.7125,0.0,-5127.092680414298,34282.9060342676
18-05-2040 20:00:00,18841.059366412977,1588.842170663822,4060.431641773059,380.94599999999997,6021.3,1777.9483565907758,509.91690000000006,0.0,0.0,0.0,159.3005,18.9175,0.0,0.0,34574.51216239509
18-05-2040 21:00:00,18124.384528036204,58.851214144770076,2492.5224843787146,380.417,6477.929,6235.747855730293,518.01345,0.0,0.0,0.0,161.62,18.930999999999997,0.0,0.0,35530.13325466688
18-05-2040 22:00:00,17849.454382564712,6.435668519782796,1036.6105969448981,377.09,6983.488,6554.766137578081,516.8683500000001,0.0,0.0,0.0,163.39700000000002,18.849,0.0,0.0,34324.38969520764
18-05-2040 23:00:00,17561.146121130838,2.0118224280329415,817.1064722328738,371.94599999999997,5789.781999999999,5793.730119614767,509.4828000000001,0.0,0.0,0.0,156.3865,18.9965,0.0,0.0,31730.637539989075
19-05-2040 00:00:00,17180.7806419645,1.0491762124687918,807.3713923851028,367.853,4705.673,3367.807530486083,496.33125000000007,0.0,0.0,0.0,152.959,18.882,0.0,0.0,30048.782687995794
19-05-2040 01:00:00,16027.904240332893,6.454819280540437,885.0499855754406,366.394,4884.084,0.0,493.4860500000001,0.0,0.0,0.0,142.6845,18.8965,0.0,0.0,28416.899581156144
19-05-2040 02:00:00,14721.816281001462,1.21728201488395,846.7359445605653,368.17199999999997,4781.016,127.20588170275369,493.88205000000005,0.0,0.0,0.0,149.8575,18.8995,0.0,0.0,27070.97131944924
19-05-2040 03:00:00,14510.003584007083,5.851591040676459,2820.5032490143985,368.931,4345.411,343.8154845264362,492.52515000000005,0.0,0.0,0.0,158.158,18.852,0.0,0.0,26300.901429484275
19-05-2040 04:00:00,13865.707485763298,2.0767199257114233,6275.512630013047,371.142,4272.79,0.0,493.8796500000001,0.0,0.0,0.0,160.4345,19.1455,0.0,0.0,26005.50880783371
19-05-2040 05:00:00,12256.899118998355,7.344233487281544,7574.225304416099,373.212,4305.135,0.0,493.9597500000001,0.0,0.0,0.0,162.755,19.044,0.0,0.0,25744.355327881378
19-05-2040 06:00:00,11680.773784545529,16.873349396405313,8804.251141641804,370.75800000000004,3882.8340000000003,0.0,493.1034,0.0,0.0,0.0,157.815,18.802,0.0,0.0,25973.417912534536
19-05-2040 07:00:00,10561.432739439797,1631.2418691470966,8863.37081386085,374.335,3819.9759999999997,0.0,487.5657000000001,0.0,0.0,0.0,153.71,18.692,0.0,0.0,26453.16653031356
19-05-2040 08:00:00,8587.860894026653,8862.359017975046,5805.747701789096,373.526,3918.475,0.0,489.30645000000004,0.0,0.0,0.0,155.377,18.756,0.0,0.0,28834.965813974046
19-05-2040 09:00:00,6633.111510597622,17786.091351023122,0.0,376.287,5111.082,0.0,489.0460500000001,0.0,0.0,0.0,162.0775,18.5545,0.0,0.0,31512.184130626112
19-05-2040 10:00:00,5860.455664151607,19626.06613989095,0.0,377.539,5102.092000000001,0.0,485.4213000000001,0.0,0.0,0.0,159.334,18.592,0.0,0.0,33389.68638501567
19-05-2040 11:00:00,5696.512939983782,20190.936859342743,0.0,372.086,4634.27,0.0,484.39095000000003,0.0,0.0,0.0,157.631,18.548,0.0,0.0,33854.25480555622
19-05-2040 12:00:00,5045.51377253955,17487.776801398733,3325.489134204079,384.25800000000004,4557.692,0.0,483.8062500000001,0.0,0.0,0.0,152.882,18.323,0.0,0.0,33912.78605714133
19-05-2040 13:00:00,9526.197288303612,30462.66552770295,16248.900707016117,396.963,4411.066,0.0,482.02020000000005,0.0,0.0,0.0,141.7495,18.4155,0.0,-12200.0,33948.25983603412
19-05-2040 14:00:00,12096.94890468433,32115.93806847355,15766.426641623053,402.272,3749.577,0.0,483.6085500000001,0.0,0.0,0.0,148.812,18.298,0.0,-12200.0,33041.85460377602
19-05-2040 15:00:00,14066.37543880841,29600.611340097414,13353.793204391608,398.281,3271.6890000000003,0.0,481.0714500000001,0.0,0.0,0.0,147.14600000000002,18.463,0.0,-12200.0,31398.96317560528
19-05-2040 16:00:00,15964.70929680664,25570.79569623989,12673.539151928853,395.05199999999996,3121.5690000000004,0.0,478.7379,0.0,0.0,0.0,141.6315,18.4825,0.0,-12200.0,30339.557788858252
19-05-2040 17:00:00,16552.487427855525,20808.64056712859,11941.066481976246,397.44699999999995,3400.761,0.0,478.1292,0.0,0.0,0.0,141.42600000000002,18.762,0.0,-12200.0,30001.83634335535
19-05-2040 18:00:00,17359.209408352872,14105.524990508788,9197.756062239554,400.72900000000004,3262.475,0.0,479.0529,0.0,0.0,0.0,144.3995,18.7755,0.0,-12200.0,29788.577040394073
19-05-2040 19:00:00,17146.30848456493,7756.181164177105,6134.117663799727,385.06199999999995,3461.4159999999997,0.0,480.7708500000001,0.0,0.0,0.0,143.99200000000002,18.812,0.0,-7025.632675107274,29895.142709471136
19-05-2040 20:00:00,16123.522718404916,2506.5901340840746,5092.595675219898,381.556,4134.626,212.5978460582719,483.1627500000001,0.0,0.0,0.0,149.91,19.008,0.0,0.0,30404.437806035166
19-05-2040 21:00:00,16382.487306578718,89.90466678392372,4159.229546714749,384.778,5754.594,3432.986934651817,485.0773500000001,0.0,0.0,0.0,153.9625,18.8215,0.0,0.0,32083.302596633534
19-05-2040 22:00:00,16239.628830342095,7.495660981864668,3106.0956250552554,376.848,5897.196,4531.653992606316,481.39920000000006,0.0,0.0,0.0,154.93200000000002,18.694000000000003,0.0,0.0,31847.408030445353
19-05-2040 23:00:00,15845.846558960224,2.401207414103833,2310.9764007308404,376.347,5191.62,4478.711631154438,479.0553000000001,0.0,0.0,0.0,157.3135,18.9965,0.0,0.0,29728.273253035524
20-05-2040 00:00:00,13839.322545868712,1.114073710147274,1564.1905322993407,378.69300000000004,4761.356,6012.825942368727,473.27235000000013,0.0,0.0,0.0,160.3855,18.8045,0.0,0.0,27928.31655580465
20-05-2040 01:00:00,11946.653686781412,1.2114199566649968,1393.6950798300386,375.949,4637.045999999999,5061.223653160432,473.11170000000004,0.0,0.0,0.0,157.3585,18.5595,0.0,0.0,26050.81764933157
20-05-2040 02:00:00,10807.081093656247,1.7522324373190132,2778.84358334014,374.556,4753.76,0.0,472.14465000000007,0.0,0.0,0.0,163.27100000000002,18.680999999999997,0.0,0.0,24951.05350157709
20-05-2040 03:00:00,9950.638011669022,0.7787699721417838,3385.054543888551,378.522,4322.825,0.0,473.01165000000003,0.0,0.0,0.0,168.125,18.64,0.0,0.0,24227.841050470866
20-05-2040 04:00:00,9138.74997330326,0.5083637318147755,5327.899322770845,382.624,4171.960999999999,0.0,474.3913500000001,0.0,0.0,0.0,166.0255,18.8945,0.0,0.0,23820.53799710058
20-05-2040 05:00:00,9019.72380425374,2.725694902496243,9212.448260672973,379.404,4032.647,0.0,474.52395000000007,0.0,0.0,0.0,165.0855,18.8615,0.0,0.0,23764.084313677977
20-05-2040 06:00:00,9038.129833124793,13.769085757451258,9785.136801495406,383.839,3403.885,0.0,475.5700500000001,0.0,0.0,0.0,161.4655,18.8755,0.0,0.0,23752.132995875643
20-05-2040 07:00:00,8832.805340435893,1317.538181618928,8627.863089481854,378.954,3015.698,0.0,474.2752500000001,0.0,0.0,0.0,160.2335,19.1635,0.0,0.0,23315.611559534016
20-05-2040 08:00:00,7253.348382181651,7003.132239483443,5467.249938055168,384.6,3502.6490000000003,0.0,476.91660000000013,0.0,0.0,0.0,154.1585,18.9645,0.0,0.0,24812.572888810675
20-05-2040 09:00:00,5638.452373171902,15054.54294271779,969.2987996399697,383.314,3743.4109999999996,0.0,475.5579000000001,0.0,0.0,0.0,139.406,19.031,0.0,0.0,27180.00775087823
20-05-2040 10:00:00,3879.550130354578,18722.68198917388,0.0,387.895,4090.29,0.0,472.60620000000006,0.0,0.0,0.0,136.088,18.879,0.0,0.0,28957.974588778707
20-05-2040 11:00:00,2886.2201029183907,20343.722216741015,0.0,383.733,4110.812,0.0,470.52210000000014,0.0,0.0,0.0,135.5265,18.9095,0.0,0.0,29792.930447772083
20-05-2040 12:00:00,2728.2451557686427,20495.643565321312,0.0,384.55,4428.532,0.0,467.50890000000004,0.0,0.0,0.0,146.9325,18.6945,0.0,0.0,30173.323692569767
20-05-2040 13:00:00,3294.4323119208366,19975.32922441082,0.0,382.144,4725.198,0.0,465.41895,0.0,0.0,0.0,153.1165,18.7415,0.0,0.0,30527.90598937712
20-05-2040 14:00:00,4465.167782205611,18838.49781597437,0.0,378.42900000000003,4340.994000000001,0.0,462.9088500000001,0.0,0.0,0.0,153.583,18.689,0.0,0.0,30095.134591468177
20-05-2040 15:00:00,7201.0387942226935,25115.03223188727,0.0,368.401,3603.028,0.0,461.9247000000001,0.0,0.0,0.0,158.5545,18.9205,0.0,-9492.928833534726,28673.094424831535
20-05-2040 16:00:00,8573.854283963256,22919.201184928206,1469.8727672251116,374.93800000000005,3302.323,0.0,463.1316000000001,0.0,0.0,0.0,155.2745,18.6835,0.0,-10776.818539091788,27636.273710573725
20-05-2040 17:00:00,9336.58915119169,18341.582944652648,3423.1171847470105,368.11800000000005,3420.3190000000004,0.0,462.70695,0.0,0.0,0.0,154.923,18.954,0.0,-9016.866325414618,27513.48106237647
20-05-2040 18:00:00,10252.497858551913,13268.032897921848,2303.916275255644,367.291,3223.59,0.0,466.2078000000001,0.0,0.0,0.0,154.9975,18.8245,0.0,-3241.2819564336605,27713.87692629375
20-05-2040 19:00:00,10901.880457736597,7662.891017132503,3301.6304045204306,374.32800000000003,3591.48,580.5187318111075,469.33455000000004,0.0,0.0,0.0,159.0755,18.7795,0.0,0.0,28101.720401200517
20-05-2040 20:00:00,11346.951308412234,2431.1251605336133,2382.9809102356085,376.88599999999997,3962.53,6995.181130143985,472.81590000000006,0.0,0.0,0.0,158.17,18.873,0.0,0.0,29119.625015434467
20-05-2040 21:00:00,11952.165052854378,103.64130379253572,1095.363119377609,376.10900000000004,6089.129,8000.0,473.9655000000001,0.0,0.0,0.0,159.0715,18.1975,0.0,0.0,31359.47189695325
20-05-2040 22:00:00,11897.314390646085,3.7099736172865527,275.05547223982285,350.72900000000004,6448.004,8000.0,478.6935000000001,0.0,0.0,0.0,156.799,17.612000000000002,0.0,0.0,31822.23021065784
20-05-2040 23:00:00,10946.01006257348,3.482832375411866,6377.216216680941,353.32599999999996,5690.781999999999,154.30013804490954,479.77320000000003,0.0,0.0,0.0,143.266,18.752,0.0,0.0,29762.17537114284
21-05-2040 00:00:00,8449.898831438013,0.5624449798801772,8244.151204108053,364.038,5107.77,0.0,474.23040000000003,0.0,0.0,0.0,148.1395,18.9535,0.0,0.0,27611.807509030583
21-05-2040 01:00:00,6823.295520601687,3.3314048808287415,12846.278680035733,358.09,4810.379,0.0,476.1417,0.0,0.0,0.0,150.498,18.825,0.0,0.0,25969.670106046146
21-05-2040 02:00:00,5531.9186338877735,0.7787699721417838,13397.730638626897,356.936,4616.754,0.0,478.1233500000001,0.0,0.0,0.0,151.5455,18.8745,0.0,0.0,25012.467309239477
21-05-2040 03:00:00,4090.566840358807,2.4985536606215564,14565.327422681337,359.647,4433.941,0.0,478.02375000000006,0.0,0.0,0.0,153.8655,18.9425,0.0,0.0,24552.51938541279
21-05-2040 04:00:00,3171.9632843191407,1.7089674388666922,15068.507412979638,358.30300000000005,4399.654,0.0,479.56815,266.0561898410251,0.0,0.0,151.8415,18.9775,0.0,0.0,24366.928752089792
21-05-2040 05:00:00,2833.78586208187,4.294051096392891,15068.507412979638,359.256,4936.865,0.0,478.53000000000003,770.5306705557559,0.0,0.0,148.0235,18.9945,0.0,0.0,25087.28915035767
21-05-2040 06:00:00,3066.6130383812074,11.2164508487643,15068.507412979638,358.89599999999996,5458.099,0.0,484.2918000000001,2360.435474739712,0.0,0.0,140.8105,18.9865,0.0,0.0,27498.648304469018
21-05-2040 07:00:00,3081.704512357852,1367.4659898329069,15068.507412979638,347.284,5744.134,0.0,495.1273500000001,3556.1345281985887,0.0,0.0,139.7815,18.8825,0.0,0.0,30444.431272157086
21-05-2040 08:00:00,2483.1160100792076,7653.599858714868,15068.507412979638,361.931,5968.69,0.0,506.9827500000001,291.1419487348867,0.0,0.0,143.36,18.76,0.0,0.0,33201.45126967523
21-05-2040 09:00:00,1700.9081283758665,16173.008050207975,9131.273853658877,373.496,5959.526999999999,0.0,508.07910000000015,0.0,0.0,0.0,149.13,18.534000000000002,0.0,0.0,34885.02918267635
21-05-2040 10:00:00,1251.5712869784898,23573.161547989148,2925.9455066934365,376.642,5730.849,0.0,506.02020000000005,0.0,0.0,0.0,148.2395,18.7765,0.0,0.0,35794.61047168857
21-05-2040 11:00:00,1191.2735800699272,26909.367052448124,0.0,363.875,5995.814,0.0,502.31310000000013,0.0,0.0,0.0,152.2215,18.5165,0.0,0.0,36439.65056127553
21-05-2040 12:00:00,1424.7162161059255,26848.177136684157,0.0,374.08,6077.017,0.0,500.07075000000003,0.0,0.0,0.0,151.9975,18.4855,0.0,0.0,36928.72721831039
21-05-2040 13:00:00,2247.2293486738677,25983.38601525829,0.0,371.913,5862.804,0.0,502.6734000000001,0.0,0.0,0.0,152.6665,18.4815,0.0,0.0,36958.03450706342
21-05-2040 14:00:00,3846.306290196134,23628.54653897026,0.0,377.615,5430.045,0.0,500.4798000000001,0.0,0.0,0.0,147.716,18.459,0.0,0.0,36002.04700393393
21-05-2040 15:00:00,4960.787525030643,21886.523903150573,0.0,378.153,5005.317,0.0,500.9092500000001,0.0,0.0,0.0,151.1445,18.1205,0.0,0.0,34906.72702929279
21-05-2040 16:00:00,7109.212330600776,19996.09416917306,0.0,379.844,4533.646,0.0,501.07140000000004,0.0,0.0,0.0,149.884,18.36,0.0,0.0,34642.819702051784
21-05-2040 17:00:00,10808.316708066735,16637.381995832882,0.0,381.745,4166.263,0.0,498.97215000000006,0.0,0.0,0.0,144.886,18.578,0.0,0.0,34471.815568780614
21-05-2040 18:00:00,12812.819978808948,14028.243098180666,0.0,391.134,3660.785,736.191281985959,503.32830000000007,0.0,0.0,0.0,146.0185,18.5855,0.0,0.0,34016.85864442336
21-05-2040 19:00:00,8700.20767415827,8981.229601222798,0.0,390.93199999999996,4592.441,8000.0,505.31070000000005,0.0,0.0,0.0,145.7605,18.6725,0.0,0.0,34129.32706222075
21-05-2040 20:00:00,5940.452028218622,2890.5561790988136,9073.737547374778,391.783,6029.945,8000.0,507.05565,0.0,0.0,0.0,145.687,18.484,0.0,0.0,34675.47751120589
21-05-2040 21:00:00,4598.3009563777505,128.10766041732344,15068.507412979638,388.819,6841.619000000001,6993.808718014043,509.3391000000001,249.34159475293927,0.0,0.0,145.8295,18.6605,0.0,0.0,36183.07703104876
21-05-2040 22:00:00,3971.5677446864875,8.566469693559622,15068.507412979638,389.56300000000005,7301.771,0.0,511.70970000000005,6221.482893140939,0.0,0.0,142.2025,18.7565,0.0,0.0,34641.402045423754
21-05-2040 23:00:00,3691.5594071772357,3.3422211304418217,15068.507412979638,388.168,6279.93,0.0,509.33835000000016,4458.71847787371,0.0,0.0,141.123,18.938,0.0,0.0,31404.019273450434
22-05-2040 00:00:00,4321.02316234044,0.5840774791063379,15068.507412979638,389.19699999999995,4780.209,0.0,496.6003500000001,3430.6647733922255,0.0,0.0,141.3795,19.0245,0.0,0.0,29380.29899935073
22-05-2040 01:00:00,4968.320537828171,6.533014766300519,15068.507412979638,380.219,4482.863,0.0,494.76945,1512.3124621757052,0.0,0.0,151.298,18.930999999999997,0.0,0.0,27771.436166131567
22-05-2040 02:00:00,5545.227132594498,1.3628474512481215,15068.507412979638,358.135,4095.2540000000004,0.0,495.08580000000006,374.14663413498056,0.0,0.0,155.3765,18.9335,0.0,0.0,26767.247593668293
22-05-2040 03:00:00,5652.545999817441,5.062004818921594,15068.507412979638,367.79900000000004,3937.78,0.0,494.10315,95.05107991381738,0.0,0.0,146.852,18.956,0.0,0.0,26408.201036248836
22-05-2040 04:00:00,5782.977795919019,2.1740661722291463,15068.507412979638,385.664,3466.836,0.0,495.5589,235.97966568960328,0.0,0.0,141.737,18.94,0.0,0.0,26199.814811699263
22-05-2040 05:00:00,5398.009842628584,4.002012356839722,15068.507412979638,383.70099999999996,3621.509,0.0,496.76970000000006,978.2429419165201,0.0,0.0,147.4115,18.9145,0.0,0.0,26693.151878432527
22-05-2040 06:00:00,4881.677995535812,17.360080628993927,7030.837364929846,388.485,4263.9529999999995,0.0,495.35715000000005,10945.310955937666,0.0,0.0,146.841,18.869,0.0,0.0,28781.011536188704
22-05-2040 07:00:00,4444.686614141882,2025.7537575345887,299.34152428851723,388.972,4622.1,0.0,502.7293500000001,18725.588384322415,0.0,0.0,149.7455,18.9175,0.0,0.0,31830.80273676448
22-05-2040 08:00:00,3204.350778701617,8995.647661957035,277.4838825481974,388.81,6100.581999999999,0.0,505.4869500000001,14416.528317590968,0.0,0.0,150.2225,18.8315,0.0,0.0,34785.85199324914
22-05-2040 09:00:00,2387.9066777155344,17434.10704134585,3999.344259348835,374.985,6124.141,0.0,499.2808500000001,4225.347132156361,0.0,0.0,151.336,18.715,0.0,0.0,36369.32757590626
22-05-2040 10:00:00,1952.5280960776934,24997.01264705504,1344.6242392839642,382.55400000000003,5843.29,0.0,492.8004,0.0,0.0,0.0,141.941,18.831,0.0,0.0,36960.96728188768
22-05-2040 11:00:00,1683.596596027307,27178.93331198855,0.0,385.475,5822.976,0.0,491.1273000000001,0.0,0.0,0.0,144.85399999999998,18.642,0.0,0.0,37617.19276038768
22-05-2040 12:00:00,1609.9407955842848,27565.349625380815,0.0,386.16,5798.525,0.0,494.2480500000001,0.0,0.0,0.0,147.498,18.62,0.0,0.0,37934.73036149829
22-05-2040 13:00:00,1886.264235144848,27567.383722726616,0.0,388.586,5342.3859999999995,0.0,493.17015000000004,0.0,0.0,0.0,149.211,18.53,0.0,0.0,38040.05283759426
22-05-2040 14:00:00,2111.276790822879,26889.310585609557,0.0,387.514,4636.3679999999995,0.0,493.98300000000006,0.0,0.0,0.0,152.6065,18.3925,0.0,0.0,37088.3990263347
22-05-2040 15:00:00,2976.2593724427024,25226.61702501027,0.0,392.894,4528.917,0.0,489.67215000000004,0.0,0.0,0.0,156.4165,18.0635,0.0,0.0,36195.87909162417
22-05-2040 16:00:00,4108.17500272695,24048.628940377443,0.0,396.254,4136.37,0.0,493.27965000000006,0.0,0.0,0.0,147.094,18.459,0.0,0.0,35838.331656800074
22-05-2040 17:00:00,5619.324960002428,22291.047358275493,0.0,403.559,4543.255999999999,0.0,495.2683500000001,0.0,0.0,0.0,151.618,18.604,0.0,0.0,35835.96802777505
22-05-2040 18:00:00,6579.259966141328,18087.23545798209,0.0,411.63800000000003,4432.369000000001,2890.1379390364,492.61695000000003,0.0,0.0,0.0,165.649,18.531,0.0,0.0,35335.76550034207
22-05-2040 19:00:00,7636.065377539125,10657.21829501921,0.0,416.04699999999997,4365.544,8000.0,494.7678000000001,0.0,0.0,0.0,161.597,18.448,0.0,0.0,35280.91249298097
22-05-2040 20:00:00,8765.98437787964,3371.598064390948,2753.41331011028,412.639,5036.925,8000.0,502.3722,0.0,0.0,0.0,171.25599999999997,18.519000000000002,0.0,0.0,35771.16650063973
22-05-2040 21:00:00,9863.643515473057,136.78229260701383,11777.570287883647,420.656,5369.54,4839.862060963598,502.9365000000001,0.0,0.0,0.0,172.3545,18.6905,0.0,0.0,36690.00701062488
22-05-2040 22:00:00,11499.169437909615,8.685448439303503,15068.507412979638,417.95300000000003,4857.1140000000005,0.0,502.3986000000001,1452.6068285527326,0.0,0.0,175.929,18.706,0.0,0.0,35271.55878636557
22-05-2040 23:00:00,10990.27116667105,2.3471261660384313,13999.4404258578,419.14099999999996,4832.912,0.0,497.8071000000001,0.0,0.0,0.0,179.80599999999998,18.915,0.0,0.0,32083.571917913705
23-05-2040 00:00:00,9814.211396330184,0.7463212233025427,13345.113538031781,419.67,4767.071,0.0,485.7084,0.0,0.0,0.0,183.99200000000002,18.826,0.0,0.0,30014.106085212676
23-05-2040 01:00:00,9378.716785932911,7.538925980316991,12330.017356611936,420.33,4639.7570000000005,0.0,482.1115500000001,0.0,0.0,0.0,183.8785,18.8135,0.0,0.0,28345.240033135477
23-05-2040 02:00:00,9092.926348578687,1.4277449489266034,12206.304633528063,425.255,4192.8859999999995,0.0,482.5813500000001,0.0,0.0,0.0,183.2715,18.8175,0.0,0.0,27316.156725821424
23-05-2040 03:00:00,8177.583200679029,5.635266048414851,12810.825906765378,420.91900000000004,4210.733,0.0,484.4287500000001,0.0,0.0,0.0,183.1735,18.7025,0.0,0.0,26880.995287546444
23-05-2040 04:00:00,7576.852033976228,2.033454927259102,13402.370266966387,419.417,4015.381,0.0,484.64700000000005,0.0,0.0,0.0,185.4925,18.8425,0.0,0.0,26648.137653583686
23-05-2040 05:00:00,7437.091525616406,4.326499845232132,13609.771727335,419.50800000000004,4429.773,0.0,485.62515,0.0,0.0,0.0,187.565,18.815,0.0,0.0,27115.073423056438
23-05-2040 06:00:00,7443.395754878819,22.508615444820165,15068.507412979638,418.3,4689.613,0.0,490.4463000000001,380.8979893705764,0.0,0.0,180.097,18.739,0.0,0.0,29252.450997289747
23-05-2040 07:00:00,7446.934632041461,2075.595035751663,15068.507412979638,418.219,4956.361,0.0,500.36010000000016,1055.878114165329,0.0,0.0,172.0285,18.6855,0.0,0.0,32341.003258737233
23-05-2040 08:00:00,6220.1006765736365,8659.067606497203,10084.735923868002,421.912,5662.187,0.0,498.87645000000003,2557.8294628260483,0.0,0.0,174.25799999999998,18.769000000000002,0.0,0.0,35003.80098319791
23-05-2040 09:00:00,4603.0890765169315,16236.79147417631,1456.5589437920655,418.06199999999995,6275.121,0.0,493.28550000000007,6114.066759053335,0.0,0.0,172.9865,18.4575,0.0,0.0,36687.76427858334
23-05-2040 10:00:00,4121.298991106735,22251.653802762215,2158.48459286414,419.38199999999995,6432.804,0.0,494.38995000000006,0.0,0.0,0.0,175.5195,18.6445,0.0,0.0,37406.21004062337
23-05-2040 11:00:00,4361.666400480987,24537.733827005984,0.0,415.31199999999995,6374.151,0.0,490.84875000000005,0.0,0.0,0.0,176.1965,18.6225,0.0,0.0,37818.8087538615
23-05-2040 12:00:00,4515.310521756812,24995.46337798719,0.0,419.556,6264.581,0.0,490.2630000000001,0.0,0.0,0.0,178.3195,18.3785,0.0,0.0,38438.54640677024
23-05-2040 13:00:00,4890.513567931283,25193.975247302667,0.0,422.69699999999995,5895.89,0.0,487.6513500000001,0.0,0.0,0.0,179.282,18.391,0.0,0.0,38609.16441367566
23-05-2040 14:00:00,5595.740064504755,24029.735913039032,0.0,422.95599999999996,5371.085999999999,0.0,485.41425000000004,0.0,0.0,0.0,180.6515,18.4015,0.0,0.0,37545.28881446502
23-05-2040 15:00:00,7116.212464420347,22062.067568746028,0.0,424.17400000000004,5119.9529999999995,0.0,481.95825,0.0,0.0,0.0,187.8395,18.2105,0.0,0.0,36733.26432331047
23-05-2040 16:00:00,10139.838627399111,19129.248230620142,0.0,420.846,4957.590999999999,0.0,484.3071000000001,0.0,0.0,0.0,184.2325,18.4805,0.0,0.0,36442.804670577265
23-05-2040 17:00:00,12610.686277004394,15846.270781896044,0.0,421.87800000000004,5068.406,594.6672872742911,485.83305000000007,0.0,0.0,0.0,181.5385,18.1245,0.0,0.0,36308.347137430865
23-05-2040 18:00:00,11342.758802571463,10592.007126101948,0.0,427.389,5003.32,6792.178992839452,490.2213000000001,0.0,0.0,0.0,179.39,18.445999999999998,0.0,0.0,35828.465346974626
23-05-2040 19:00:00,9107.913396671844,5849.579218248425,5319.739315585135,428.038,5510.501,8000.0,493.4830500000001,0.0,0.0,0.0,178.0145,18.3685,0.0,0.0,35792.07981883094
23-05-2040 20:00:00,8098.76873202294,1967.605599614669,15068.507412979638,430.532,5841.931,3188.503807458117,497.20965,227.61481407881,0.0,0.0,178.4085,18.6165,0.0,0.0,36357.876213629526
23-05-2040 21:00:00,6598.106904298217,117.48610329727853,15068.507412979638,429.245,6326.955,0.0,499.7475000000001,7050.3098924089645,0.0,0.0,178.07299999999998,18.646,0.0,0.0,37099.34708516941
23-05-2040 22:00:00,7212.316745221574,5.840774791063378,8282.056781073208,419.838,5664.044,0.0,496.9873500000001,12493.576058227382,0.0,0.0,177.005,18.615,0.0,0.0,35485.50627215595
23-05-2040 23:00:00,8308.189039919753,2.163249922616066,83.43518884557213,416.365,4957.134,0.0,493.6423500000001,17221.928788218393,0.0,0.0,183.572,18.885,0.0,0.0,32305.259414582863
24-05-2040 00:00:00,9467.111362492678,0.5191799814278558,96.81483312085483,416.785,4129.1990000000005,0.0,482.2818000000001,14955.74741696552,0.0,0.0,185.1925,18.6085,0.0,0.0,30297.407892541472
24-05-2040 01:00:00,9257.393247446658,6.035467284098823,90.36375918768866,417.876,3927.888,0.0,479.43165000000005,13868.013372681587,0.0,0.0,184.3715,17.3355,0.0,0.0,28748.055018487703
24-05-2040 02:00:00,8890.00751883532,1.352031201635041,92.13731727807573,405.05,3997.222,0.0,480.7290000000001,12993.860853372324,0.0,0.0,182.8685,18.6005,0.0,0.0,27535.52858026823
24-05-2040 03:00:00,7998.028695459726,4.888944825112309,90.6463591031899,416.499,3998.583,0.0,481.21065000000004,13483.060283612529,0.0,0.0,178.8,18.609,0.0,0.0,27133.600792779533
24-05-2040 04:00:00,8043.005310240455,1.7089674388666922,95.79162653024689,395.759,3987.855,0.0,479.5528500000001,13383.383957790682,0.0,0.0,183.8685,18.7745,0.0,0.0,27054.738016486845
24-05-2040 05:00:00,8439.069480557797,4.315683595619051,90.33452471367129,396.55699999999996,4011.1620000000003,0.0,482.15115000000003,13236.935269896292,0.0,0.0,181.6455,18.5565,0.0,0.0,27343.222770495795
24-05-2040 06:00:00,8949.994387461089,17.28436688170237,92.33221377152485,395.92800000000005,4349.427,0.0,483.38475000000005,14330.80033147083,0.0,0.0,182.102,19.048,0.0,0.0,29365.976612708997
24-05-2040 07:00:00,8953.676366760363,1336.9641659240203,93.93036501780772,391.844,4462.7970000000005,0.0,491.1955500000001,15625.158414693553,0.0,0.0,185.3435,18.7535,0.0,0.0,32197.808407595905
24-05-2040 08:00:00,9116.843743522708,6124.311958420667,180.18180819371975,394.05400000000003,5302.904,0.0,497.33595,12456.963494949943,0.0,0.0,185.868,18.577,0.0,0.0,35003.39216539831
24-05-2040 09:00:00,8380.509765673027,11626.99241907838,1297.9814118971817,394.70300000000003,5987.639,0.0,496.6926000000001,7451.412829937331,0.0,0.0,187.77200000000002,18.733,0.0,0.0,36730.001964709656
24-05-2040 10:00:00,8928.915829497812,16919.870085991173,3376.638523180245,394.75800000000004,5959.635,0.0,495.94650000000007,0.0,0.0,0.0,183.8655,18.7325,0.0,0.0,37426.519245887794
24-05-2040 11:00:00,9529.966680412406,20330.789511689312,0.0,384.625,5661.639,0.0,493.62615000000005,0.0,0.0,0.0,172.888,18.439,0.0,0.0,37865.293830011076
24-05-2040 12:00:00,9256.247436690886,21451.76389462512,0.0,387.04699999999997,5256.309,0.0,493.31145000000004,0.0,0.0,0.0,174.342,18.475,0.0,0.0,38424.41113145991
24-05-2040 13:00:00,9305.614709476595,21537.844644395518,0.0,388.093,5154.577,0.0,496.1181000000001,0.0,0.0,0.0,175.303,18.506,0.0,0.0,38480.646828321485
24-05-2040 14:00:00,10418.974216199893,20268.57766241051,0.0,387.116,4309.104,0.0,495.6913500000001,0.0,0.0,0.0,179.1635,18.3675,0.0,0.0,37439.37561710813
24-05-2040 15:00:00,12315.225404492126,18008.72831020331,0.0,379.384,3974.0159999999996,0.0,494.3545500000001,0.0,0.0,0.0,186.77,18.258,0.0,0.0,36705.93304925386
24-05-2040 16:00:00,16735.55333972695,17491.295125034554,0.0,379.528,4082.867,0.0,492.9591000000001,0.0,0.0,0.0,191.8105,18.0955,0.0,-4100.978283746402,36491.27580517265
24-05-2040 17:00:00,23089.841575453975,16828.733221852475,0.0,387.216,3999.645,0.0,497.4756000000001,0.0,0.0,0.0,195.49,17.849,0.0,-9716.075488510862,36367.434143149396
24-05-2040 18:00:00,23822.507970138467,12778.905965599208,0.0,394.70099999999996,3879.5170000000003,0.0,503.86695000000003,0.0,0.0,0.0,187.886,18.062,0.0,-6773.578457033043,35858.00624589885
24-05-2040 19:00:00,24001.370599591537,7235.193135861342,0.0,399.19599999999997,3901.9959999999996,0.0,503.73990000000003,0.0,0.0,0.0,181.267,18.296,0.0,-1414.3933508146292,35824.78375483414
24-05-2040 20:00:00,25208.234230815895,1999.5135359732558,0.0,393.33099999999996,4001.735,2833.5066217130807,505.84755000000007,0.0,0.0,0.0,181.864,18.259,0.0,0.0,36085.056732755904
24-05-2040 21:00:00,26131.869567389545,47.9484345347851,0.0,384.72900000000004,3809.052,4786.2202493114455,506.9887500000001,0.0,0.0,0.0,180.8575,18.5685,0.0,0.0,36766.78254699636
24-05-2040 22:00:00,26534.50483311599,5.592001049962531,0.0,377.774,3671.9359999999997,3295.7084860586183,505.9594500000001,0.0,0.0,0.0,182.951,18.437,0.0,0.0,35393.16701611527
24-05-2040 23:00:00,24746.319871896216,3.223242384697938,0.0,369.51199999999994,3742.114,1957.1406139145474,501.8724,0.0,0.0,0.0,189.667,18.84,0.0,0.0,32223.039422056165
25-05-2040 00:00:00,23329.48882286031,0.6057099783324984,0.0,372.957,3647.945,1919.6079009461137,490.82085000000006,0.0,0.0,0.0,185.8015,18.8665,0.0,0.0,30550.306526460707
25-05-2040 01:00:00,22149.016092035752,7.052194747728375,0.0,373.07800000000003,3469.302,1552.2317925604475,489.53970000000004,0.0,0.0,0.0,178.1515,18.8605,0.0,0.0,28745.574956367782
25-05-2040 02:00:00,19048.07787898957,0.8869324682725869,0.0,366.832,3459.803,3711.7395616594404,489.55320000000006,0.0,0.0,0.0,178.275,18.636,0.0,0.0,27754.757590279176
25-05-2040 03:00:00,17756.639110270626,4.640171084011461,0.0,371.835,3154.509,3673.8447738363066,487.62345000000005,0.0,0.0,0.0,180.2195,18.9295,0.0,0.0,27188.485419351702
25-05-2040 04:00:00,18996.673270936375,1.6873349396405315,0.0,390.281,3201.324,0.0,485.79795,0.0,0.0,0.0,178.1455,18.8335,0.0,0.0,27060.462953643775
25-05-2040 05:00:00,18654.272401855822,4.997107321243113,0.0,388.718,3297.994,0.0,486.3895500000001,0.0,0.0,0.0,181.5875,18.8755,0.0,0.0,27562.620664292917
25-05-2040 06:00:00,19511.93378581707,11.184002099925062,0.0,385.741,3471.82,0.0,487.53600000000006,0.0,0.0,0.0,179.7605,18.9305,0.0,0.0,29566.63919397139
25-05-2040 07:00:00,20968.04443754564,631.0632674255587,3773.2526909242006,389.298,3726.185,0.0,498.77700000000004,0.0,0.0,0.0,176.2835,18.6605,0.0,0.0,32445.67214714091
25-05-2040 08:00:00,19494.293546758257,3920.036001022186,5444.988893801168,388.32,4394.848,0.0,505.75275000000005,0.0,0.0,0.0,180.459,18.779,0.0,0.0,35071.75847958853
25-05-2040 09:00:00,16958.790551796003,9100.997933188437,3731.6036202110336,396.853,5141.247,0.0,505.6747500000001,0.0,0.0,0.0,176.0585,18.6675,0.0,0.0,36811.02265916008
25-05-2040 10:00:00,16913.000021437256,13887.634437564084,0.0,387.246,4974.686,0.0,502.6677000000001,0.0,0.0,0.0,178.447,18.632,0.0,0.0,37722.45571796873
25-05-2040 11:00:00,14691.494423975138,15805.227509986165,0.0,377.2,5601.67,0.0,495.45015,0.0,0.0,0.0,177.4815,18.7695,0.0,0.0,38180.20666461226
25-05-2040 12:00:00,13338.77859672121,17034.089576693223,0.0,388.51800000000003,5941.463000000001,0.0,495.56940000000003,0.0,0.0,0.0,174.8115,18.3675,0.0,0.0,38671.69270553054
25-05-2040 13:00:00,12373.53844221822,18239.09110370413,0.0,402.38,5537.951999999999,0.0,494.3893500000001,0.0,0.0,0.0,186.50400000000002,18.58,0.0,0.0,38517.606710134445
25-05-2040 14:00:00,11896.94435790136,18036.042243107215,0.0,407.542,4965.738,0.0,494.8429500000001,0.0,0.0,0.0,193.50900000000001,18.54,0.0,0.0,37428.14335736457
25-05-2040 15:00:00,11514.507259449601,17833.114471837493,0.0,406.449,4472.013,0.0,497.7745500000001,0.0,0.0,0.0,191.0825,18.4005,0.0,0.0,36168.786635608805
25-05-2040 16:00:00,12529.019407497535,18702.32954126087,0.0,399.838,4418.170999999999,0.0,498.10185000000007,0.0,0.0,0.0,183.65900000000002,18.588,0.0,-2221.657701991293,35677.01788174453
25-05-2040 17:00:00,14053.794954085864,17365.03532018222,0.0,400.827,4827.7,0.0,498.7536000000001,0.0,0.0,0.0,179.993,18.389,0.0,-3402.005396622684,35350.514560337884
25-05-2040 18:00:00,13795.452071927892,12984.767049257965,0.0,401.139,4551.694,917.2677655503339,506.63565000000006,0.0,0.0,0.0,188.4115,18.5825,0.0,0.0,34747.214433295965
25-05-2040 19:00:00,13887.586642166647,7459.696951901176,0.0,401.69300000000004,4498.292,6251.300206613752,507.5497500000001,0.0,0.0,0.0,193.8565,18.6035,0.0,0.0,34611.0476027983
25-05-2040 20:00:00,13197.006671785877,2391.0725882163765,0.0,401.334,4516.566,8000.0,510.71670000000006,0.0,0.0,0.0,195.6515,18.4505,0.0,0.0,34824.23622752303
25-05-2040 21:00:00,14045.795723275978,94.89095785555374,1162.4539779832685,404.68699999999995,5012.1140000000005,8000.0,512.8785,0.0,0.0,0.0,187.4375,18.8025,0.0,0.0,35487.165722750964
25-05-2040 22:00:00,14647.122504277191,2.704062403270082,7423.204783080066,407.217,4814.798,561.4320278359119,511.52895000000007,0.0,0.0,0.0,189.933,18.944000000000003,0.0,0.0,34420.14791794159
25-05-2040 23:00:00,12936.15468245867,3.0826311397278934,11994.17440787344,403.17900000000003,4268.9259999999995,0.0,506.1768000000001,0.0,0.0,0.0,195.32,18.944000000000003,0.0,0.0,31829.430463004148
26-05-2040 00:00:00,10787.18216141385,0.3785687364578115,12873.371882816657,406.97,4624.162,0.0,483.27195000000006,0.0,0.0,0.0,196.637,19.012999999999998,0.0,0.0,30037.24688382596
26-05-2040 01:00:00,9374.218737692307,5.8299585414502975,13087.488918338724,407.436,4232.398,0.0,480.0825000000001,0.0,0.0,0.0,197.7845,19.0215,0.0,0.0,28345.912964345156
26-05-2040 02:00:00,7860.395381022807,0.5840774791063379,13483.344199340185,405.892,3952.138,0.0,480.56415000000004,0.0,0.0,0.0,196.5325,19.0135,0.0,0.0,26888.794816940168
26-05-2040 03:00:00,6541.511943073145,4.802414828207666,14530.504950154662,406.772,3730.2459999999996,0.0,480.6088500000001,0.0,0.0,0.0,198.135,18.792,0.0,0.0,26387.893690937963
26-05-2040 04:00:00,6128.325795489117,1.6657024404143708,7224.078743535669,400.87300000000005,3532.3320000000003,0.0,480.76650000000006,7404.2834607975055,0.0,0.0,197.0005,18.9565,0.0,0.0,25861.474001650135
26-05-2040 05:00:00,6046.038199300731,5.289146060796281,97.7600811140831,401.652,3453.998,0.0,480.04230000000007,14442.801144711913,0.0,0.0,199.9435,19.0175,0.0,0.0,25627.58111751791
26-05-2040 06:00:00,6133.972528448087,13.303987024088805,97.54569497128905,401.094,3311.942,0.0,474.43350000000004,14715.073913042761,0.0,0.0,201.5295,19.0195,0.0,0.0,25875.542318631142
26-05-2040 07:00:00,6239.678595914942,1467.8407862422923,94.7196958162767,399.361,3433.47,0.0,472.86915000000005,13532.86432934132,0.0,0.0,203.40900000000002,18.836,0.0,0.0,26409.440509322703
26-05-2040 08:00:00,6986.783910265125,7286.788385586474,225.39779467391764,407.029,3837.3320000000003,0.0,474.40305000000006,8618.841809298721,0.0,0.0,201.293,18.88,0.0,0.0,28698.90425684971
26-05-2040 09:00:00,7679.641911956052,14093.54079709483,3375.5861008538905,405.209,3990.278,0.0,472.8231000000001,0.0,0.0,0.0,201.359,18.777,0.0,0.0,31314.96283550008
26-05-2040 10:00:00,7707.063650900198,18749.641256153584,0.0,406.18800000000005,3731.6859999999997,0.0,470.6571000000001,0.0,0.0,0.0,202.88400000000001,18.596,0.0,0.0,33115.47045098498
26-05-2040 11:00:00,6698.23943545859,20237.3411264191,0.0,394.954,3866.143,0.0,473.38590000000005,0.0,0.0,0.0,202.828,18.739,0.0,0.0,33844.889567228536
26-05-2040 12:00:00,6350.411893783805,20802.65055900153,0.0,400.89599999999996,3852.8259999999996,0.0,471.84900000000005,0.0,0.0,0.0,203.5575,18.7435,0.0,0.0,33952.127795524546
26-05-2040 13:00:00,6772.053192488844,20604.38138487005,0.0,408.441,3814.324,0.0,470.06475000000006,0.0,0.0,0.0,201.2,17.677,0.0,0.0,34099.24305684761
26-05-2040 14:00:00,6769.995626440879,20045.4241302114,0.0,411.08099999999996,3549.869,0.0,468.11415000000005,0.0,0.0,0.0,201.61700000000002,16.878,0.0,0.0,33147.697122896425
26-05-2040 15:00:00,8292.802346764041,19411.296500570414,0.0,405.17400000000004,3365.4509999999996,0.0,467.6190000000001,0.0,0.0,0.0,203.605,18.430999999999997,0.0,-2250.6921268896795,31476.09098718713
26-05-2040 16:00:00,11635.279550957724,23098.556311752363,0.0,406.685,3490.8779999999997,0.0,467.40330000000006,0.0,0.0,0.0,201.81900000000002,18.839000000000002,0.0,-10425.483457368871,30433.514088552023
26-05-2040 17:00:00,11698.951473906225,20869.708199752666,0.0,406.624,3534.534,0.0,468.7251000000001,0.0,0.0,0.0,197.2795,18.7285,0.0,-8858.862429398847,29993.58968111805
26-05-2040 18:00:00,11476.987269603718,15924.478532618055,0.0,406.584,3381.1820000000002,0.0,471.06450000000007,0.0,0.0,0.0,196.048,18.713,0.0,-3727.412391582884,29876.80356705158
26-05-2040 19:00:00,10675.918316370256,9380.608801936176,0.0,401.69,3448.6479999999997,3744.7983128261803,475.6929,0.0,0.0,0.0,200.6555,18.9715,0.0,0.0,30146.784014761983
26-05-2040 20:00:00,9508.533629609505,3289.589259824573,0.0,407.111,3887.296,8000.0,475.8361500000001,0.0,0.0,0.0,203.1835,18.8025,0.0,0.0,30768.36599765283
26-05-2040 21:00:00,7910.082763436428,215.51377354062555,3713.170829266048,406.30800000000005,4554.201,8000.0,479.12370000000004,0.0,0.0,0.0,201.517,18.878,0.0,0.0,31701.357406558498
26-05-2040 22:00:00,6340.782189257705,6.814237256240608,9211.924912693503,404.855,4700.416,3985.2016871738197,475.20630000000006,0.0,0.0,0.0,202.6155,19.0175,0.0,0.0,31278.50439717558
26-05-2040 23:00:00,5144.049961611568,2.996101142823251,15068.507412979638,406.031,4625.512,0.0,473.3452500000001,1405.9403007847577,0.0,0.0,201.0755,18.7035,0.0,0.0,29767.010134510532
27-05-2040 00:00:00,4630.297820603475,0.6057099783324984,15068.507412979638,404.664,4103.957,0.0,466.8202500000001,2145.4286600479463,0.0,0.0,196.7115,18.8175,0.0,0.0,27754.137481751513
27-05-2040 01:00:00,4254.090038650074,1.871211183062897,15068.507412979638,394.75300000000004,3982.0820000000003,0.0,466.85895000000005,913.8544409970909,0.0,0.0,199.671,19.0,0.0,0.0,25920.54835968419
27-05-2040 02:00:00,3051.4094032704465,0.7246887240763821,15068.507412979638,391.398,3501.551,0.0,467.76660000000015,1418.753612490149,0.0,0.0,204.16099999999997,18.796,0.0,0.0,24651.26432162518
27-05-2040 03:00:00,2351.879747912243,1.1897874574388363,15068.507412979638,392.375,3499.219,0.0,467.7372000000001,1563.9559761933779,0.0,0.0,205.827,18.909000000000002,0.0,0.0,24066.71364276526
27-05-2040 04:00:00,2316.676622300911,2.1416174233899055,15068.507412979638,390.50699999999995,3369.725,0.0,468.85410000000013,1397.6924272700162,0.0,0.0,207.11700000000002,18.793,0.0,0.0,23730.174383765574
27-05-2040 05:00:00,2376.056273752326,1.9469249303544593,6367.003933871889,391.93,3312.7529999999997,0.0,467.9053500000001,10010.67516770351,0.0,0.0,207.1655,18.9205,0.0,0.0,23620.499988254436
27-05-2040 06:00:00,2418.089625668823,17.21946938402388,89.65238698659932,387.335,3288.074,0.0,468.87450000000007,16168.917468607959,0.0,0.0,203.28,18.909000000000002,0.0,0.0,23537.57544530699
27-05-2040 07:00:00,2414.0440895899987,1499.7703551001052,85.92011913704852,388.272,3174.5820000000003,0.0,468.2118000000001,14588.140111895984,0.0,0.0,199.1635,19.0355,0.0,0.0,23331.56624144831
27-05-2040 08:00:00,1705.0735608394352,6704.203548926741,141.4558749453778,395.684,3489.763,0.0,469.9387500000001,10995.341066520401,0.0,0.0,199.16,19.09,0.0,0.0,24685.074930015748
27-05-2040 09:00:00,1296.6097837642465,13596.880247361407,578.5502408037394,393.066,3804.123,0.0,471.5662500000001,5936.16539686911,0.0,0.0,189.548,18.962,0.0,0.0,26971.327281670376
27-05-2040 10:00:00,1398.6067985546272,20597.946583168752,579.9236307985209,392.412,4076.627,0.0,470.93235000000016,0.0,0.0,0.0,190.84900000000002,18.995,0.0,0.0,28720.286655336902
27-05-2040 11:00:00,1752.0138797744598,21478.179315417212,0.0,393.22900000000004,3978.45,0.0,469.1784,0.0,0.0,0.0,197.02700000000002,18.952,0.0,0.0,29712.045157943186
27-05-2040 12:00:00,1932.1639838771916,21306.019018484643,0.0,393.529,4142.106,0.0,468.04620000000006,0.0,0.0,0.0,199.74200000000002,18.882,0.0,0.0,30038.653380732427
27-05-2040 13:00:00,2950.8667373635,21061.422245952956,0.0,391.74,3879.828,0.0,467.5896000000001,0.0,0.0,0.0,201.7755,18.6265,0.0,0.0,30568.12153395795
27-05-2040 14:00:00,5420.269556059702,18864.968424820312,0.0,390.19599999999997,3569.0759999999996,0.0,466.64520000000005,0.0,0.0,0.0,202.725,18.795,0.0,0.0,30467.665812431424
27-05-2040 15:00:00,8088.687408630529,14967.592902839857,0.0,391.10900000000004,3350.5,0.0,462.7888500000001,0.0,0.0,0.0,203.28599999999997,18.55,0.0,0.0,28843.516764619035
27-05-2040 16:00:00,11518.335799597078,15030.22477092443,0.0,389.88300000000004,3227.527,0.0,460.99095,0.0,0.0,0.0,198.0325,18.7725,0.0,-4316.792386113762,27895.639775123906
27-05-2040 17:00:00,16072.386250582631,15767.976152471965,0.0,382.02,3170.9179999999997,0.0,458.62200000000007,0.0,0.0,0.0,194.6455,18.6925,0.0,-10014.727695424457,27437.446531516132
27-05-2040 18:00:00,17881.893806075455,10725.646024426147,0.0,391.707,3092.324,0.0,459.73530000000005,0.0,0.0,0.0,199.452,18.518,0.0,-6442.709098406867,27633.420913753936
27-05-2040 19:00:00,18620.854879621867,5482.728643862862,0.0,390.409,3254.8390000000004,0.0,463.2087000000001,0.0,0.0,0.0,200.0115,18.7705,0.0,-1546.721573070674,28178.386944291502
27-05-2040 20:00:00,18156.396862763188,1581.3140609331178,0.0,393.708,3480.862,3784.3213792395327,465.1858500000001,0.0,0.0,0.0,194.31400000000002,18.927,0.0,0.0,29215.826651104813
27-05-2040 21:00:00,16568.21454179974,83.72858825485483,0.0,391.87300000000005,4523.157,8000.0,468.73215000000005,0.0,0.0,0.0,196.35299999999998,18.875,0.0,0.0,31273.280903507108
27-05-2040 22:00:00,15498.007808687678,5.537919801897129,0.0,387.48199999999997,4781.595,8000.0,468.66165,0.0,0.0,0.0,195.6655,18.8545,0.0,0.0,31471.234276367046
27-05-2040 23:00:00,13809.069980659764,2.3363099164253516,824.080863658719,385.355,4094.9959999999996,3945.6786207604673,464.66865,0.0,0.0,0.0,194.563,18.904,0.0,0.0,29394.671604739462
28-05-2040 00:00:00,13568.859507635307,0.5299962310409362,3568.2535988128348,381.915,3446.691,0.0,460.07715,0.0,0.0,0.0,197.9025,18.8495,0.0,0.0,27210.66536593924
28-05-2040 01:00:00,12389.991841316212,6.359954772491234,4672.414284510502,383.353,3380.552,0.0,461.052,0.0,0.0,0.0,203.03,19.089000000000002,0.0,0.0,25696.013274065295
28-05-2040 02:00:00,10686.999062895908,1.243868705504238,9134.59119772905,387.07800000000003,3395.866,0.0,462.3942,0.0,0.0,0.0,197.7835,18.9805,0.0,0.0,24783.697481281757
28-05-2040 03:00:00,10077.774591002762,6.489749767848197,9589.235548789831,384.42400000000004,3196.828,0.0,464.08485000000013,0.0,0.0,0.0,195.5495,18.9945,0.0,0.0,24402.72876684264
28-05-2040 04:00:00,10739.072770128489,1.2979499535696395,8984.758776846618,381.94199999999995,3124.442,0.0,463.1050500000001,0.0,0.0,0.0,195.476,18.506,0.0,0.0,24368.215839975637
28-05-2040 05:00:00,11512.145320839303,6.673626011270564,8792.994766340722,378.36699999999996,3102.3059999999996,0.0,463.37595000000005,0.0,0.0,0.0,198.90200000000002,18.727999999999998,0.0,0.0,24961.26353082637
28-05-2040 06:00:00,11853.559945464696,9.020752177308996,10442.254747935805,379.89300000000003,3596.3109999999997,0.0,465.8298000000001,0.0,0.0,0.0,205.18400000000003,18.827,0.0,0.0,27521.161554740294
28-05-2040 07:00:00,11388.980792703414,730.05358388447,12812.069358441395,381.52,4204.986,0.0,481.50315,0.0,0.0,0.0,207.8815,18.7535,0.0,0.0,30869.289311512453
28-05-2040 08:00:00,10638.092940795786,4136.058138294627,3918.002785319713,380.212,5213.325,0.0,491.3844,8499.669775941957,0.0,0.0,202.295,18.750999999999998,0.0,0.0,34226.09561174602
28-05-2040 09:00:00,10066.047951049613,9217.86751025777,598.8292209471213,391.684,6383.566,0.0,491.5572,7881.652838074143,0.0,0.0,205.53099999999998,18.624000000000002,0.0,0.0,36073.96545749462
28-05-2040 10:00:00,10365.75797191023,14236.747941972015,1464.7543413416015,406.634,6833.53,0.0,492.35745000000003,2138.399832093687,0.0,0.0,207.6825,18.6515,0.0,0.0,37097.86395817494
28-05-2040 11:00:00,9976.288102753879,18825.033476589528,297.7386754283507,407.202,6239.741999999999,0.0,491.58735000000013,0.0,0.0,0.0,200.047,18.475,0.0,0.0,37542.3441359378
28-05-2040 12:00:00,8897.864544309772,20470.699528276455,0.0,405.86199999999997,6568.425,0.0,487.61955000000006,0.0,0.0,0.0,203.6365,18.3105,0.0,0.0,38164.923053954066
28-05-2040 13:00:00,9036.152982356292,20424.576440185618,0.0,401.546,6170.599,0.0,492.6000000000001,0.0,0.0,0.0,205.579,18.465,0.0,0.0,38015.17149440935
28-05-2040 14:00:00,9091.77570835272,20005.938548534243,0.0,409.31699999999995,4955.833,0.0,496.4328000000001,0.0,0.0,0.0,202.3215,18.4275,0.0,0.0,36727.7867599813
28-05-2040 15:00:00,9605.883562845,19065.39539400212,0.0,410.06,4159.4259999999995,0.0,498.8065500000001,0.0,0.0,0.0,201.141,18.813,0.0,0.0,35769.95195094399
28-05-2040 16:00:00,10045.167070673495,17395.175332504205,0.0,410.963,4811.655,0.0,499.81200000000007,0.0,0.0,0.0,195.9735,18.8285,0.0,0.0,35291.78764163485
28-05-2040 17:00:00,10958.172307784138,16359.64739995387,0.0,404.9,4847.793,0.0,500.0662500000001,0.0,0.0,0.0,191.298,18.57,0.0,0.0,35252.897127993114
28-05-2040 18:00:00,11498.349501342971,13928.657887993033,0.0,415.07800000000003,5065.222,1443.9458169046648,501.6678000000001,0.0,0.0,0.0,199.6395,18.8925,0.0,0.0,35045.95571539401
28-05-2040 19:00:00,9575.528635304901,8541.53823820147,0.0,413.68699999999995,5094.024,8000.0,501.8758500000001,0.0,0.0,0.0,201.72400000000002,18.71,0.0,0.0,34942.69629982252
28-05-2040 20:00:00,7523.150056486298,2936.114222469108,6817.539188020587,416.495,6011.563,8000.0,500.6755500000001,0.0,0.0,0.0,204.99599999999998,18.602,0.0,0.0,35474.00766705795
28-05-2040 21:00:00,7170.395554439193,127.91296792428797,14095.475773583941,414.30699999999996,6114.524,6286.054183095337,501.90540000000004,0.0,0.0,0.0,197.447,18.944000000000003,0.0,0.0,36265.178730527005
28-05-2040 22:00:00,7143.5735728840855,4.283234846779811,15068.507412979638,408.63199999999995,5646.66,0.0,501.47685000000007,4771.346843983585,0.0,0.0,188.8415,18.8255,0.0,0.0,34823.95574652133
28-05-2040 23:00:00,7030.940588479208,3.2989561319895007,15068.507412979638,411.454,4551.799,0.0,497.1708000000001,3188.974676076734,0.0,0.0,193.1725,18.7595,0.0,0.0,31782.097620007215
29-05-2040 00:00:00,6512.841236617771,1.016727463629551,15068.507412979638,410.756,3985.0159999999996,0.0,480.7585500000001,2212.653667997696,0.0,0.0,204.671,19.111,0.0,0.0,29558.095311150053
29-05-2040 01:00:00,6118.184881914859,1.5467236946704874,15068.507412979638,409.82,3729.9,0.0,478.09275,1366.4409524838884,0.0,0.0,201.97400000000002,18.917,0.0,0.0,28009.767271525598
29-05-2040 02:00:00,5370.487820891578,1.0599924620818724,11700.15395704496,416.98199999999997,3681.865,0.0,478.2763500000001,4514.781278226032,0.0,0.0,206.15200000000002,18.932000000000002,0.0,0.0,26961.069637609133
29-05-2040 03:00:00,5025.116615569592,2.044271176872182,414.22326235210625,414.12199999999996,3601.777,0.0,477.9355500000001,15777.02005103527,0.0,0.0,205.535,18.942,0.0,0.0,26439.824711205634
29-05-2040 04:00:00,4322.299478694179,1.4710099473789249,91.4064554276415,413.588,3672.397,0.0,476.15115000000003,16665.191570371666,0.0,0.0,208.067,18.769000000000002,0.0,0.0,26339.28789570249
29-05-2040 05:00:00,3406.1479971038193,2.920387395531689,92.45889649226679,409.478,3667.313,0.0,471.2277000000001,18081.028507112012,0.0,0.0,207.19799999999998,18.634,0.0,0.0,26843.390745818422
29-05-2040 06:00:00,2802.009452499065,13.617658262868137,90.20784199292936,408.315,4182.164000000001,0.0,466.3347,19940.416040489996,0.0,0.0,209.0455,18.5905,0.0,0.0,28677.97903495549
29-05-2040 07:00:00,2650.0929977762007,1191.215202387763,86.82638783158697,409.76599999999996,4371.875,0.0,462.9114,21765.791017206346,0.0,0.0,206.0275,19.0525,0.0,0.0,31800.817680922442
29-05-2040 08:00:00,2231.728099896243,5696.150717486881,147.36123869688643,409.25199999999995,6339.396,0.0,469.2985500000001,18819.445239370038,0.0,0.0,206.5495,18.7185,0.0,0.0,35064.59468233263
29-05-2040 09:00:00,2236.230015762161,11751.736225866034,917.6116704571892,403.413,7290.937,0.0,471.6937500000001,12627.040757098148,0.0,0.0,207.3135,18.6005,0.0,0.0,36778.78631548998
29-05-2040 10:00:00,2654.9429999204117,17085.466867567433,3677.151121203407,400.83,7132.501,0.0,470.5023000000001,4810.972866051501,0.0,0.0,209.253,18.715,0.0,0.0,37617.12691803054
29-05-2040 11:00:00,2825.8649654380556,21356.987716016276,4227.856138441299,405.39099999999996,7225.263000000001,0.0,469.8262500000001,0.0,0.0,0.0,208.5455,18.3115,0.0,0.0,38063.614729700865
29-05-2040 12:00:00,4039.355613571327,24114.720349866464,830.094572984638,410.32800000000003,7144.599,0.0,469.8090000000001,0.0,0.0,0.0,205.6565,17.6455,0.0,0.0,38495.45243090647
29-05-2040 13:00:00,5098.421277164731,24277.60794810682,0.0,409.286,6817.081,0.0,474.4515000000001,0.0,0.0,0.0,206.763,18.323,0.0,0.0,38380.698130144185
29-05-2040 14:00:00,6492.374824533491,22286.57206356814,0.0,403.51599999999996,6208.445,0.0,480.1300500000001,0.0,0.0,0.0,207.0565,18.5855,0.0,0.0,37167.66169264972
29-05-2040 15:00:00,8398.47154549213,20677.518457010756,0.0,396.709,4949.733,0.0,482.35110000000014,0.0,0.0,0.0,205.1745,18.6265,0.0,0.0,36252.20295028604
29-05-2040 16:00:00,10881.332445391761,18402.938554047872,0.0,398.407,4209.6320000000005,0.0,488.3877,0.0,0.0,0.0,201.604,18.761,0.0,0.0,35882.19345440316
29-05-2040 17:00:00,13310.374295050098,16037.750299018224,0.0,401.725,3719.4359999999997,0.0,493.0200000000001,0.0,0.0,0.0,201.9425,18.8175,0.0,0.0,35661.816109044375
29-05-2040 18:00:00,13595.225109403322,12203.271382213685,0.0,406.046,4194.613,2596.810860978978,495.10470000000004,0.0,0.0,0.0,207.3475,19.0125,0.0,0.0,35301.41364545615
29-05-2040 19:00:00,11568.879516575695,6590.892517980112,3040.1166240469665,398.934,4644.2570000000005,6764.315348406242,500.3983500000001,0.0,0.0,0.0,209.14700000000002,18.814,0.0,0.0,35168.724928176
29-05-2040 20:00:00,10434.106646465654,2198.024165122119,15068.507412979638,397.473,5408.1630000000005,0.0,503.0466000000001,242.28626242111204,0.0,0.0,209.1015,18.7895,0.0,0.0,35582.82759988885
29-05-2040 21:00:00,8179.439660829923,157.25745312457494,15068.507412979638,405.76199999999994,6599.95,0.0,504.11685000000017,4323.836738196773,0.0,0.0,207.2505,19.0905,0.0,0.0,36356.91350165018
29-05-2040 22:00:00,5937.992218518687,3.634259869994991,8823.176200842274,408.978,6447.130999999999,0.0,504.9295500000001,11754.28085103739,0.0,0.0,206.06099999999998,19.006,0.0,0.0,34844.50562978063
29-05-2040 23:00:00,5084.720589289239,2.3795749148776726,104.82507900161401,410.80199999999996,5569.6759999999995,0.0,501.0472500000001,19403.971917526353,0.0,0.0,207.09900000000002,18.926,0.0,0.0,31936.157948043714
30-05-2040 00:00:00,4450.735580133545,0.8761162186595066,88.26862188311053,412.038,4594.087,0.0,487.24875000000003,18934.952338366562,0.0,0.0,206.3605,19.0925,0.0,0.0,29753.02997932977
30-05-2040 01:00:00,4797.007942153778,6.035467284098823,97.30207435447764,412.333,3967.2309999999998,0.0,481.27935000000014,17368.049252129797,0.0,0.0,207.0155,19.0645,0.0,0.0,27865.83067089168
30-05-2040 02:00:00,4947.419890629355,0.7787699721417838,95.64545416016006,417.973,3849.344,0.0,480.7686000000001,16316.205773577927,0.0,0.0,208.632,18.91,0.0,0.0,26819.019401908477
30-05-2040 03:00:00,4956.470133864963,5.310778560022442,94.98280608243302,412.441,3864.8179999999998,0.0,482.37180000000006,15835.597151510146,0.0,0.0,209.3145,19.0675,0.0,0.0,26349.717027484952
30-05-2040 04:00:00,5132.226631025561,1.2655012047303984,95.57724038745286,414.375,3814.929,0.0,483.0687000000001,15604.5399810012,0.0,0.0,206.8105,18.7005,0.0,0.0,26238.390621193168
30-05-2040 05:00:00,5347.79646317221,5.678531046867173,93.25797211540822,414.119,3787.44,0.0,482.79510000000005,15842.989372569855,0.0,0.0,206.56599999999997,19.015,0.0,0.0,26674.2912050257
30-05-2040 06:00:00,5826.701300097892,15.553766943609517,92.47838614161171,412.306,4161.657999999999,0.0,485.283,16727.609609543815,0.0,0.0,208.3965,19.0575,0.0,0.0,28454.310687710575
30-05-2040 07:00:00,6236.104910124471,899.0574840888502,89.65238698659932,409.43300000000005,4329.6140000000005,0.0,491.81295,18145.75269899612,0.0,0.0,204.88400000000001,18.834,0.0,0.0,31382.299107390903
30-05-2040 08:00:00,5700.454274586456,4266.545373626827,46.268427544823226,404.277,5172.483,0.0,497.2467000000001,17575.8753882303,0.0,0.0,206.4775,18.6215,0.0,0.0,34519.33329116463
30-05-2040 09:00:00,5331.289438330508,9387.131000452864,1129.0841106741666,402.13800000000003,5662.19,0.0,496.8393000000001,12557.57639849067,0.0,0.0,204.757,18.340999999999998,0.0,0.0,35996.82537021908
30-05-2040 10:00:00,5578.655018186536,14887.615762439124,2380.9335225719396,398.256,5710.178000000001,0.0,492.5632500000001,6319.8614794120085,0.0,0.0,208.0915,18.5815,0.0,0.0,36969.26453486269
30-05-2040 11:00:00,6140.841431006397,18967.797155232573,2423.30402024778,387.727,5825.521,0.0,492.8740500000001,2004.1027289646604,0.0,0.0,203.868,18.368,0.0,0.0,37450.23365418895
30-05-2040 12:00:00,7139.450684298976,21779.362263407063,9.596370560477226,391.735,6783.795999999999,0.0,494.77935000000014,0.0,0.0,0.0,207.62,18.509,0.0,0.0,37828.427689859156
30-05-2040 13:00:00,7942.147171831343,21440.24461628939,0.0,395.167,6418.024,0.0,497.50365000000005,0.0,0.0,0.0,208.99400000000003,18.785,0.0,0.0,37915.28640664493
30-05-2040 14:00:00,9272.008440503629,19937.02560015781,0.0,401.55300000000005,5351.219,0.0,498.3333000000001,0.0,0.0,0.0,209.097,18.469,0.0,0.0,36823.34410772729
30-05-2040 15:00:00,11113.090975856425,18893.08253554085,0.0,408.852,3791.2009999999996,0.0,497.79225,0.0,0.0,0.0,206.8965,18.1305,0.0,0.0,36023.90517855003
30-05-2040 16:00:00,12333.890651168442,17170.780888818204,0.0,408.12300000000005,3729.652,0.0,500.4367500000001,0.0,0.0,0.0,196.7035,18.1485,0.0,0.0,35594.887166990244
30-05-2040 17:00:00,13783.374386437416,15307.900298631723,0.0,400.98699999999997,3773.033,0.0,502.0551000000001,0.0,0.0,0.0,203.915,18.654,0.0,0.0,35481.4965842018
30-05-2040 18:00:00,15576.817625029054,12864.009189722636,0.0,406.546,3724.8759999999997,0.0,508.37715000000003,0.0,0.0,0.0,204.75599999999997,18.569000000000003,0.0,0.0,34926.46225287868
30-05-2040 19:00:00,15268.270865014516,8600.746388583471,0.0,405.529,3959.034,3944.0807049838095,515.02065,0.0,0.0,0.0,205.9245,18.6635,0.0,0.0,34712.74168142654
30-05-2040 20:00:00,12582.557038093033,3160.8109919312383,0.0,411.722,4353.452,8000.0,516.43965,0.0,0.0,0.0,215.8065,18.7355,0.0,0.0,35062.422256536884
30-05-2040 21:00:00,10882.871079316503,175.7965049613946,8089.750035729392,411.835,5144.481,8000.0,518.8746000000001,0.0,0.0,0.0,214.3155,18.6445,0.0,0.0,35700.07609841832
30-05-2040 22:00:00,10495.288611313561,5.299962310409361,12882.14538399989,411.89599999999996,5302.93,3785.9192950161887,517.57695,0.0,0.0,0.0,213.68200000000002,18.933,0.0,0.0,34598.746613720614
30-05-2040 23:00:00,10701.792729723345,2.1740661722291463,14487.275590155501,413.89099999999996,4327.705,0.0,513.2304,0.0,0.0,0.0,213.2205,18.8885,0.0,0.0,31530.842441082095
31-05-2040 00:00:00,11377.896178552452,0.6597912263979,12230.685482431996,419.42400000000004,3946.342,0.0,500.6131500000001,0.0,0.0,0.0,211.271,19.051,0.0,0.0,29459.186699021535
31-05-2040 01:00:00,12745.794032111036,5.029556070082354,9514.264311898834,417.76599999999996,3636.567,0.0,494.95515,0.0,0.0,0.0,211.1885,19.0015,0.0,0.0,27602.31951376581
31-05-2040 02:00:00,13293.449776624837,0.8004024713679445,3643.7690155347523,416.452,3511.199,0.0,494.2822500000001,4415.125095882513,0.0,0.0,210.233,18.864,0.0,0.0,26491.18398173906
31-05-2040 03:00:00,13177.324326561087,4.975474822016952,102.36938318415503,418.705,3530.8920000000003,0.0,496.5744,7595.431736645453,0.0,0.0,212.387,18.858,0.0,0.0,26024.84302542511
31-05-2040 04:00:00,12160.92012919712,1.5359074450574066,100.72250781450985,418.774,3714.3309999999997,0.0,494.78130000000004,8250.085833429659,0.0,0.0,213.56400000000002,18.986,0.0,0.0,25842.237989608395
31-05-2040 05:00:00,10438.914104731406,10.026663391325465,132.237270805234,418.06,3784.491,0.0,493.2886500000001,10353.1024685353,0.0,0.0,212.32,18.738,0.0,0.0,26350.18052792013
31-05-2040 06:00:00,8671.33585118655,40.12828606452802,197.99534769497012,404.88699999999994,4252.583,0.0,496.73490000000004,13392.903149447293,0.0,0.0,211.0415,19.0045,0.0,0.0,28241.337073621093
31-05-2040 07:00:00,6515.88119011486,2194.887452734326,212.10585382068706,398.475,4359.97,0.0,502.45215,15953.457995497476,0.0,0.0,211.3825,18.9235,0.0,0.0,31016.683565874344
31-05-2040 08:00:00,4656.481643981713,9001.293744255063,383.4003819131266,402.499,5190.1359999999995,0.0,504.39435000000014,13055.430312568984,0.0,0.0,205.301,18.845,0.0,0.0,34166.021342660766
31-05-2040 09:00:00,3345.0085761343694,17106.472024316034,4812.56936791467,411.284,5552.090999999999,0.0,502.27485000000013,2702.170721823013,0.0,0.0,204.7165,18.1655,0.0,0.0,35909.23457569939
31-05-2040 10:00:00,3138.9879108888827,24686.49975316273,222.8536583610139,410.43699999999995,5241.68,0.0,503.0763000000001,0.0,0.0,0.0,197.19,16.518,0.0,0.0,36362.02688606596
31-05-2040 11:00:00,2899.7603286017397,25279.866779137476,0.0,405.69699999999995,5239.431,0.0,502.51995000000005,0.0,0.0,0.0,188.4125,18.6975,0.0,0.0,36824.32132734467
31-05-2040 12:00:00,3124.510654641878,25386.053254298655,0.0,408.42800000000005,5688.299,0.0,500.6013000000001,0.0,0.0,0.0,189.6185,18.6945,0.0,0.0,37577.2603007436
31-05-2040 13:00:00,3820.9903564007404,24584.079494364625,0.0,412.87300000000005,6111.427,0.0,506.40345,0.0,0.0,0.0,198.9925,17.8445,0.0,0.0,37667.01012939315
31-05-2040 14:00:00,4653.983560567531,24050.092910750907,0.0,413.874,5038.105,0.0,508.94700000000006,0.0,0.0,0.0,197.84599999999998,17.435,0.0,0.0,36726.362035529644
31-05-2040 15:00:00,5017.613250142552,23564.22858915473,0.0,409.219,4487.1990000000005,0.0,509.56500000000005,0.0,0.0,0.0,189.4265,18.2195,0.0,0.0,36036.914809946364
31-05-2040 16:00:00,5520.188809500192,22939.503839190525,0.0,419.965,4134.019,0.0,504.9879,0.0,0.0,0.0,178.7105,18.6555,0.0,0.0,35745.9038669684
31-05-2040 17:00:00,6313.379821172136,21807.03985057446,0.0,420.591,4028.955,0.0,508.8063000000001,0.0,0.0,0.0,182.9885,18.6285,0.0,0.0,35470.25167677379
31-05-2040 18:00:00,7735.192614346248,18336.00919908294,0.0,426.661,3821.466,1627.8039737949439,512.0091000000001,0.0,0.0,0.0,189.5385,18.4515,0.0,0.0,34943.63185647943
31-05-2040 19:00:00,7605.952046841495,10952.469460707462,0.0,422.097,4187.575,8000.0,511.5777000000001,0.0,0.0,0.0,190.283,18.619,0.0,0.0,34737.96562806316
31-05-2040 20:00:00,6843.248599598487,4065.287417076242,6675.033072028027,423.98900000000003,4686.584,8000.0,513.6132,0.0,0.0,0.0,195.74,18.817999999999998,0.0,0.0,34899.877192203276
31-05-2040 21:00:00,6459.456404403619,261.8722193822879,14790.50833170591,427.81300000000005,5372.071999999999,6102.196026205056,513.783,0.0,0.0,0.0,196.769,18.694000000000003,0.0,0.0,35612.85841058924
31-05-2040 22:00:00,6909.972871521876,5.072821068534674,15068.507412979638,431.529,5322.054,0.0,511.3551000000001,5133.902432032533,0.0,0.0,195.40099999999998,18.82,0.0,0.0,34732.67703601896
31-05-2040 23:00:00,6500.085808331002,2.5850836575261984,15068.507412979638,415.36,4496.630999999999,0.0,507.47670000000005,3664.4830392082695,0.0,0.0,197.37400000000002,18.895,0.0,0.0,31896.162249977493
01-06-2040 00:00:00,5455.842443954254,1.3736637008612018,15068.507412979638,388.974,4188.731,0.0,489.2796000000001,3238.209725325738,0.0,0.0,197.6995,18.9145,0.0,0.0,29949.667249027847
01-06-2040 01:00:00,4677.2933357983,7.181989743085339,15068.507412979638,393.94699999999995,3983.886,0.0,486.6342000000001,2475.8668040779994,0.0,0.0,201.173,18.999000000000002,0.0,0.0,28112.888678540538
01-06-2040 02:00:00,4442.11464330783,1.0708087116949527,15068.507412979638,396.006,3886.4640000000004,0.0,490.23810000000014,1631.7743210820518,0.0,0.0,204.1975,18.9605,0.0,0.0,26827.574816442077
01-06-2040 03:00:00,4582.192296943429,6.56546351513976,15068.507412979638,387.82099999999997,3891.402,0.0,490.5318000000001,1250.2640041740178,0.0,0.0,206.4475,18.8485,0.0,0.0,26559.477013757747
01-06-2040 04:00:00,4674.907010979338,1.0491762124687918,15068.507412979638,389.60900000000004,3754.115,0.0,490.15080000000006,1015.8657367729793,0.0,0.0,208.0355,18.9195,0.0,0.0,26276.785643197913
01-06-2040 05:00:00,4717.570785822076,9.626462155641493,15068.507412979638,388.11300000000006,3731.363,0.0,488.9214,1267.34596061734,0.0,0.0,208.6805,19.0105,0.0,0.0,26547.05884760376
01-06-2040 06:00:00,3946.606090907588,64.05383020866172,15000.535879414221,389.478,4273.468,0.0,492.06390000000005,3487.240080595113,0.0,0.0,207.9865,18.6615,0.0,0.0,28547.199374042422
01-06-2040 07:00:00,4065.547172200193,2296.6575453437986,750.5171617985783,384.616,4589.294,0.0,503.50965,17869.592170304102,0.0,0.0,204.266,18.84,0.0,0.0,31391.166994128027
01-06-2040 08:00:00,3315.610756119897,8821.278901944566,784.9358825416945,381.079,5236.089,0.0,512.1474000000001,14165.434515090274,0.0,0.0,204.2425,18.7335,0.0,0.0,34232.75498958771
01-06-2040 09:00:00,2814.540558517601,16782.060249670914,5177.113514086594,382.214,5830.476,0.0,511.3513500000001,2960.3183545520096,0.0,0.0,202.2745,18.6625,0.0,0.0,35972.757570735375
01-06-2040 10:00:00,3420.3963287619335,24249.41510629815,443.80801290823365,386.335,5603.267,0.0,509.3046000000001,0.0,0.0,0.0,202.678,18.980999999999998,0.0,0.0,36894.73545043994
01-06-2040 11:00:00,4389.745335243539,24402.860537508997,0.0,378.825,5367.438,0.0,508.7305500000001,0.0,0.0,0.0,199.4275,19.0105,0.0,0.0,37461.70250002947
01-06-2040 12:00:00,5565.157601979517,24124.920028557244,0.0,376.48,4699.195,0.0,508.75395000000003,0.0,0.0,0.0,195.28400000000002,19.527,0.0,0.0,37840.73574676048
01-06-2040 13:00:00,6586.781162334413,23554.916428122528,0.0,365.63300000000004,4273.715999999999,0.0,510.9714,0.0,0.0,0.0,204.47099999999998,19.433,0.0,0.0,38028.4578869002
01-06-2040 14:00:00,7342.53931481632,21973.925520442273,0.0,365.723,4009.968,0.0,512.5713000000001,0.0,0.0,0.0,207.456,19.625,0.0,0.0,36955.874356961394
01-06-2040 15:00:00,11970.63994974331,27258.91638907474,0.0,368.653,3839.1009999999997,0.0,515.52765,0.0,0.0,0.0,202.745,18.543,0.0,-10603.00706071359,35903.46127974905
01-06-2040 16:00:00,14281.68421523195,25976.31515266586,0.0,370.955,3892.364,0.0,514.662,0.0,0.0,0.0,197.8445,19.4735,0.0,-12018.486416952566,35359.046167465516
01-06-2040 17:00:00,15704.313573798172,22027.869066647112,0.0,376.56300000000005,3711.54,0.0,514.4277000000001,0.0,0.0,0.0,194.66099999999997,19.086,0.0,-9494.741226082679,35187.28912498021
01-06-2040 18:00:00,16995.52979901352,16108.628379166314,0.0,375.908,3603.718,0.0,517.62345,0.0,0.0,0.0,186.5625,19.5725,0.0,-5230.413650640499,34709.38706912756
01-06-2040 19:00:00,19095.92550009609,9933.034550007953,0.0,370.03,3686.825,0.0,516.83325,0.0,0.0,0.0,189.5935,19.4595,0.0,-1685.7923463808256,34432.533720903084
01-06-2040 20:00:00,20253.137103937534,3765.493426550495,0.0,373.089,4099.572,2931.973032208116,519.6346500000001,0.0,0.0,0.0,202.46599999999998,19.91,0.0,0.0,34217.47509883669
01-06-2040 21:00:00,16292.348431002178,299.469503037355,0.0,371.64300000000003,4466.3009999999995,8000.0,522.8035500000001,0.0,0.0,0.0,206.4225,19.5225,0.0,0.0,34666.942556161775
01-06-2040 22:00:00,13235.694527805454,6.706074760109804,1089.8689627078766,374.144,4219.917,8000.0,524.1159,0.0,0.0,0.0,203.9305,19.2405,0.0,0.0,33960.66051862435
01-06-2040 23:00:00,12878.148037993851,2.195698671455307,2535.7367210313932,377.151,3951.65,4798.026967791884,517.5046500000001,0.0,0.0,0.0,201.9515,19.3065,0.0,0.0,31449.206101992633
02-06-2040 00:00:00,13189.921182209966,0.9410137163379886,8634.14556256715,375.49300000000005,3836.6059999999998,0.0,498.77400000000006,0.0,0.0,0.0,203.796,19.955,0.0,0.0,29873.254775597576
02-06-2040 01:00:00,11050.288976299335,4.661803583237622,11117.557310169892,368.38599999999997,4030.5370000000003,0.0,494.3890500000001,0.0,0.0,0.0,205.6425,19.6025,0.0,0.0,28207.84414530407
02-06-2040 02:00:00,9528.223710084927,1.1897874574388363,11363.519636942296,368.019,3999.425,0.0,493.2808500000001,0.0,0.00015000000000000001,0.0,207.7195,19.9145,0.0,0.0,26780.134840118244
02-06-2040 03:00:00,7993.95221837839,3.7640548653519543,12236.769708594593,373.533,4032.255,0.0,492.43950000000007,0.0,0.0,0.0,208.2465,19.8435,0.0,0.0,25999.02835752761
02-06-2040 04:00:00,6922.175229388691,0.9301974667249082,12998.283742079684,374.718,3991.071,0.0,493.13625,0.0,0.0,0.0,207.1255,20.1025,0.0,0.0,25597.530591309423
02-06-2040 05:00:00,6547.344322047203,6.554647265526679,13160.55041685289,370.54400000000004,3920.087,0.0,492.29745,0.0,0.0,0.0,207.3055,19.9245,0.0,0.0,25302.02339651757
02-06-2040 06:00:00,5978.900091468704,53.16186684828982,13966.511128577726,371.414,3799.505,0.0,484.39575,0.0,0.0,0.0,203.4545,19.7835,0.0,0.0,25455.803987533815
02-06-2040 07:00:00,5093.670274266677,1355.3085252678045,13910.987611045812,370.277,4002.3990000000003,0.0,488.44425000000007,0.0,0.0,0.0,196.946,19.371,0.0,0.0,26005.946640909333
02-06-2040 08:00:00,4659.560273731946,6824.523509622647,11044.972108833921,359.162,4111.277,0.0,483.6315000000001,0.0,0.0,0.0,205.69099999999997,20.048,0.0,0.0,28351.891599172086
02-06-2040 09:00:00,4907.192719734665,13629.545321192909,5990.223088502322,364.86300000000006,4540.393,0.0,483.71715000000006,0.0,0.0,0.0,203.62,19.59,0.0,0.0,31038.337145595273
02-06-2040 10:00:00,5954.426468033891,19551.00298610961,0.0,370.733,4331.779,0.0,486.45105000000007,0.0,0.0,0.0,205.4545,19.9045,0.0,0.0,32654.690755911855
02-06-2040 11:00:00,6307.882466060991,19079.659527524043,0.0,375.37300000000005,4394.266,0.0,484.2936000000001,0.0,0.0,0.0,206.03799999999998,19.549,0.0,0.0,33181.24101394186
02-06-2040 12:00:00,6242.665200958903,19273.657862883858,0.0,380.125,4611.186,0.0,480.7716000000001,0.0,0.0,0.0,208.4705,19.6725,0.0,0.0,33496.39006264927
02-06-2040 13:00:00,6737.898683121161,19188.343989185276,0.0,379.168,4574.084,0.0,483.93075000000005,0.0,0.0,0.0,197.514,19.583,0.0,0.0,33604.20041267025
02-06-2040 14:00:00,7752.150807192367,18100.846283837607,0.0,363.983,4141.325,0.0,480.6435000000001,0.0,0.0,0.0,189.873,19.947,0.0,0.0,32819.60726107559
02-06-2040 15:00:00,8831.154660488419,15795.736575105642,0.0,377.76300000000003,3812.6740000000004,0.0,473.2899,0.0,0.0,0.0,187.46400000000003,20.01,0.0,0.0,31186.79715336554
02-06-2040 16:00:00,13209.460481848182,18543.954021233487,0.0,377.534,3783.37,0.0,471.39225000000005,0.0,0.0,0.0,196.96200000000002,20.278,0.0,-8194.726605082864,30126.623977775635
02-06-2040 17:00:00,13544.06398542241,16612.632826567555,0.0,380.62,3899.897,0.0,471.83580000000006,0.0,0.0,0.0,211.22099999999998,21.133000000000003,0.0,-6840.360692087397,29767.099040292243
02-06-2040 18:00:00,12479.60885700398,12688.15583046081,0.0,381.819,3774.179,0.0,469.05030000000005,0.0,0.0,0.0,210.9045,24.2205,0.0,-1732.398703860792,29783.69280226084
02-06-2040 19:00:00,11788.057843140647,8743.499250976905,0.0,380.85400000000004,3741.8059999999996,2975.1162535429994,470.2893000000001,0.0,0.0,0.0,210.03099999999998,23.491,0.0,0.0,29957.942926541204
02-06-2040 20:00:00,10468.435688755939,3436.7227033113054,0.0,386.15,4227.729,8000.0,468.66645000000005,0.0,0.0,0.0,206.6925,19.7235,0.0,0.0,30502.175391381978
02-06-2040 21:00:00,9619.298550987545,277.97761505616444,1790.8362021202065,385.50800000000004,4741.405,8000.0,471.09615,0.0,0.0,0.0,208.40200000000002,17.477999999999998,0.0,0.0,31695.143673597522
02-06-2040 22:00:00,9027.946375672076,3.980379857613561,6112.063081223881,382.79699999999997,4695.34,4754.883746457002,465.46995000000004,0.0,0.0,0.0,207.0135,16.4795,0.0,0.0,31695.404439091148
02-06-2040 23:00:00,9709.205369045227,1.8928436822890575,10576.175263868445,377.786,4224.39,0.0,467.10045,0.0,0.0,0.0,206.408,15.489,0.0,0.0,29648.03187914027
03-06-2040 00:00:00,11564.048852558055,0.9410137163379886,10010.57009423916,385.776,4050.393,0.0,461.72685000000007,0.0,0.0,0.0,207.1375,15.8225,0.0,0.0,27563.235192959786
03-06-2040 01:00:00,11085.082133627342,5.90567228874186,8527.689736500588,383.94699999999995,4325.664000000001,0.0,463.3873500000001,0.0,0.0,0.0,206.93,16.012,0.0,0.0,25763.550792934806
03-06-2040 02:00:00,11091.14270249495,1.114073710147274,7761.691521332885,380.166,4008.937,0.0,464.1867000000001,0.0,0.0,0.0,209.18400000000003,15.548,0.0,0.0,24521.460020375867
03-06-2040 03:00:00,10805.093134244664,4.726701080916104,7518.2950489851355,380.29900000000004,3877.975,0.0,464.39115000000004,0.0,0.0,0.0,209.278,15.954,0.0,0.0,23758.157013570195
03-06-2040 04:00:00,10326.4087519619,0.8869324682725869,7658.437624969078,375.63199999999995,3783.1609999999996,0.0,463.13790000000006,0.0,0.0,0.0,207.9485,15.9365,0.0,0.0,23298.380577464723
03-06-2040 05:00:00,9895.907245845472,6.608728513592081,8005.456856679622,372.168,3707.38,0.0,462.83265000000006,0.0,0.0,0.0,207.4975,16.0115,0.0,0.0,23143.55208859461
03-06-2040 06:00:00,9886.744841475745,60.61426283170216,7938.8007518023915,370.348,3671.6490000000003,0.0,464.38485000000014,0.0,0.0,0.0,206.1645,15.4315,0.0,0.0,23095.3022884767
03-06-2040 07:00:00,9812.703022457581,1638.9863038700623,6084.444903302559,355.779,3766.967,0.0,468.4863000000001,0.0,0.0,0.0,198.6095,15.7905,0.0,0.0,22838.0569430124
03-06-2040 08:00:00,8950.497178751957,7397.471067877125,2228.955206397448,359.55800000000005,4023.1409999999996,0.0,468.5617500000001,0.0,0.0,0.0,196.9105,16.0255,0.0,0.0,24220.121871072326
03-06-2040 09:00:00,7796.553459510995,12740.986690711712,0.0,366.825,3965.236,0.0,468.69270000000006,0.0,0.0,0.0,195.398,16.88,0.0,0.0,26433.448790291422
03-06-2040 10:00:00,6660.538700719343,14814.439977734015,0.0,385.184,4163.942,0.0,468.76470000000006,0.0,0.0,0.0,197.0005,17.9385,0.0,0.0,28142.202663126507
03-06-2040 11:00:00,5917.2002795274675,16437.401416435794,0.0,405.63,4180.872,0.0,469.6278000000001,0.0,0.0,0.0,196.31400000000002,17.739,0.0,0.0,29275.115647783427
03-06-2040 12:00:00,5802.463349923078,16677.818386980885,0.0,404.44300000000004,4249.398,0.0,469.0323000000001,0.0,0.0,0.0,198.4225,19.1385,0.0,0.0,29540.045949500174
03-06-2040 13:00:00,10043.25240996508,25995.787016066784,0.0,403.44599999999997,4194.94,0.0,468.9529500000001,0.0,0.0,0.0,198.8485,20.7185,0.0,-12200.0,30075.14009035154
03-06-2040 14:00:00,12791.494269626639,30003.849107281083,0.0,406.62800000000004,3942.427,0.0,468.2998500000001,0.0,0.0,0.0,186.7085,23.8135,0.0,-12200.0,29966.928362345327
03-06-2040 15:00:00,13570.402368575524,28844.433337091177,0.0,407.51800000000003,3784.6929999999998,0.0,468.9339,0.0,0.0,0.0,176.9345,15.1255,0.0,-12200.0,28264.08505003571
03-06-2040 16:00:00,15292.033062037679,26114.617825135905,0.0,406.611,3805.875,0.0,466.8588000000001,0.0,0.0,0.0,201.875,24.89,0.0,-12200.0,27585.638705969122
03-06-2040 17:00:00,17500.2314231852,22607.152820195926,2451.673993022414,405.1,3736.158,0.0,467.5053000000001,0.0,0.0,0.0,213.1745,29.8785,0.0,-12200.0,27090.026544001816
03-06-2040 18:00:00,18604.290734465772,17606.290592015244,12644.91275497104,411.605,3449.275,0.0,470.07360000000006,0.0,0.0,0.0,202.2225,19.0675,0.0,-12200.0,27400.308094158318
03-06-2040 19:00:00,18343.5125584598,10656.028497679084,13963.516164840083,410.31300000000005,3760.801,0.0,471.08175000000006,0.0,0.0,0.0,200.3,16.953,0.0,-12200.0,28014.401531896052
03-06-2040 20:00:00,16442.164764463276,4143.294209105335,11337.272272858507,406.82800000000003,4134.1,0.0,471.38745000000006,0.0,0.0,0.0,197.3385,17.4295,0.0,-10155.264019308343,28993.448367671495
03-06-2040 21:00:00,14862.89345294019,365.7731131655375,6631.685488127929,413.56699999999995,4743.458,1325.5135765955183,474.4033500000001,0.0,0.0,0.0,199.69400000000002,18.73,0.0,0.0,30532.7467045963
03-06-2040 22:00:00,14327.003024632682,5.592001049962531,4110.115630365588,419.525,5209.813,5657.83429946694,477.86955000000006,0.0,0.0,0.0,200.597,20.007,0.0,0.0,31582.340092162787
03-06-2040 23:00:00,13263.417666058807,2.595899907139279,3880.6396265662333,423.412,4740.906,5455.640259536098,478.1368500000001,0.0,0.0,0.0,200.00400000000002,20.059,0.0,0.0,29508.161137058996
04-06-2040 00:00:00,13370.253080117456,2.044271176872182,3862.949846338335,429.546,3998.61,4136.454356304266,473.58015,0.0,0.0,0.0,200.7915,20.0915,0.0,0.0,27464.634589146168
04-06-2040 01:00:00,13755.236503909146,7.625455977221632,3756.600676757953,424.941,3726.615,2391.487102685147,473.1555000000001,0.0,0.0,0.0,205.2395,25.8855,0.0,0.0,25681.14666500246
04-06-2040 02:00:00,14602.397285141898,1.3736637008612018,3195.5443452062027,424.481,3640.268,1299.9070015416546,472.00095000000005,0.0,0.0,0.0,209.697,29.14,0.0,0.0,24700.43219483621
04-06-2040 03:00:00,13612.455380178808,6.857502254692928,2757.6236182156135,421.394,3808.1620000000003,2324.2554830160825,473.47530000000006,0.0,0.0,0.0,205.185,29.256999999999998,0.0,0.0,24404.647494968398
04-06-2040 04:00:00,13201.864409180718,1.081624961308033,2266.0985596667742,424.676,3743.3140000000003,1138.9079208542917,473.60670000000005,0.0,0.0,0.0,204.1235,28.5535,0.0,0.0,24271.91637074634
04-06-2040 05:00:00,12297.066982522458,7.242792606658811,2182.4327307618405,424.116,3631.3140000000003,0.0,473.9553000000001,0.0,0.0,0.0,203.36900000000003,27.802,0.0,0.0,24951.057593474987
04-06-2040 06:00:00,12170.56985435646,64.59464268931573,3743.6298644475446,426.37699999999995,3880.7990000000004,591.8173986525217,477.53490000000005,0.0,0.0,0.0,203.21099999999998,27.557,0.0,0.0,27283.58968240262
04-06-2040 07:00:00,11834.040040503109,1774.1677915343403,8064.336326704388,419.217,4209.944,0.0,489.8239500000001,0.0,0.0,0.0,207.442,27.881,0.0,0.0,30642.585148014274
04-06-2040 08:00:00,9776.030199226792,7509.981696352386,9450.299517508545,424.574,5124.404,0.0,505.4349,0.0,0.0,0.0,206.6755,28.2415,0.0,0.0,33835.448814785
04-06-2040 09:00:00,8738.528105772979,14152.56507123341,4343.1128660230115,421.97,5600.053000000001,0.0,509.05110000000013,0.0,0.0,0.0,206.15900000000002,27.741,0.0,0.0,35517.17458599898
04-06-2040 10:00:00,8828.88172211769,18671.153539405324,0.0,423.23,6154.254,0.0,506.8671000000001,0.0,0.0,0.0,204.61900000000003,27.943,0.0,0.0,36595.095810756815
04-06-2040 11:00:00,8756.766477312609,19182.280336643853,391.52535873957095,409.031,6110.603,0.0,507.0820500000001,0.0,0.0,0.0,205.032,27.721,0.0,0.0,37150.05016407551
04-06-2040 12:00:00,7095.671934059375,14730.214911129764,6979.78037025276,420.27,6098.84,0.0,510.6217500000001,0.0,0.0,0.0,205.4995,26.8625,0.0,0.0,37658.0849560854
04-06-2040 13:00:00,7093.719979315938,14075.126898584564,8489.75264703951,413.82099999999997,5209.968,0.0,518.1319500000001,0.0,0.0,0.0,210.2315,27.3725,0.0,0.0,37805.14851069858
04-06-2040 14:00:00,14521.67468649594,26698.708610621175,8950.178072128649,415.514,4486.721,0.0,518.00205,0.0,0.0,0.0,216.105,34.534,0.0,-12200.0,36813.46031433808
04-06-2040 15:00:00,17507.04267609489,28563.821260695884,8365.932955786324,420.715,4029.65,0.0,517.8400500000001,0.0,0.0,0.0,216.44299999999998,34.241,0.0,-12200.0,35928.28384840047
04-06-2040 16:00:00,19274.35871353661,26125.49427327147,6763.98610029355,422.901,4113.569,0.0,517.7395500000001,0.0,0.0,0.0,214.8265,34.4015,0.0,-12200.0,35587.276608881475
04-06-2040 17:00:00,19902.93239756992,20687.244988838494,5182.123328450718,423.94300000000004,4167.09,0.0,519.315,0.0,0.0,0.0,215.6315,35.0565,0.0,-12200.0,35543.63688973733
04-06-2040 18:00:00,19703.63500616907,14758.671233284867,4339.047872948198,427.684,4738.101,0.0,515.9208000000001,0.0,0.0,0.0,216.6995,34.9555,0.0,-10920.852842574513,35062.99698219688
04-06-2040 19:00:00,17630.87918914698,7846.020843029325,3522.783353567036,429.385,5289.933000000001,0.0,516.0846000000001,0.0,0.0,0.0,215.9195,29.2345,0.0,-1701.1724431648545,34947.385614819315
04-06-2040 20:00:00,15457.420948638752,2647.612396539416,2977.583800722292,430.82099999999997,5550.6669999999995,6384.579123465319,520.3821000000002,0.0,0.0,0.0,205.48,18.455,0.0,0.0,35321.48514865152
04-06-2040 21:00:00,13003.929723516685,142.47630918817003,2494.9575155003586,434.36400000000003,5195.733,8000.0,522.9700500000001,0.0,0.0,0.0,201.666,18.557000000000002,0.0,0.0,36104.57545774366
04-06-2040 22:00:00,16187.876136010602,4.7807823289815055,1979.1592737388855,429.5,4761.27,8000.0,522.12525,0.0,0.0,0.0,185.519,18.81,0.0,0.0,34801.13374395376
04-06-2040 23:00:00,15702.375551239667,2.383294498138087,1707.076792607957,431.145,4509.134,2859.814777650543,517.5285000000001,0.0,0.0,0.0,183.8955,18.8415,0.0,0.0,31734.941100610817
05-06-2040 00:00:00,15591.921486571038,1.243868705504238,4623.538603653211,427.525,4067.349,360.5491259358223,503.8453500000001,0.0,0.0,0.0,191.8065,18.6875,0.0,0.0,29721.585975889975
05-06-2040 01:00:00,14597.597562126775,3.742422366125794,7854.79885641727,423.905,3926.949,0.0,500.8567500000001,0.0,0.0,0.0,196.6155,18.6915,0.0,0.0,28134.63228001532
05-06-2040 02:00:00,14037.956046763766,1.1465224589865148,7502.058888276284,412.72900000000004,3801.308,0.0,501.6975000000001,0.0,0.0,0.0,198.6645,19.2825,0.0,0.0,27060.51652030722
05-06-2040 03:00:00,13349.418182548981,3.5909948715426694,7829.8987921884345,414.851,3697.9190000000003,0.0,501.7479000000001,0.0,0.0,0.0,202.0565,20.2945,0.0,0.0,26593.021648784637
05-06-2040 04:00:00,12820.706066824932,0.8544837194333461,8289.887632153841,412.904,3605.077,0.0,499.3962000000001,0.0,0.0,0.0,203.3985,19.6685,0.0,0.0,26417.60124170404
05-06-2040 05:00:00,12084.847806888918,4.856496076273068,9366.294117850603,414.555,3661.405,0.0,493.29300000000006,0.0,0.0,0.0,202.395,19.459,0.0,0.0,26780.213702150566
05-06-2040 06:00:00,10652.523050843674,58.01836292456289,12181.588778350297,410.34,4082.8920000000003,0.0,493.26645,0.0,0.0,0.0,201.408,19.863,0.0,0.0,28669.867405348985
05-06-2040 07:00:00,9882.74184927538,1146.4575614888365,14552.807849680956,408.74,4432.129,0.0,500.93355000000014,0.0,0.0,0.0,199.58599999999998,19.944000000000003,0.0,0.0,31782.549216739404
05-06-2040 08:00:00,8756.439078603793,5468.100910644695,13626.471735211891,406.70599999999996,5133.584,0.0,503.91435000000007,0.0,0.0,0.0,201.38400000000001,19.453,0.0,0.0,34841.55053551326
05-06-2040 09:00:00,7618.610784495406,11337.776720674223,9611.00591087186,416.45300000000003,5859.981,0.0,501.7381500000001,0.0,0.0,0.0,201.328,19.922,0.0,0.0,36409.75366723376
05-06-2040 10:00:00,7751.87754995241,17474.019002418114,3809.0254286128647,422.319,6129.085,0.0,495.61335000000014,0.0,0.0,0.0,207.5125,27.6125,0.0,0.0,37320.3664865082
05-06-2040 11:00:00,8562.450497994349,20290.464350516082,0.0,427.405,6798.644,0.0,492.96150000000006,0.0,0.0,0.0,190.753,22.74,0.0,0.0,37968.42751271972
05-06-2040 12:00:00,8663.3156182223,21175.984335588128,0.0,409.945,6103.384,0.0,491.95500000000004,0.0,0.0,0.0,187.477,19.494,0.0,0.0,38190.0045281455
05-06-2040 13:00:00,9124.747665918108,21597.029254475474,0.0,423.064,5119.351,0.0,497.10570000000007,0.0,0.0,0.0,198.86700000000002,20.058,0.0,0.0,38121.51136512029
05-06-2040 14:00:00,8919.491266077153,20982.830730304875,0.0,434.20300000000003,4850.05,0.0,507.67800000000005,0.0,0.0,0.0,193.69299999999998,19.730999999999998,0.0,0.0,36946.668330661225
05-06-2040 15:00:00,9385.972669765968,19805.32607035059,0.0,433.051,5010.696,0.0,507.7477500000001,0.0,0.0,0.0,195.043,19.598,0.0,0.0,36290.07197741489
05-06-2040 16:00:00,10845.71216164534,18373.17390268455,0.0,432.574,4615.771,0.0,513.3684000000001,0.0,0.0,0.0,207.2585,29.9275,0.0,0.0,35931.96358058736
05-06-2040 17:00:00,12101.203994343356,15318.913715760702,0.0,433.37300000000005,4911.504,1467.230265742388,517.7862,0.0,0.0,0.0,197.8585,21.9625,0.0,0.0,35825.52996821537
05-06-2040 18:00:00,12849.102171882985,10862.132143939016,0.0,437.48699999999997,5023.73,4555.243443756013,521.82405,0.0,0.0,0.0,206.4435,37.2715,0.0,0.0,35333.17346901592
05-06-2040 19:00:00,13192.585976051563,5844.409050933373,3261.3478780650494,432.996,5172.964,5677.697258412454,518.0452500000001,0.0,0.0,0.0,196.583,37.06,0.0,0.0,35172.4247478617
05-06-2040 20:00:00,13149.125470394065,1948.9583852817182,13259.167779960673,436.974,5258.9259999999995,0.0,516.9486,0.0,0.0,0.0,194.0045,36.4375,0.0,0.0,35652.251483691594
05-06-2040 21:00:00,11978.221244597242,122.90504435343178,15068.507412979638,437.347,5683.771,0.0,514.9623000000001,1390.887525317452,0.0,0.0,187.46400000000003,30.089000000000002,0.0,0.0,36231.28888811338
05-06-2040 22:00:00,12004.029908319988,4.586089835946059,15068.507412979638,437.63800000000003,5147.272,0.0,514.3480500000001,874.4089094883111,0.0,0.0,187.2935,30.0875,0.0,0.0,34999.286131848065
05-06-2040 23:00:00,11923.641316160953,2.0767199257114233,13843.245022154282,430.5,4423.96,0.0,510.9493500000001,0.0,0.0,0.0,193.02,30.375999999999998,0.0,0.0,31988.740324059414
06-06-2040 00:00:00,11946.042601981746,0.9410137163379886,12301.314718189496,430.485,3972.137,0.0,495.04140000000007,0.0,0.0,0.0,207.71599999999998,30.198,0.0,0.0,29942.97513600294
06-06-2040 01:00:00,11804.796925501207,2.6391649055916,10912.695911962976,432.64,3934.7940000000003,0.0,492.1792500000001,0.0,0.0,0.0,216.324,30.025,0.0,0.0,28339.06535919994
06-06-2040 02:00:00,10430.370520411978,0.9626462155641495,11357.209018043306,426.191,3814.978,0.0,491.7442500000001,0.0,0.0,0.0,214.761,30.128,0.0,0.0,27253.280250654076
06-06-2040 03:00:00,9211.809415491576,1.3628474512481215,12169.071589321387,428.51099999999997,3758.6279999999997,0.0,492.7492500000001,0.0,0.0,0.0,215.3875,30.4585,0.0,0.0,26784.60133267467
06-06-2040 04:00:00,8990.697276269444,1.0383599628557116,2194.1256684112977,430.61699999999996,3879.1040000000003,0.0,491.47665000000006,9990.160513467657,0.0,0.0,214.8485,30.0445,0.0,0.0,26698.876443598732
06-06-2040 05:00:00,8540.250426406845,5.473022304218647,89.53544909052985,429.564,3792.953,0.0,492.6391500000001,12935.139660507462,0.0,0.0,216.14700000000002,29.996,0.0,0.0,27025.466066852066
06-06-2040 06:00:00,7097.5720373950535,50.739026934959824,87.52801520800385,427.36800000000005,4136.5509999999995,0.0,491.75700000000006,15647.532887058032,0.0,0.0,212.7525,29.6215,0.0,0.0,28732.647906910966
06-06-2040 07:00:00,6425.924092928091,816.9945982744094,86.70944993551748,413.51800000000003,4505.302,0.0,503.4577500000001,18228.522728243533,0.0,0.0,213.6865,32.6055,0.0,0.0,31872.121605816257
06-06-2040 08:00:00,5392.355374418986,4080.635675277203,91.50390367436607,417.87699999999995,5784.974,0.0,514.8403500000001,17718.79444466881,0.0,0.0,216.3035,38.1275,0.0,0.0,34978.24336088682
06-06-2040 09:00:00,4802.63920461149,9694.052899473632,114.80377946620943,416.50699999999995,6388.076,0.0,514.2402000000001,13537.491014169977,0.0,0.0,219.985,37.516999999999996,0.0,0.0,36500.8121592308
06-06-2040 10:00:00,5073.929914662167,16060.497421732714,134.92684241483198,425.305,6227.762,0.0,507.9844500000001,7808.135205222723,0.0,0.0,218.4205,37.1915,0.0,0.0,37294.89516604387
06-06-2040 11:00:00,4949.941582334319,19793.83413818352,619.8000836422476,424.13699999999994,6070.174,0.0,508.1283000000001,4225.601368617848,0.0,0.0,217.648,36.779,0.0,0.0,37698.98793951393
06-06-2040 12:00:00,6384.041578398855,20877.66561441262,1286.326601588924,416.18300000000005,6322.485,0.0,500.0608500000001,1277.5529273032216,0.0,0.0,209.8495,36.7055,0.0,0.0,38241.300932247505
06-06-2040 13:00:00,7855.924406159404,21193.37030811921,754.8536087778216,419.089,5958.155,0.0,507.9990000000001,280.7491130225585,0.0,0.0,202.9205,35.6955,0.0,0.0,38091.42401183066
06-06-2040 14:00:00,8666.396893978459,21205.465105288527,0.0,423.918,5012.766,0.0,513.0219000000001,0.0,0.0,0.0,201.84400000000002,34.973,0.0,0.0,36953.73206241382
06-06-2040 15:00:00,8806.692331077264,20148.706329947312,0.0,423.44599999999997,4706.759,0.0,517.5907500000001,0.0,0.0,0.0,204.3535,36.4595,0.0,0.0,35881.45319287344
06-06-2040 16:00:00,9982.265249674572,18760.6038441233,0.0,426.352,4313.477,0.0,519.0019500000001,0.0,0.0,0.0,213.7695,40.2185,0.0,0.0,35465.96039184574
06-06-2040 17:00:00,12532.048713981156,16235.241443013554,0.0,425.968,3959.813,0.0,520.57695,0.0,0.0,0.0,222.791,41.821999999999996,0.0,0.0,35326.16999975968
06-06-2040 18:00:00,12062.349830435269,13003.468344838982,0.0,429.42400000000004,4293.733,2932.760839609955,526.0608000000001,0.0,0.0,0.0,225.144,40.519,0.0,0.0,34990.84380249286
06-06-2040 19:00:00,11633.646770090016,8136.026223957475,3425.834358265238,426.93699999999995,4394.566,4421.243136127612,527.8209,0.0,0.0,0.0,221.46200000000002,34.473,0.0,0.0,34715.686359953776
06-06-2040 20:00:00,11120.436096625936,3808.7908737516545,12997.163653371155,424.631,4487.035,0.0,522.98175,0.0,0.0,0.0,220.22400000000002,35.521,0.0,0.0,35202.218600474465
06-06-2040 21:00:00,9863.187135685961,375.8322253057022,15068.507412979638,427.18699999999995,5107.371,0.0,520.6863000000001,3015.169818299033,0.0,0.0,224.299,40.479,0.0,0.0,35846.55302366853
06-06-2040 22:00:00,9174.486831207973,3.6991573676734726,7741.650072393573,426.524,5134.623,0.0,519.14115,10701.404037811606,0.0,0.0,228.0175,42.1695,0.0,0.0,34838.538898656734
06-06-2040 23:00:00,8031.456581051768,1.276317454343479,960.8884368275681,425.869,4496.113,0.0,515.7658500000001,16315.18109497866,0.0,0.0,232.4825,45.5075,0.0,0.0,31747.476443841133
07-06-2040 00:00:00,8048.4199856805635,1.092441210921113,746.5802526309059,429.44199999999995,4548.298,0.0,500.0749500000001,14490.191212106653,0.0,0.0,231.722,47.11600000000001,0.0,0.0,29670.947623368906
07-06-2040 01:00:00,7937.651196677209,7.095459746180695,507.6468964869462,425.82,4421.474,0.0,495.6088500000001,13334.97972247734,0.0,0.0,233.99400000000003,47.585,0.0,0.0,27969.013828365893
07-06-2040 02:00:00,8324.38278711099,1.114073710147274,207.7791516661164,419.46,4036.947,0.0,496.60995,12593.827069028459,0.0,0.0,233.0465,46.7365,0.0,0.0,26862.063935903116
07-06-2040 03:00:00,8605.55141221455,6.003018535259583,86.97256020167382,424.08,3997.406,0.0,495.7111500000001,11990.692228800519,0.0,0.0,228.4505,45.4465,0.0,0.0,26356.460847219718
07-06-2040 04:00:00,9393.262924740231,1.514274945831246,85.21849176063165,421.695,3830.2690000000002,0.0,493.41825000000006,11326.469300824892,0.0,0.0,228.1015,45.9825,0.0,0.0,26300.163399898876
07-06-2040 05:00:00,10117.68074899636,7.776883471804759,89.72060075930655,420.217,3895.35,0.0,495.7072500000001,10935.719725432147,0.0,0.0,229.7795,46.1685,0.0,0.0,26729.976355623978
07-06-2040 06:00:00,10761.141440172243,77.97434346069609,93.82317194641071,419.256,3918.41,0.0,495.4869,11982.38550764751,0.0,0.0,230.49099999999999,45.912,0.0,0.0,28574.735242994182
07-06-2040 07:00:00,11262.25804927831,2419.930342184075,89.5062146165125,417.83,4389.562,0.0,504.3378000000001,11573.591188266226,0.0,0.0,230.387,45.971000000000004,0.0,0.0,31577.098370949116
07-06-2040 08:00:00,9450.994967807728,8751.276134448712,297.56796619813014,422.105,5208.045,0.0,513.05055,8692.287473987948,0.0,0.0,235.0475,46.2235,0.0,0.0,34361.08806754554
07-06-2040 09:00:00,8585.838125987244,15903.445477350786,3711.074656970206,424.79,5394.688,0.0,513.3805500000001,0.0,0.0,0.0,228.2215,46.1475,0.0,0.0,36007.41743393619
07-06-2040 10:00:00,7658.398703247896,21299.907284272536,0.0,416.661,4925.148,0.0,511.55025000000006,0.0,0.0,0.0,226.7725,47.1265,0.0,0.0,36781.93075303305
07-06-2040 11:00:00,7092.72610456542,22342.659850706437,0.0,426.731,4638.569,0.0,513.0222,0.0,0.0,0.0,218.4365,36.8445,0.0,0.0,37141.37162061406
07-06-2040 12:00:00,7062.26410160018,22793.44888780125,0.0,423.645,4735.652,0.0,510.7213500000001,0.0,0.0,0.0,213.18200000000002,29.307,0.0,0.0,37572.67439916654
07-06-2040 13:00:00,7076.647091309838,22951.67745386889,0.0,425.67400000000004,4740.491,0.0,506.6283000000001,0.0,0.0,0.0,213.9135,28.9865,0.0,0.0,37726.20389644785
07-06-2040 14:00:00,7125.742154366215,22247.539309107982,0.0,425.15,4581.432,0.0,507.5887500000001,0.0,0.0,0.0,212.967,29.195999999999998,0.0,0.0,36833.13378746474
07-06-2040 15:00:00,7871.38368177952,20981.938939799642,0.0,420.56300000000005,4429.291,0.0,503.5623000000001,0.0,0.0,0.0,224.2155,33.6685,0.0,0.0,36072.04263747095
07-06-2040 16:00:00,8336.000050875617,19552.851899594614,0.0,426.156,5044.786,0.0,505.97970000000004,0.0,0.0,0.0,229.56,39.501,0.0,0.0,35778.338109700715
07-06-2040 17:00:00,10405.922994312996,18573.146360484112,0.0,428.089,5174.505999999999,0.0,506.5008000000001,0.0,0.0,0.0,229.085,40.972,0.0,-1274.4264914918112,35708.14532108292
07-06-2040 18:00:00,10299.219346001928,13123.398920548814,0.0,430.602,4655.332,4572.747252000225,511.8603000000001,0.0,0.0,0.0,229.06099999999998,42.156000000000006,0.0,0.0,35325.49669655928
07-06-2040 19:00:00,9532.24990803718,7205.277128502301,0.0,427.59,5019.664000000001,8000.0,511.30095000000006,0.0,0.0,0.0,226.7835,40.9045,0.0,0.0,35134.252176306574
07-06-2040 20:00:00,7613.87294348531,2347.580448522181,4162.019917820355,435.28,6038.08,8000.0,510.09810000000016,0.0,0.0,0.0,229.1085,42.2795,0.0,0.0,35520.28554437739
07-06-2040 21:00:00,6457.627017629925,78.9586221754864,12082.602427742342,436.30699999999996,7014.298000000001,3157.2527479997734,515.2251000000001,0.0,0.0,0.0,238.375,49.571999999999996,0.0,0.0,36126.10404858321
07-06-2040 22:00:00,6249.486893712167,6.695258510496723,15068.507412979638,434.19599999999997,6080.257,0.0,516.9238500000001,3066.613698367495,0.0,0.0,234.063,48.537,0.0,0.0,34894.48407076718
07-06-2040 23:00:00,5511.397013969763,2.001006178419861,15068.507412979638,433.80699999999996,4814.572,0.0,515.4985500000001,4401.93632906214,0.0,0.0,236.50400000000002,49.358999999999995,0.0,0.0,31944.73493803902
08-06-2040 00:00:00,4587.8506327783425,1.4277449489266034,15068.507412979638,427.08,4623.366,0.0,500.9304,3627.850559160517,0.0,0.0,237.1915,50.2445,0.0,0.0,29958.26097860547
08-06-2040 01:00:00,3993.2264464469195,7.084643496567615,15068.507412979638,430.333,4513.0109999999995,0.0,497.4103500000001,2931.996827184168,0.0,0.0,232.5645,52.6725,0.0,0.0,28451.370473071947
08-06-2040 02:00:00,3802.800046468944,1.1681549582126758,15068.507412979638,432.584,4095.738,0.0,498.76650000000006,2472.792799309118,0.0,0.0,230.9655,51.6495,0.0,0.0,27291.72883932228
08-06-2040 03:00:00,3513.4978053292784,6.4248522701697155,4890.52649229732,431.838,3987.4,0.0,499.2610500000001,12620.219548331877,0.0,0.0,236.3405,52.7685,0.0,0.0,26782.463874006462
08-06-2040 04:00:00,3698.668102505035,1.2655012047303984,345.19092437242483,427.095,3978.514,0.0,498.04050000000007,16887.724833314413,0.0,0.0,234.31400000000002,53.321999999999996,0.0,0.0,26632.51739132529
08-06-2040 05:00:00,4185.381674940416,9.626462155641493,349.4104334555985,425.939,4035.3920000000003,0.0,501.1375500000001,16698.22764502731,0.0,0.0,234.547,52.227,0.0,0.0,27015.860150529537
08-06-2040 06:00:00,4728.090726677144,105.16639498798003,266.8620236552199,426.418,4308.732,0.0,505.0113000000001,17649.794903944934,0.0,0.0,236.8455,51.5785,0.0,0.0,28850.01618645179
08-06-2040 07:00:00,4896.653440753025,1364.2102986993698,88.0737253896614,425.18699999999995,4917.411,0.0,511.34370000000007,18704.662863599686,0.0,0.0,235.602,50.31399999999999,0.0,0.0,31839.790776503665
08-06-2040 08:00:00,5267.191283995571,4926.1959887797575,259.50468102751523,427.36,5738.615,0.0,515.3851500000001,16591.669225814185,0.0,0.0,233.0345,49.1845,0.0,0.0,34752.23630799503
08-06-2040 09:00:00,6023.37004733325,10126.010644021608,1779.3854955412028,438.14300000000003,6177.2480000000005,0.0,513.2701500000001,9944.990398248527,0.0,0.0,231.4155,52.8235,0.0,0.0,36241.87165206254
08-06-2040 10:00:00,7418.98330389456,15491.216572097072,2041.9208170418522,439.25199999999995,6310.188,0.0,516.0504000000001,3552.535140664554,0.0,0.0,237.2135,57.8825,0.0,0.0,37073.689397355076
08-06-2040 11:00:00,10241.527811203718,19513.158714327357,0.0,435.526,5708.45,0.0,515.6088000000001,0.0,0.0,0.0,239.9225,62.7275,0.0,0.0,37717.41115183588
08-06-2040 12:00:00,11714.958527643867,19184.72671764845,0.0,438.68800000000005,5099.456,0.0,507.6204000000001,0.0,0.0,0.0,242.388,66.04899999999999,0.0,0.0,38258.58734093386
08-06-2040 13:00:00,12231.476922390897,19175.149796472982,0.0,441.851,4688.729,0.0,509.2284,0.0,0.0,0.0,227.8655,48.2155,0.0,0.0,38290.84674802852
08-06-2040 14:00:00,12763.385234457062,17816.604040513907,0.0,435.712,4428.414000000001,0.0,510.7633500000001,0.0,0.0,0.0,222.4805,41.1725,0.0,0.0,37179.24362366866
08-06-2040 15:00:00,13497.84671664364,16019.340607758324,0.0,441.48199999999997,4393.0070000000005,0.0,507.60360000000014,0.0,0.0,0.0,223.8415,41.6305,0.0,0.0,36052.83787264957
08-06-2040 16:00:00,14219.117740354603,14914.760050135383,0.0,437.75699999999995,4520.088,0.0,509.8209,0.0,0.0,0.0,213.097,44.032,0.0,0.0,35719.63685835726
08-06-2040 17:00:00,15575.45649064388,13347.545969126895,0.0,436.44,4436.205,0.0,512.20875,0.0,0.0,0.0,223.7775,50.8045,0.0,0.0,35489.534187655314
08-06-2040 18:00:00,17299.961607183646,11450.152736969783,0.0,444.63599999999997,4212.157999999999,0.0,510.2787,0.0,0.0,0.0,234.196,50.271,0.0,-560.6235250298505,34897.368114807316
08-06-2040 19:00:00,16781.12731535543,7091.7714050626355,0.0,444.369,4419.541,3790.90018501327,512.1235500000001,0.0,0.0,0.0,236.6755,52.0075,0.0,0.0,34738.19961022505
08-06-2040 20:00:00,14670.02658138885,2467.846327970021,0.0,449.462,4942.554,8000.0,517.2580500000001,0.0,0.0,0.0,238.6675,53.8325,0.0,0.0,34738.109588471205
08-06-2040 21:00:00,13104.55108864603,178.6411786096347,1385.8170455444724,452.538,5178.534000000001,8000.0,519.0141000000001,0.0,0.0,0.0,243.6805,57.9385,0.0,0.0,35078.88284582827
08-06-2040 22:00:00,12840.809983208988,5.418941056153245,5145.20007140987,445.338,5271.441999999999,3939.09981498673,518.5779,0.0,0.0,0.0,249.97,63.176,0.0,0.0,34260.249939560454
08-06-2040 23:00:00,13127.950221797928,1.6332536915751297,9342.737802694202,446.52,4737.023,0.0,515.3329500000001,0.0,0.0,0.0,250.929,64.319,0.0,0.0,31866.984042003765
09-06-2040 00:00:00,12645.607065967777,1.2871337039565593,9429.565776387399,445.306,4954.667,0.0,495.4743000000001,1327.1665806272104,0.0,0.0,245.797,64.023,0.0,0.0,30193.414167291783
09-06-2040 01:00:00,11774.513419289744,4.759149829755345,88.99948373354475,436.77,4862.002,0.0,492.6804,9954.540644010936,0.0,0.0,244.638,64.40100000000001,0.0,0.0,28458.284664555773
09-06-2040 02:00:00,10780.920476029896,1.1573387085995952,84.244009293386,433.223,4818.208,0.0,493.50165000000004,9608.732451824115,0.0,0.0,245.105,65.146,0.0,0.0,27035.087234794024
09-06-2040 03:00:00,10010.330940770902,4.423846091749854,85.92011913704852,438.324,4495.61,0.0,492.2223000000001,9930.44324339339,0.0,0.0,250.199,65.244,0.0,0.0,26263.151067394607
09-06-2040 04:00:00,9660.887125992891,1.2871337039565593,87.58648415603857,433.475,4339.794,0.0,493.1638500000001,10125.84241717415,0.0,0.0,249.608,65.575,0.0,0.0,25942.788196777405
09-06-2040 05:00:00,9100.588114326441,7.90667846716172,88.89229066214773,430.914,4329.097,0.0,491.18625000000003,10421.898227954796,0.0,0.0,250.331,65.461,0.0,0.0,25678.27750059106
09-06-2040 06:00:00,8828.113910929567,65.00566017461279,84.29273341674829,432.67400000000004,4236.122,0.0,484.54230000000007,10773.422794875245,0.0,0.0,250.31099999999998,65.491,0.0,0.0,25734.17319793599
09-06-2040 07:00:00,9139.585380371162,1201.4257420225106,95.79162653024689,410.45300000000003,4209.615,0.0,486.55320000000006,9699.20339165627,0.0,0.0,248.7365,65.3915,0.0,0.0,26110.739030231525
09-06-2040 08:00:00,9266.51697556324,5361.744728199276,113.74159357691168,418.356,4662.202,0.0,486.9621000000001,7299.613768354568,0.0,0.0,238.01,65.491,0.0,0.0,28552.79485842933
09-06-2040 09:00:00,8946.030071513866,10527.217790919596,1367.6374186559003,427.542,5086.799,0.0,486.249,3109.1572538318505,0.0,0.0,241.668,64.822,0.0,0.0,31111.045335451225
09-06-2040 10:00:00,9825.631550783999,15474.241124221857,0.0,430.879,5363.874,0.0,485.3904,0.0,0.0,0.0,243.1465,64.8805,0.0,0.0,32901.025985594744
09-06-2040 11:00:00,9951.239489283751,16450.291135571602,0.0,429.417,4875.62,0.0,487.4140500000001,0.0,0.0,0.0,242.4295,64.1955,0.0,0.0,33592.21896361973
09-06-2040 12:00:00,11002.781277272592,15839.772254413434,0.0,431.731,4743.293,0.0,486.1926000000001,0.0,0.0,0.0,245.5675,63.9165,0.0,0.0,33840.73033900556
09-06-2040 13:00:00,11643.777178666951,15165.699920338442,0.0,433.865,4844.8279999999995,0.0,484.78650000000005,0.0,0.0,0.0,240.08,64.919,0.0,0.0,33916.18196041007
09-06-2040 14:00:00,11657.543704280011,14391.263886182052,0.0,432.536,4781.313,0.0,481.16790000000003,0.0,0.0,0.0,225.13299999999998,64.475,0.0,0.0,33126.14174872515
09-06-2040 15:00:00,15609.309093969056,17678.68643601222,0.0,428.505,4622.92,0.0,479.7741000000001,0.0,0.0,0.0,233.465,65.048,0.0,-8745.809703250528,31407.57401675595
09-06-2040 16:00:00,18457.973662261968,18746.25035265568,0.0,430.344,4492.786,0.0,478.5352500000001,0.0,0.0,0.0,239.437,65.067,0.0,-12200.0,30448.461047610042
09-06-2040 17:00:00,19799.754576362182,16054.76594396212,0.0,429.847,4259.06,0.0,478.7620500000001,0.0,0.0,0.0,238.209,64.745,0.0,-12200.0,29990.537869263877
09-06-2040 18:00:00,20837.713900026778,11489.883598769584,0.0,428.58099999999996,4211.645,0.0,481.31520000000006,0.0,0.0,0.0,240.886,65.62,0.0,-9322.779616075532,29867.092377355737
09-06-2040 19:00:00,19427.38043970291,6958.230074600888,0.0,427.774,4286.693,0.0,483.59220000000005,0.0,0.0,0.0,238.938,65.583,0.0,-3455.7974498485964,29965.455651090993
09-06-2040 20:00:00,17072.614764797705,2898.322246321005,0.0,428.56300000000005,4693.878,3506.676131918928,482.95920000000007,0.0,0.0,0.0,236.89,65.369,0.0,0.0,30775.420801628225
09-06-2040 21:00:00,15145.036719622969,310.89146262876795,0.0,428.01800000000003,5272.2390000000005,8000.0,485.5128000000001,0.0,0.0,0.0,237.1925,65.5885,0.0,0.0,31915.104017360918
09-06-2040 22:00:00,13597.932447123374,6.673626011270564,0.0,429.976,5592.621,8000.0,484.43910000000005,0.0,0.0,0.0,233.2415,65.1335,0.0,0.0,31846.064027979606
09-06-2040 23:00:00,11625.176670651561,2.2065149210683868,1496.4557884692895,435.599,5410.659000000001,4223.323868081072,481.6567500000001,0.0,0.0,0.0,235.257,65.569,0.0,0.0,29738.06925661518
10-06-2040 00:00:00,9712.27239591952,3.2989561319895007,6088.050310582474,434.48199999999997,5289.77,0.0,474.04575000000006,0.0,0.0,0.0,233.87400000000002,65.622,0.0,0.0,27977.126201953826
10-06-2040 01:00:00,9175.329973526506,2.5201861598477167,8591.452966608416,434.421,4988.907999999999,0.0,474.00615000000005,0.0,0.0,0.0,235.8265,66.0105,0.0,0.0,26222.19005341398
10-06-2040 02:00:00,9070.552136135098,4.30486734600597,9228.780123001365,434.642,4795.925,0.0,474.5227500000001,0.0,0.0,0.0,234.003,65.238,0.0,0.0,24887.79871184908
10-06-2040 03:00:00,8598.856552795389,2.7148786528831628,9354.425000247435,430.353,4575.869000000001,0.0,473.77695000000006,0.0,0.0,0.0,232.653,65.429,0.0,0.0,24286.195978455453
10-06-2040 04:00:00,7569.023960339957,5.494654803444807,9862.618665623078,433.60699999999997,4492.731,0.0,473.55120000000005,0.0,0.0,0.0,220.9605,66.3985,0.0,0.0,23633.03235555899
10-06-2040 05:00:00,6718.954724870803,6.057099783324984,8972.723971481602,429.115,4443.22,0.0,478.1709,1711.4622603923854,0.0,0.0,228.468,66.059,0.0,0.0,23537.238049725358
10-06-2040 06:00:00,5697.75467211703,61.13344281313002,92.52711026497398,427.25199999999995,4508.198,0.0,476.8944,11415.135235234759,0.0,0.0,233.024,66.021,0.0,0.0,23467.409812011647
10-06-2040 07:00:00,5423.632860336239,1062.65325948669,88.23938740909314,422.82199999999995,4444.919,0.0,477.59220000000005,10543.268397314188,0.0,0.0,235.16299999999998,65.342,0.0,0.0,23270.204512486493
10-06-2040 08:00:00,4423.673805808948,5159.091475448604,150.19698267657125,426.707,4533.673,0.0,478.9810500000001,8582.627616649857,0.0,0.0,233.821,65.906,0.0,0.0,24632.65883385121
10-06-2040 09:00:00,3647.019834057032,10850.569573102634,2302.0296771990597,426.52,4573.274,0.0,476.7370500000001,3279.047308904068,0.0,0.0,234.138,65.947,0.0,0.0,26727.79946593962
10-06-2040 10:00:00,4101.152034607374,17109.887099952113,0.0,426.00199999999995,5051.473,0.0,475.4922,0.0,0.0,0.0,236.981,65.722,0.0,0.0,28748.934032555382
10-06-2040 11:00:00,4182.854121846904,17752.84368351938,0.0,422.551,5227.183,0.0,475.3047,0.0,0.0,0.0,237.80200000000002,66.095,0.0,0.0,29783.456960145326
10-06-2040 12:00:00,4186.3652450104,18175.02665818087,0.0,426.63800000000003,5270.651,0.0,475.2709500000001,0.0,0.0,0.0,233.372,65.60600000000001,0.0,0.0,30215.88352265827
10-06-2040 13:00:00,4764.742742066897,17852.152698742713,0.0,428.267,5341.018,0.0,474.1071000000001,0.0,0.0,0.0,233.2735,65.9155,0.0,0.0,30607.810711672188
10-06-2040 14:00:00,5539.291511104429,17092.199286693147,0.0,428.89599999999996,5431.689,0.0,473.11695000000003,0.0,0.0,0.0,234.794,65.352,0.0,0.0,30541.601571658262
10-06-2040 15:00:00,6516.382175791832,15593.224462792503,0.0,416.055,4624.039000000001,0.0,472.8025500000001,0.0,0.0,0.0,235.5675,65.4415,0.0,0.0,29090.01120632945
10-06-2040 16:00:00,9792.86374324571,18548.97960669001,0.0,401.031,4734.782999999999,0.0,474.2878500000001,0.0,0.0,0.0,232.3185,65.3255,0.0,-7250.534825162356,28142.823143644873
10-06-2040 17:00:00,12793.62874390949,17828.157519096254,0.0,401.039,4740.017,0.0,473.9760000000001,0.0,0.0,0.0,233.0505,65.5325,0.0,-9883.979045374275,27827.761512756282
10-06-2040 18:00:00,12962.24807045745,13994.34156148603,0.0,399.04,4611.66,0.0,471.95415,0.0,0.0,0.0,233.612,66.616,0.0,-5970.014816047209,28060.04330508689
10-06-2040 19:00:00,12730.253913597926,8289.790028457026,0.0,411.73800000000006,4796.374,277.3034234180341,474.8166000000001,0.0,0.0,0.0,232.0105,66.9015,0.0,0.0,28617.56104644639
10-06-2040 20:00:00,11640.60849565587,3073.38324630871,0.0,413.58,4954.875,7348.284759929102,474.43365,0.0,0.0,0.0,235.98,67.779,0.0,0.0,29495.630629708037
10-06-2040 21:00:00,10857.777926276918,221.094958340975,0.0,414.01199999999994,6014.576,8000.0,481.8835500000001,0.0,0.0,0.0,237.623,68.3,0.0,0.0,31169.191948633477
10-06-2040 22:00:00,9957.76217749808,2.044271176872182,411.38422934698247,412.38699999999994,6684.759,8000.0,485.2089,0.0,0.0,0.0,238.3935,69.0085,0.0,0.0,32073.491713425152
10-06-2040 23:00:00,9820.26422994716,6.013834784872664,7271.499918811272,409.94300000000004,5843.111,104.41181665286058,484.8591000000001,0.0,0.0,0.0,235.954,69.32600000000001,0.0,0.0,29966.531448248756
11-06-2040 00:00:00,9188.116342815789,4.575273586332979,10451.556121251178,410.95599999999996,5109.169,0.0,478.2766500000001,0.0,0.0,0.0,229.2685,69.3945,0.0,0.0,27708.32533681161
11-06-2040 01:00:00,8439.901020000383,3.461199876185705,10801.99490737608,409.962,5018.925,0.0,476.86980000000005,0.0,0.0,0.0,224.726,68.74600000000001,0.0,0.0,26052.72075384714
11-06-2040 02:00:00,8418.505316761328,3.883033611095838,9763.084539049813,408.785,4982.517,0.0,476.9802000000001,0.0,0.0,0.0,224.93599999999998,69.229,0.0,0.0,24913.531541788532
11-06-2040 03:00:00,9448.086513571325,3.2124261350848577,8611.162698434113,405.629,4821.651,0.0,477.8160000000001,0.0,0.0,0.0,222.4835,69.4245,0.0,0.0,24616.303517933145
11-06-2040 04:00:00,9579.40399586989,5.473022304218647,8629.389171108933,405.93800000000005,4714.2609999999995,0.0,477.93315,0.0,0.0,0.0,220.8685,70.0565,0.0,0.0,24638.46486498475
11-06-2040 05:00:00,9042.573734610996,6.695258510496723,9709.962848609492,404.534,4785.452,0.0,480.56925000000007,0.0,0.0,0.0,224.6785,68.9525,0.0,0.0,25257.290768642608
11-06-2040 06:00:00,8970.311023237438,84.77776446732362,2288.939735436263,402.412,5131.746,0.0,488.53560000000016,9562.417633229023,0.0,0.0,226.5595,69.7575,0.0,0.0,27788.802180831663
11-06-2040 07:00:00,8694.553205948672,1624.1896743993684,200.10022982422075,406.028,5920.124,0.0,502.7356500000001,12966.59623959826,0.0,0.0,231.0365,69.2155,0.0,0.0,31268.75526442646
11-06-2040 08:00:00,7491.153192260574,6153.699708619405,263.7144452860164,413.517,7727.193,0.0,517.6677000000001,10662.127687322374,0.0,0.0,233.637,68.468,0.0,0.0,34278.00022067269
11-06-2040 09:00:00,7512.29363222888,12518.673220931107,897.4398833852042,409.92800000000005,8285.256,0.0,521.9068500000001,4848.75532586318,0.0,0.0,236.28900000000002,68.91,0.0,0.0,36167.283049124846
11-06-2040 10:00:00,7736.1440501735815,18756.177231552658,422.7855739470833,419.905,7986.91,0.0,518.00265,0.0,0.0,0.0,234.197,69.069,0.0,0.0,37051.67387066508
11-06-2040 11:00:00,7115.145930142067,19712.744153723434,0.0,418.105,8803.777,0.0,513.0820500000001,0.0,0.0,0.0,228.6375,68.8675,0.0,0.0,37847.72582435088
11-06-2040 12:00:00,6987.064198696717,20957.976096766004,0.0,415.726,8056.274,0.0,514.0420500000001,0.0,0.0,0.0,226.571,67.696,0.0,0.0,38300.167719460675
11-06-2040 13:00:00,7421.312624324823,20971.567575790094,0.0,414.75300000000004,7524.174,0.0,516.339,0.0,0.0,0.0,232.73,69.083,0.0,0.0,38280.10588802399
11-06-2040 14:00:00,8305.099516817685,19960.325868961478,0.0,421.17,6619.901,0.0,516.2157000000001,0.0,0.0,0.0,232.5155,69.5425,0.0,0.0,37246.21571664613
11-06-2040 15:00:00,9020.569579819336,18848.158532980888,0.0,426.62199999999996,6266.215999999999,0.0,513.65265,0.0,0.0,0.0,231.872,69.331,0.0,0.0,36499.02697577295
11-06-2040 16:00:00,10158.227878380794,17571.687001678212,0.0,426.782,5991.468000000001,0.0,513.0540000000001,0.0,0.0,0.0,232.81599999999997,69.252,0.0,0.0,36075.19897871702
11-06-2040 17:00:00,12244.8835318555,16068.365417505473,0.0,425.26800000000003,5512.608,0.0,513.8379,0.0,0.0,0.0,227.8935,65.6805,0.0,0.0,36196.46795293147
11-06-2040 18:00:00,15190.930414538847,13676.551932220413,0.0,425.631,5031.793,0.0,515.1879,0.0,0.0,0.0,231.9985,68.3825,0.0,-821.8531766940197,35525.15267093757
11-06-2040 19:00:00,16447.9159240218,8809.00245863372,0.0,427.05400000000003,5254.219,2379.981309079267,522.61365,0.0,0.0,0.0,236.43200000000002,69.185,0.0,0.0,35332.851697044476
11-06-2040 20:00:00,15904.054319941388,3530.39142496058,0.0,425.2,5695.851,8000.0,521.5213500000001,0.0,0.0,0.0,237.1195,68.6405,0.0,0.0,35723.162586386716
11-06-2040 21:00:00,15299.432322172339,331.496418141686,0.0,428.295,5916.463000000001,8000.0,525.0567,0.0,0.0,0.0,236.5865,69.6475,0.0,0.0,36253.19393355997
11-06-2040 22:00:00,14832.559667599638,1.5467236946704874,1363.437574666208,424.164,6352.467,5350.018690920733,525.6012000000001,0.0,0.0,0.0,238.382,70.024,0.0,0.0,35051.99126480085
11-06-2040 23:00:00,15202.70301306012,4.943026073177711,4657.765687361578,422.80699999999996,5227.321,0.0,521.3139000000001,0.0,0.0,0.0,235.2475,70.3245,0.0,0.0,32131.48432244997
12-06-2040 00:00:00,15956.104821422085,5.062004818921594,6365.664732209343,415.19699999999995,5777.831999999999,0.0,503.0779500000001,0.0,0.0,0.0,224.7545,63.5065,0.0,0.0,30404.565770842302
12-06-2040 01:00:00,15538.397419845567,2.238963669907628,5633.461880195811,414.63599999999997,5744.539000000001,0.0,498.02520000000004,0.0,0.0,0.0,227.72299999999998,68.39699999999999,0.0,0.0,28733.915279288703
12-06-2040 02:00:00,15329.004185325957,4.618538584785301,5525.774363385255,413.405,5047.657999999999,0.0,501.87510000000015,0.0,0.0,0.0,230.831,69.967,0.0,0.0,27647.19387010451
12-06-2040 03:00:00,14802.57010091207,1.8279461846105756,5663.626739955978,412.235,4996.683,0.0,501.5302500000001,0.0,0.0,0.0,229.585,69.692,0.0,0.0,27190.03662064764
12-06-2040 04:00:00,15411.972483569672,5.267513561570121,5090.727364307273,412.98400000000004,4745.835,0.0,501.2850000000001,0.0,0.0,0.0,228.4525,69.4305,0.0,0.0,26964.678691559533
12-06-2040 05:00:00,16124.373595974077,4.93220982356463,4315.112962339894,412.345,4711.834,0.0,499.28685000000013,527.5578678373367,0.0,0.0,229.143,69.461,0.0,0.0,27390.534410021777
12-06-2040 06:00:00,16248.907263471248,71.0411274587116,84.97487114382024,410.999,5487.971,0.0,503.36310000000014,5533.292611523477,0.0,0.0,230.7025,69.9885,0.0,0.0,29193.283269585354
12-06-2040 07:00:00,15376.073185401756,2367.4498990614097,76.17529446459207,412.129,6297.285,0.0,514.6873500000002,6353.517484638474,0.0,0.0,229.8245,68.3735,0.0,0.0,32338.800329702575
12-06-2040 08:00:00,14367.342356661487,9047.479130102916,618.3773392400689,416.894,6653.32,0.0,518.8521000000001,2311.6523872571197,0.0,0.0,233.2565,67.0075,0.0,0.0,35018.73492258075
12-06-2040 09:00:00,12268.3815145757,14689.364151221405,0.0,416.634,7045.293000000001,0.0,516.4333500000001,0.0,0.0,0.0,235.31900000000002,69.325,0.0,0.0,36642.00867623261
12-06-2040 10:00:00,10697.951965378961,16775.99846956412,0.0,420.98800000000006,6668.041,0.0,511.95660000000015,0.0,0.0,0.0,236.7775,69.8605,0.0,0.0,37511.1445304
12-06-2040 11:00:00,11192.511580922595,16892.45856061517,0.0,412.66,6316.668000000001,0.0,509.4897000000001,0.0,0.0,0.0,237.454,69.962,0.0,0.0,38139.4502455268
12-06-2040 12:00:00,14791.634941951295,20794.906682191013,0.0,406.096,5838.749,0.0,512.5317,0.0,0.0,0.0,235.88099999999997,68.843,0.0,-6760.5393362512905,38508.23328801094
12-06-2040 13:00:00,24196.429479324674,30441.224101591182,0.0,407.87800000000004,5626.076999999999,0.0,514.3750500000001,0.0,0.0,0.0,233.01,68.616,0.0,-12200.0,38573.83124727446
12-06-2040 14:00:00,25543.77455043077,29481.57259113758,0.0,408.26,5683.374,0.0,514.6302000000001,0.0,0.0,0.0,230.388,68.375,0.0,-12200.0,37684.93933804096
12-06-2040 15:00:00,27136.51096498121,28455.64636328052,0.0,413.402,5780.685,0.0,513.6480000000001,0.0,0.0,0.0,229.57299999999998,68.992,0.0,-12200.0,36886.675155552584
12-06-2040 16:00:00,28622.296623218484,25606.477839743195,0.0,415.61699999999996,5966.079000000001,0.0,512.95545,0.0,0.0,0.0,228.8655,69.7675,0.0,-12200.0,36848.26488192837
12-06-2040 17:00:00,30544.18705563484,21908.723913275968,0.0,417.17900000000003,5265.491999999999,0.0,519.4365,0.0,0.0,0.0,226.834,70.07300000000001,0.0,-12200.0,36656.88979293348
12-06-2040 18:00:00,31403.794781916647,17406.363337335777,0.0,414.478,5617.388000000001,0.0,519.94365,0.0,0.0,0.0,225.888,70.37,0.0,-12200.0,36220.44573066128
12-06-2040 19:00:00,32013.332572335104,11097.839854821425,0.0,414.39599999999996,5565.044,0.0,523.4751000000001,0.0,0.0,0.0,220.4675,70.1145,0.0,-12200.0,35820.176277795435
12-06-2040 20:00:00,33010.73512841417,4483.15158836563,0.0,413.20300000000003,5259.803000000001,0.0,525.71445,0.0,0.0,0.0,219.0415,69.8885,0.0,-9653.781416231905,36200.92588970138
12-06-2040 21:00:00,31604.106875047182,432.46610827973336,0.0,414.159,5556.571,0.0,526.4742000000001,0.0,0.0,0.0,218.8645,69.5035,0.0,-3711.0491299449823,36638.53688685734
12-06-2040 22:00:00,30797.239014343493,2.0226386776460106,0.0,407.375,5525.0830000000005,0.0,527.11095,0.0,0.0,0.0,219.97400000000002,70.1,0.0,-3085.2836492192946,35718.01795475057
12-06-2040 23:00:00,29425.167993070878,5.765061043771813,0.0,407.02,5064.889,0.0,521.3496000000001,0.0,0.0,0.0,218.513,69.05199999999999,0.0,-4186.823892841068,32666.227304063108
13-06-2040 00:00:00,28150.077676555753,4.650987333624539,0.0,404.605,4740.508,0.0,516.0783,0.0,0.0,0.0,218.665,68.447,0.0,-4290.812329113251,30858.29698578226
13-06-2040 01:00:00,28072.32680486111,2.99610114282325,0.0,401.903,4442.145,0.0,512.3235000000001,0.0,0.0,0.0,220.687,68.982,0.0,-5472.605158524097,29216.367153618736
13-06-2040 02:00:00,28047.543061846667,6.0354672840988215,0.0,398.401,4248.6179999999995,0.0,510.34080000000006,0.0,0.0,0.0,224.363,69.68,0.0,-6366.841783332362,27956.306997414362
13-06-2040 03:00:00,27961.248605832603,2.8987548963055274,0.0,392.43300000000005,4212.1720000000005,0.0,509.7738000000001,0.0,0.0,0.0,229.607,70.318,0.0,-6638.397033395377,27452.38605075979
13-06-2040 04:00:00,28005.122947398737,6.457301019008955,0.0,395.01800000000003,4130.8,0.0,509.5057500000001,0.0,0.0,0.0,230.9465,71.5055,0.0,-6685.736758656643,27297.992419039536
13-06-2040 05:00:00,28161.603199992554,5.224248563117797,0.0,392.296,4103.403,0.0,511.24365000000006,0.0,0.0,0.0,230.548,70.66,0.0,-6189.661188750306,27916.188542411044
13-06-2040 06:00:00,27929.561151632028,68.69400129267315,0.0,394.32599999999996,4402.369000000001,0.0,515.2356000000001,0.0,0.0,0.0,228.8885,70.4055,0.0,-4608.937375548063,29620.846797435985
13-06-2040 07:00:00,27498.81211749548,2454.0664259629557,0.0,390.51800000000003,4505.531,0.0,522.4281000000001,0.0,0.0,0.0,228.6995,70.6605,0.0,-3802.956433240295,32535.168278120487
13-06-2040 08:00:00,25288.154840311883,9684.848271052897,0.0,397.597,6137.79,0.0,524.05965,0.0,0.0,0.0,227.8475,70.2995,0.0,-7963.05616204601,35185.84914890908
13-06-2040 09:00:00,24150.38456058321,18477.97247525462,3523.6984122241847,374.42900000000003,6342.953,0.0,520.1094,0.0,0.0,0.0,227.49200000000002,68.95,0.0,-12200.0,36769.86486208944
13-06-2040 10:00:00,24707.17563608955,25905.37210581113,16294.480175456585,396.07800000000003,6084.158,0.0,517.37895,0.0,0.0,0.0,225.15099999999998,67.844,0.0,-12200.0,37555.33777173322
13-06-2040 11:00:00,25115.685824668508,31157.385981685715,17528.32699825446,396.339,6171.108,0.0,513.60045,0.0,0.0,0.0,225.118,66.517,0.0,-12200.0,38109.51838435749
13-06-2040 12:00:00,24939.66246136122,33708.50661542684,18347.590974669816,380.958,6020.977,0.0,505.4514000000001,0.0,0.0,0.0,225.989,67.444,0.0,-12200.0,38804.80921213691
13-06-2040 13:00:00,24752.925775933138,34617.00668542791,18348.09965451772,385.094,5977.154,0.0,503.1633000000001,0.0,0.0,0.0,224.296,68.288,0.0,-12200.0,39127.54091964919
13-06-2040 14:00:00,25370.357348743368,34552.02265775252,18246.153196724365,400.031,5288.446,0.0,507.2496000000001,0.0,0.0,0.0,224.6265,68.8085,0.0,-12200.0,38161.655115492475
13-06-2040 15:00:00,26870.210842777386,33264.31569256647,17382.406044644187,393.89300000000003,4877.125,0.0,507.8652000000001,0.0,0.0,0.0,228.2235,72.0875,0.0,-12200.0,37338.29755510967
13-06-2040 16:00:00,27916.36868168474,30935.642048367947,16512.265313096374,396.23,4726.15,0.0,509.2428000000001,0.0,0.0,0.0,228.282,72.925,0.0,-12200.0,37162.61154665609
13-06-2040 17:00:00,29029.95083269738,26150.857707029605,15826.407011964475,402.005,4908.3640000000005,0.0,511.04085000000015,0.0,0.0,0.0,232.6,73.664,0.0,-12200.0,37067.87964631436
13-06-2040 18:00:00,29453.91605203254,20157.022167691535,15151.625653037772,404.916,4810.925,0.0,514.9822500000001,0.0,0.0,0.0,233.206,74.695,0.0,-12200.0,36362.010890465084
13-06-2040 19:00:00,29515.69363117886,12691.040974765152,13705.62425229585,398.38300000000004,5074.942,0.0,520.0498500000001,0.0,0.0,0.0,226.109,72.08800000000001,0.0,-12200.0,36138.875233929
13-06-2040 20:00:00,27496.657850195377,5199.771390243396,10566.727547393122,397.941,6365.007,0.0,523.8306000000001,0.0,0.0,0.0,230.21400000000003,73.797,0.0,-12200.0,36160.19253404048
13-06-2040 21:00:00,25252.951714700554,449.04741893664294,6934.043035652576,396.68199999999996,6771.266,0.0,525.6306000000001,0.0,0.0,0.0,225.854,73.51,0.0,-5771.768741535634,36468.275991041635
13-06-2040 22:00:00,25709.459133430762,1.2979499535696393,5212.074047081493,389.712,6505.891,0.0,526.09725,0.0,0.0,0.0,223.048,74.251,0.0,-4292.711287910071,35682.79489760204
13-06-2040 23:00:00,25792.547328059223,6.2301597771342685,5109.83816799536,393.42800000000005,5298.621,0.0,518.7229500000001,0.0,0.0,0.0,222.1555,75.4005,0.0,-5916.570206295823,32724.49667418245
14-06-2040 00:00:00,25033.897152145666,4.802414828207664,5111.109867615101,405.597,4664.309,0.0,507.9412500000001,0.0,0.0,0.0,224.9455,75.7425,0.0,-6136.740838474125,31042.793966393026
14-06-2040 01:00:00,24507.401185726747,3.5260973738641868,5110.855527691165,404.219,4543.545,0.0,504.03135000000015,0.0,0.0,0.0,229.265,77.692,0.0,-7131.0776280602295,29352.703611883993
14-06-2040 02:00:00,23473.46117518746,6.186894778681948,5096.36692236815,407.17900000000003,4418.669,0.0,504.1683000000001,0.0,0.0,0.0,227.95,77.53399999999999,0.0,-7149.777817202117,28135.166458687036
14-06-2040 03:00:00,22549.16060705974,3.3314048808287406,5069.1350098209805,411.403,4334.295999999999,0.0,499.3104000000001,0.0,0.0,0.0,229.678,77.94,0.0,-6604.541347691058,27629.131116788776
14-06-2040 04:00:00,21816.69425452442,6.792604757014445,5018.8020159052685,407.663,4268.835,0.0,499.1373000000001,0.0,0.0,0.0,234.5295,79.5125,0.0,-5967.7115263115775,27417.783846120346
14-06-2040 05:00:00,20766.618511173612,5.959753536807262,4044.8204326478008,410.631,4373.685,0.0,499.0687500000001,0.0,0.0,0.0,229.89,77.48,0.0,-3636.642283051733,27730.840075045755
14-06-2040 06:00:00,19897.516691532484,96.29707030525417,1959.119041799975,412.722,4691.33,748.7765289973759,502.9453500000001,0.0,0.0,0.0,230.7065,76.3475,0.0,0.0,29393.077252520176
14-06-2040 07:00:00,19178.28922044823,2658.8721123866326,816.5276296473166,414.53,5314.148,2369.744248152998,509.07975000000005,0.0,0.0,0.0,230.7005,75.9925,0.0,0.0,32306.385802478337
14-06-2040 08:00:00,15870.554650682934,9519.08372175402,1358.4383041650872,424.80699999999996,6162.852,0.0,515.9091000000001,0.0,0.0,0.0,231.5385,75.6305,0.0,0.0,35039.738262525825
14-06-2040 09:00:00,15949.013113645962,18279.450134312414,9611.119831055548,426.408,5878.2080000000005,0.0,508.9953000000001,0.0,0.0,0.0,235.342,75.289,0.0,-12200.0,36632.919455018055
14-06-2040 10:00:00,16104.594973405263,26306.825522751693,13844.870975487982,428.406,5885.371,0.0,505.62360000000007,0.0,0.0,0.0,224.7475,65.5605,0.0,-12200.0,37515.484918102884
14-06-2040 11:00:00,16031.293980726326,31769.712647959077,16008.821359490685,424.713,6080.683000000001,0.0,504.84195000000005,0.0,0.0,0.0,232.295,73.86399999999999,0.0,-12200.0,38103.19417015313
14-06-2040 12:00:00,15902.635464103076,35086.959896291315,17466.127731335117,415.94699999999995,5817.443,0.0,507.27765000000005,0.0,0.0,0.0,235.5555,73.3225,0.0,-12200.0,38784.9263082358
14-06-2040 13:00:00,16002.5414441034,36721.24060637058,17794.822616502002,412.723,5763.779,0.0,510.3952500000001,0.0,0.0,0.0,238.46,72.03399999999999,0.0,-12200.0,38984.69871570897
14-06-2040 14:00:00,15759.590449308542,37023.40512434623,18011.537772392767,408.505,5718.651999999999,0.0,513.7206000000001,0.0,0.0,0.0,240.2705,73.0555,0.0,-12200.0,38035.53166240222
14-06-2040 15:00:00,16287.158057979688,35929.99118216865,18019.001333609398,399.647,5137.608,0.0,514.5363000000001,0.0,0.0,0.0,237.217,71.083,0.0,-12200.0,37336.08235038127
14-06-2040 16:00:00,16841.060035987695,32981.83851524459,17776.562764030765,407.19,5029.447,0.0,514.95465,0.0,0.0,0.0,242.9725,75.4385,0.0,-12200.0,37315.05073914159
14-06-2040 17:00:00,17792.952244265693,28308.66705596064,17181.293327536492,421.478,5214.38,0.0,515.5417500000001,0.0,0.0,0.0,243.6475,76.0665,0.0,-12200.0,37187.83028542264
14-06-2040 18:00:00,18533.161582756282,21864.0534978709,17137.66964540776,425.60699999999997,5008.3820000000005,0.0,516.4551000000001,0.0,0.0,0.0,240.775,72.984,0.0,-12200.0,36795.146467287406
14-06-2040 19:00:00,18654.74425214377,13809.019351022454,16061.276776220038,430.05400000000003,5231.745,0.0,519.9141000000001,0.0,0.0,0.0,232.92700000000002,66.273,0.0,-12200.0,36464.455274372434
14-06-2040 20:00:00,18103.44907220953,5698.2058049133575,12047.92433140456,433.23800000000006,5580.063,0.0,522.58665,0.0,0.0,0.0,237.9035,68.1675,0.0,-8500.032935775624,36374.83006261359
14-06-2040 21:00:00,17279.772511885618,647.4823343382146,7206.142902569263,436.181,6248.496999999999,2393.823313421828,524.2095,0.0,0.0,0.0,238.957,67.233,0.0,0.0,36684.47327669723
14-06-2040 22:00:00,17748.281171966293,1.5791724435097279,5202.435440997971,434.208,6121.165,4094.77970389642,524.2948500000001,0.0,0.0,0.0,234.57,66.80199999999999,0.0,0.0,35761.37347298583
14-06-2040 23:00:00,17915.517290559346,7.149540994246097,5057.110870657634,431.01099999999997,5454.116999999999,2196.952014912884,520.3281000000001,0.0,0.0,0.0,235.445,66.357,0.0,0.0,33105.016395824416
15-06-2040 00:00:00,17226.650678192844,4.586089835946059,5051.892517045519,432.726,5427.624,1250.6969250078037,504.2137500000001,0.0,0.0,0.0,236.392,66.678,0.0,0.0,31351.261689806353
15-06-2040 01:00:00,16427.707581754254,2.4552886621692345,5042.166207539936,431.689,4900.5779999999995,846.7057498043614,501.9003000000001,0.0,0.0,0.0,238.016,66.508,0.0,0.0,29557.204765370072
15-06-2040 02:00:00,15432.339398475107,5.646082298027932,5045.323530733818,433.478,4194.977,1116.9407852341446,505.90770000000003,0.0,0.0,0.0,241.5935,67.3855,0.0,0.0,28115.215480484432
15-06-2040 03:00:00,15294.617128655958,2.4552886621692345,5080.027774839837,432.108,4117.34,701.9651275719261,505.47645000000006,0.0,0.0,0.0,238.9,67.294,0.0,0.0,27501.87048807223
15-06-2040 04:00:00,15336.321732420733,5.992202285646502,4970.714229594101,433.148,4095.0240000000003,575.2517561946261,511.9717500000001,0.0,0.0,0.0,244.57299999999998,72.21600000000001,0.0,0.0,27292.008204351852
15-06-2040 05:00:00,14959.116103136224,4.867312325886148,4440.801383213053,430.681,4303.1759999999995,1749.383802186123,514.6269,0.0,0.0,0.0,248.019,74.499,0.0,0.0,27728.50918120394
15-06-2040 06:00:00,14884.954387733316,86.82203564419582,2858.1317398873216,428.069,5331.9490000000005,4172.082746856147,516.6493500000001,0.0,0.0,0.0,244.9145,73.0205,0.0,0.0,29476.622647976707
15-06-2040 07:00:00,14404.579853188177,3135.8470878242492,1286.7933786907233,430.971,5867.4890000000005,4631.41807491373,530.2122,0.0,0.0,0.0,248.2,73.851,0.0,0.0,32401.158993789824
15-06-2040 08:00:00,12174.209780225989,10192.468706226646,3008.0081178321852,442.51199999999994,7377.77,0.0,531.8106000000001,0.0,0.0,0.0,251.528,74.649,0.0,0.0,35120.87501808043
15-06-2040 09:00:00,4165.843712756924,7449.302089279368,14196.351209704007,441.89300000000003,7257.431,0.0,528.4632,0.0,0.0,0.0,246.07299999999998,74.896,0.0,0.0,36761.77369197241
15-06-2040 10:00:00,7249.780640680352,18622.46947504778,18007.003505472676,442.912,6857.613,0.0,529.55145,0.0,0.0,0.0,232.0655,73.9885,0.0,-12200.0,37811.791892939385
15-06-2040 11:00:00,10199.33840086557,31141.340105099185,18187.18141573653,441.848,7093.241,0.0,529.4499000000001,0.0,0.0,0.0,229.1885,71.8355,0.0,-12200.0,38458.57215510726
15-06-2040 12:00:00,9901.6188073341,34356.628707245785,18174.37671611691,439.412,7337.875,0.0,529.6578000000001,0.0,0.0,0.0,230.0995,71.5455,0.0,-12200.0,39177.62277405545
15-06-2040 13:00:00,9617.810906040739,35927.32704321563,17882.683904713806,439.43699999999995,7382.566999999999,0.0,529.5195000000001,0.0,0.0,0.0,231.9635,73.3825,0.0,-12200.0,39294.094183974106
15-06-2040 14:00:00,10207.84209239929,36251.92843672224,18173.66631839829,438.98900000000003,6842.0869999999995,0.0,531.4932000000001,0.0,0.0,0.0,231.84900000000002,72.90899999999999,0.0,-12200.0,38186.91551721948
15-06-2040 15:00:00,12318.393957910595,34764.93939238629,18176.849952618766,440.575,6425.852,0.0,529.8886500000001,0.0,0.0,0.0,227.6755,72.6535,0.0,-12200.0,37281.04074372592
15-06-2040 16:00:00,15376.927910530567,31908.293253186428,18079.55177619419,438.782,5938.193,0.0,528.0486000000001,0.0,0.0,0.0,228.5505,74.0515,0.0,-12200.0,36999.34258838435
15-06-2040 17:00:00,17616.37967727971,27414.682391567392,18105.608462885866,439.76599999999996,5551.294,0.0,527.0409000000001,0.0,0.0,0.0,232.14,74.236,0.0,-12200.0,36989.782426920196
15-06-2040 18:00:00,18799.977450277587,21347.858801290335,17989.857486461493,441.52,5809.994000000001,0.0,533.1412500000001,0.0,0.0,0.0,232.8595,74.2985,0.0,-12200.0,36683.73673507471
15-06-2040 19:00:00,20573.492508723837,13596.58820862028,17479.897168597294,446.899,5926.473000000001,0.0,533.88795,0.0,0.0,0.0,240.8225,75.8345,0.0,-12200.0,36289.26661750945
15-06-2040 20:00:00,21526.26266679283,5717.6966867161,13900.510026437842,446.12199999999996,5623.566,0.0,533.8230000000001,0.0,0.0,0.0,248.985,74.986,0.0,-12200.0,35934.130426522315
15-06-2040 21:00:00,20741.475079004944,593.552513767396,8373.791182402201,449.09,5422.781999999999,0.0,533.61765,0.0,0.0,0.0,248.584,76.832,0.0,-2787.106773663949,35396.64773326782
15-06-2040 22:00:00,20518.970594669638,1.752232437319013,5771.648190800566,442.847,5891.743,0.0,532.94505,0.0,0.0,0.0,253.6905,81.1075,0.0,-47.64937726121207,34833.44336979539
15-06-2040 23:00:00,19508.97118482626,5.9381210375811,5373.75530563455,436.833,5932.762,0.0,524.907,0.0,0.0,0.0,246.1725,75.9665,0.0,-873.5004653534925,32490.504468528427
16-06-2040 00:00:00,18475.154938297033,4.759149829755344,5503.828250880033,437.256,5913.101,0.0,511.0608000000001,0.0,0.0,0.0,248.8125,78.7635,0.0,-1393.7948536694385,30985.912121653488
16-06-2040 01:00:00,16681.388993748627,2.32549366681227,5512.9055550624325,440.29,5730.689,0.0,509.9245500000001,0.0,0.0,0.0,251.669,81.205,0.0,-887.9840036696733,29482.173865468136
16-06-2040 02:00:00,14902.66424404778,5.2350648127308785,5511.318123123288,440.159,5802.528,0.0,511.8184500000001,0.0,0.0,0.0,250.65099999999998,80.976,0.0,-609.1152757974924,28025.53261016419
16-06-2040 03:00:00,14160.029904561,2.2930449179730292,5503.968576355313,446.499,5519.88,0.0,511.3461000000001,0.0,0.0,0.0,248.766,79.638,0.0,-421.93170720893977,27163.084033142386
16-06-2040 04:00:00,13494.829291493086,5.92730478796802,5499.206280537881,446.551,4769.601,447.8115668596147,511.73220000000003,0.0,0.0,0.0,251.084,83.45200000000001,0.0,0.0,26617.16645034704
16-06-2040 05:00:00,12764.869160161474,5.332411059248602,5449.636306394037,444.23900000000003,4597.095,997.6713377930682,510.0351000000001,0.0,0.0,0.0,260.7045,93.6265,0.0,0.0,26232.929053464894
16-06-2040 06:00:00,12565.357708320058,111.12614852478731,4330.391545191669,442.25,4589.153,2455.024977057081,502.3717500000001,0.0,0.0,0.0,259.464,93.60600000000001,0.0,0.0,26355.69529032115
16-06-2040 07:00:00,12729.894224443688,3067.163902781189,1677.8103155678546,442.69,4228.482,3069.240431573464,505.19640000000004,0.0,0.0,0.0,259.921,93.36200000000001,0.0,0.0,26816.45564187692
16-06-2040 08:00:00,9858.452025926768,9744.565489707109,2770.1827482534864,444.902,4610.839,0.0,507.6937500000001,0.0,0.0,0.0,261.4745,93.3995,0.0,0.0,29248.796560471696
16-06-2040 09:00:00,6859.945740031104,14659.00402354692,13017.336566373124,448.55800000000005,5990.156999999999,0.0,504.38430000000005,0.0,0.0,0.0,265.2895,94.1005,0.0,-11917.697580863589,32133.673115837315
16-06-2040 10:00:00,8603.628612054885,25942.640460493876,17787.473069734027,446.369,6625.843000000001,0.0,502.5828000000001,0.0,0.0,0.0,259.9035,89.7085,0.0,-12200.0,34179.11913585736
16-06-2040 11:00:00,8819.263129729716,31440.169471880232,18147.828890261735,438.756,6690.405,0.0,500.4763500000001,0.0,0.0,0.0,255.05,89.041,0.0,-12200.0,35049.32520732172
16-06-2040 12:00:00,8623.665735483904,34741.65179527298,18172.166589881206,436.95,6786.909000000001,0.0,497.6611500000001,0.0,0.0,0.0,254.5785,89.7445,0.0,-12200.0,35498.903889871624
16-06-2040 13:00:00,9171.296199461332,36070.36919190868,18171.263244634058,433.316,6663.993,0.0,494.8596000000001,0.0,0.0,0.0,258.1015,92.8435,0.0,-12200.0,35697.824438599535
16-06-2040 14:00:00,10628.600792102638,35789.365810361254,17963.037779997947,435.324,6022.116999999999,0.0,493.8135000000001,0.0,0.0,0.0,257.991,93.775,0.0,-12200.0,34889.538082174666
16-06-2040 15:00:00,12374.010747098431,34311.91254841887,17788.17469711046,428.916,5315.543000000001,0.0,490.8493500000001,0.0,0.0,0.0,257.85400000000004,93.956,0.0,-12200.0,33409.21961764146
16-06-2040 16:00:00,13932.783707134247,31198.46608773816,17268.067093314836,422.727,4580.733,0.0,490.39875000000006,0.0,0.0,0.0,256.689,93.92200000000001,0.0,-12200.0,32444.971316627354
16-06-2040 17:00:00,15477.219322316518,26511.19024611483,16195.09465758715,404.289,4289.179,0.0,492.4407000000001,0.0,0.0,0.0,256.517,93.523,0.0,-12200.0,32182.13011478542
16-06-2040 18:00:00,17342.157308184393,20572.149827815574,15668.339134399983,406.964,4178.344,0.0,492.4732500000001,0.0,0.0,0.0,257.68,94.288,0.0,-12200.0,32164.244057060936
16-06-2040 19:00:00,19440.35177649718,12937.435140950025,15365.183485734655,413.202,4254.183,0.0,492.8679,0.0,0.0,0.0,256.1365,92.8355,0.0,-12200.0,32118.819154458924
16-06-2040 20:00:00,20739.227988697174,5439.275605425803,11575.711566391576,427.455,4708.683,0.0,493.8715500000001,0.0,0.0,0.0,258.66700000000003,94.51799999999999,0.0,-12200.0,32396.418344073914
16-06-2040 21:00:00,21615.83300144829,589.0962189268067,7440.600460741145,406.186,5219.665,0.0,495.3952500000001,0.0,0.0,0.0,249.9695,94.5915,0.0,-4904.459293479624,32838.65020993445
16-06-2040 22:00:00,22917.787843396993,1.8279461846105753,5472.018219701742,406.70099999999996,5636.571999999999,0.0,494.65500000000003,0.0,0.0,0.0,247.642,94.31700000000001,0.0,-3483.895088105197,33137.19396496099
16-06-2040 23:00:00,23700.13495961165,4.5536410871068185,5336.095456205396,409.166,4968.667,0.0,491.1937500000001,0.0,0.0,0.0,248.455,95.565,0.0,-5319.459189397188,31190.806097338263
17-06-2040 00:00:00,24235.34081823851,4.769966079368423,5316.195549741766,411.05699999999996,4143.075,0.0,481.62165000000005,0.0,0.0,0.0,243.085,95.398,0.0,-6963.036863433557,29155.766517666863
17-06-2040 01:00:00,23985.902191213987,2.97446864359709,5328.254770273925,409.839,3948.7490000000003,0.0,482.4265500000001,0.0,0.0,0.0,245.9225,94.8705,0.0,-8282.085489549663,27356.190366940937
17-06-2040 02:00:00,22759.37377814599,5.5487360515102075,5317.5461824413505,409.147,3833.8979999999997,0.0,482.58735000000013,0.0,0.0,0.0,245.585,93.685,0.0,-8365.585355259787,25888.48201577242
17-06-2040 03:00:00,21418.73494780304,2.6824299040439206,5301.005317042349,399.81699999999995,3806.893,0.0,481.13130000000007,0.0,0.0,0.0,246.2875,94.9805,0.0,-7750.868611034821,25087.189828835835
17-06-2040 04:00:00,19442.865732953167,6.468117268622034,4965.995785487699,400.2,4044.5229999999997,0.0,480.59190000000007,0.0,0.0,0.0,245.6165,94.7595,0.0,-6152.188916211955,24568.943147623057
17-06-2040 05:00:00,18644.754175957165,5.462206054605565,4186.9438280832255,398.32300000000004,3878.364,0.0,477.60225,0.0,0.0,0.0,246.8265,94.6025,0.0,-4390.834832258166,24496.972615361785
17-06-2040 06:00:00,18332.38928506795,112.48899597603537,3279.6168455853476,399.603,3864.573,0.0,482.44155000000006,0.0,0.0,0.0,248.71599999999998,94.712,0.0,-3385.076324864436,24292.19023689255
17-06-2040 07:00:00,17494.085365805087,2930.922422654828,1429.7236456090468,385.49699999999996,3912.6040000000003,0.0,483.4330500000001,0.0,0.0,0.0,247.57,92.573,0.0,-3480.497618551057,24167.13290920137
17-06-2040 08:00:00,16262.815244101695,10394.805263156264,2359.116809095256,381.7,4447.714,0.0,484.8399,0.0,0.0,0.0,239.9775,87.4815,0.0,-9865.222792713996,25639.497840183445
17-06-2040 09:00:00,15516.135368536094,18884.036118228876,12142.345835585846,389.827,4509.974,0.0,481.53705000000014,0.0,0.0,0.0,239.4455,88.5105,0.0,-12200.0,27891.87336909961
17-06-2040 10:00:00,15342.734255191945,25992.096795208807,17601.39271916609,386.86699999999996,4925.224,0.0,480.77745000000004,0.0,0.0,0.0,242.889,91.492,0.0,-12200.0,29752.84807586845
17-06-2040 11:00:00,14931.663698654871,31076.566964576774,18142.13693817056,386.434,5875.272,0.0,481.21500000000003,0.0,0.0,0.0,241.8195,93.0835,0.0,-12200.0,30870.839768826947
17-06-2040 12:00:00,14934.955047797395,34299.88506302201,18132.077355661197,382.381,5881.4580000000005,0.0,479.8339500000001,0.0,0.0,0.0,243.763,92.551,0.0,-12200.0,31406.330451784164
17-06-2040 13:00:00,14895.13784518603,35856.07297610394,17992.313182278944,382.05400000000003,6199.954000000001,0.0,480.04920000000004,0.0,0.0,0.0,244.054,91.87299999999999,0.0,-12200.0,32064.63126650241
17-06-2040 14:00:00,15449.778521017568,35844.32652902413,17650.006726009568,381.69300000000004,5991.309,0.0,477.2683500000001,0.0,0.0,0.0,237.891,92.501,0.0,-12200.0,32227.449744014102
17-06-2040 15:00:00,16214.334560786157,34577.43002809365,17824.15064083622,378.973,5370.585999999999,0.0,471.9162,0.0,0.0,0.0,237.96900000000002,92.223,0.0,-12200.0,30965.553069632766
17-06-2040 16:00:00,17482.21949134063,32000.609985271833,17823.878760227875,379.931,5205.634,0.0,469.81245000000007,0.0,0.0,0.0,239.4145,92.6765,0.0,-12200.0,30082.419948711573
17-06-2040 17:00:00,18918.392534573668,27775.750437653824,17627.124903196178,380.778,5282.423000000001,0.0,470.2195500000001,0.0,0.0,0.0,244.2685,93.6805,0.0,-12200.0,29819.25288300029
17-06-2040 18:00:00,20387.556421738216,21588.304030241605,17420.697358712117,377.73699999999997,5186.885,0.0,472.2303000000001,0.0,0.0,0.0,244.68099999999998,93.04899999999999,0.0,-12200.0,30035.000431877248
17-06-2040 19:00:00,21860.31333281981,13614.91093546641,15879.932410442882,377.838,5415.8330000000005,0.0,475.45995000000005,0.0,0.0,0.0,244.9535,92.6085,0.0,-12200.0,30566.14105537293
17-06-2040 20:00:00,23430.72778308906,5674.907603246789,12281.241745089763,378.71,5579.15,0.0,479.31045000000006,0.0,0.0,0.0,247.3195,93.5115,0.0,-12200.0,31266.26553054788
17-06-2040 21:00:00,24651.30005317293,653.0959678874032,7557.254782412667,379.50199999999995,6309.066999999999,0.0,483.8910000000001,0.0,0.0,0.0,246.481,92.975,0.0,-9758.437525307596,32246.10098664643
17-06-2040 22:00:00,25780.143853676058,1.8063136853844144,5584.0593413733,386.275,6416.09,0.0,485.9670000000001,0.0,0.0,0.0,243.739,92.844,0.0,-7021.7924011758405,33323.829520212115
17-06-2040 23:00:00,25439.170138336503,6.457301019008955,5380.534780159185,397.471,6009.991,0.0,486.84645000000006,0.0,0.0,0.0,246.317,94.209,0.0,-7879.207850787327,31426.23679110054
18-06-2040 00:00:00,24471.107389776764,4.845679826659985,5365.19545164227,404.315,4186.943,0.0,487.9959,0.0,0.0,0.0,252.06799999999998,94.39299999999999,0.0,-7391.250938450186,29047.555905632813
18-06-2040 01:00:00,24415.9975966724,3.374669879281062,5365.2480736955185,403.601,3732.9559999999997,0.0,490.24965000000003,0.0,0.0,0.0,251.2075,93.8235,0.0,-8788.009943303256,27093.21487644965
18-06-2040 02:00:00,24627.95506677544,5.64608229802793,5357.258291946549,405.533,3630.7059999999997,0.0,490.68870000000004,0.0,0.0,0.0,251.77,94.197,0.0,-9879.249253388945,26083.754451524503
18-06-2040 03:00:00,23511.839621181884,3.093447389340974,5242.81409651076,405.64599999999996,3714.638,0.0,491.9376000000001,0.0,0.0,0.0,252.1005,93.5465,0.0,-9129.946465274836,25660.120261632837
18-06-2040 04:00:00,23051.38335700571,6.359954772491232,4844.754574842867,403.457,3694.78,0.0,490.4098500000001,0.0,0.0,0.0,250.898,93.38600000000001,0.0,-8216.490758207296,25647.786537371932
18-06-2040 05:00:00,23023.138089334923,6.111181031390384,3853.1358334106917,395.26300000000003,3682.3459999999995,0.0,495.14445,0.0,0.0,0.0,251.828,94.12700000000001,0.0,-6590.5448552869675,26144.52248329966
18-06-2040 06:00:00,23072.094490564123,113.83021092805735,2330.9903216431267,392.295,3926.873,0.0,495.7146000000001,0.0,0.0,0.0,251.545,93.73,0.0,-3000.4576119240883,28494.199624440633
18-06-2040 07:00:00,23774.710510923196,2883.9258180859947,935.3569961857283,396.85,4167.093,0.0,508.23165000000006,0.0,0.0,0.0,253.91,94.56700000000001,0.0,-1848.5441605287306,31917.118347101332
18-06-2040 08:00:00,23236.955887214168,10312.331359856527,1711.0849938944157,397.20099999999996,6447.743,0.0,521.14095,0.0,0.0,0.0,257.5745,95.1975,0.0,-8861.377910931644,35047.58019886148
18-06-2040 09:00:00,22244.001102131188,19143.90733143275,9864.214366413507,395.189,6794.656,0.0,521.9758500000002,0.0,0.0,0.0,258.224,94.04700000000001,0.0,-12200.0,37294.37289107516
18-06-2040 10:00:00,22551.202713225728,26206.561392536965,14875.508969391114,391.781,6612.436,0.0,519.29115,0.0,0.0,0.0,257.367,93.745,0.0,-12200.0,38592.57251166067
18-06-2040 11:00:00,22930.817873081087,31303.794736448363,15793.088481926883,396.926,6720.523,0.0,517.3302000000001,0.0,0.0,0.0,256.133,92.414,0.0,-12200.0,39319.82403798781
18-06-2040 12:00:00,22871.500103634695,34466.76897830222,17353.972595214873,409.48699999999997,7028.909000000001,0.0,518.1714000000001,0.0,0.0,0.0,257.88599999999997,91.06299999999999,0.0,-12200.0,40152.857820938945
18-06-2040 13:00:00,21536.894768782146,35810.83942022204,17542.54372296913,415.01800000000003,7362.741999999999,0.0,518.0547,0.0,0.0,0.0,258.9345,91.1795,0.0,-12200.0,40666.05063625088
18-06-2040 14:00:00,22443.493215846032,36038.954124561904,17805.23301269958,420.17900000000003,6825.56,0.0,516.4815000000001,0.0,0.0,0.0,259.878,91.956,0.0,-12200.0,39887.31968638826
18-06-2040 15:00:00,24264.467904480985,34490.93247993785,17802.53174730038,422.24699999999996,6793.774,0.0,516.2020500000001,0.0,0.0,0.0,259.268,92.40899999999999,0.0,-12200.0,39145.7483773544
18-06-2040 16:00:00,27117.363703241124,31601.317314555366,17272.39964236421,426.894,6440.411,0.0,515.00895,0.0,0.0,0.0,261.6485,92.0155,0.0,-12200.0,38997.74703414002
18-06-2040 17:00:00,29925.425989357158,27406.526940861717,16227.04501424072,425.277,6445.272,0.0,514.9702500000001,0.0,0.0,0.0,260.5875,92.4555,0.0,-12200.0,38980.63546109134
18-06-2040 18:00:00,31743.33365111782,20867.952622260076,15167.824475090805,426.54400000000004,6299.09,0.0,516.7162500000001,0.0,0.0,0.0,258.4545,90.7815,0.0,-12200.0,38612.77272364463
18-06-2040 19:00:00,33166.77060419066,13085.758371895292,14051.307290314231,426.12800000000004,5898.307,0.0,516.2737500000001,0.0,0.0,0.0,260.801,92.881,0.0,-12200.0,38078.87416096235
18-06-2040 20:00:00,33583.33318867412,5252.457342108711,10841.923345108225,425.93699999999995,5835.880999999999,0.0,519.3633000000001,0.0,0.0,0.0,261.2075,92.7115,0.0,-12200.0,37748.444105531795
18-06-2040 21:00:00,34051.478291975254,544.5657192697552,6851.15453147114,427.19,5934.91,0.0,525.82095,0.0,0.0,0.0,262.684,92.744,0.0,-12200.0,37553.13967857789
18-06-2040 22:00:00,34643.213362196846,3.2448748839240977,5094.691787006945,431.798,5590.906,0.0,528.3681000000001,0.0,0.0,0.0,263.284,93.16799999999999,0.0,-11498.369548411189,36489.15731803108
18-06-2040 23:00:00,34150.60166115707,6.587096014365919,4884.177263055288,429.04,4253.701,0.0,521.5506000000001,0.0,0.0,0.0,261.238,93.586,0.0,-12200.0,33440.14990189908
19-06-2040 00:00:00,33340.280011043615,4.899761074725387,4878.2748227511765,432.49800000000005,3826.708,0.0,514.6743000000001,0.0,0.0,0.0,260.32599999999996,94.32600000000001,0.0,-12200.0,31698.08388823615
19-06-2040 01:00:00,32229.22341936125,3.342221130441821,4771.864260775357,433.699,3717.137,0.0,511.1130000000001,0.0,0.0,0.0,257.363,93.789,0.0,-12200.0,29929.85539535396
19-06-2040 02:00:00,31594.75108941594,6.089548532164223,3967.8519094548537,438.474,3443.138,0.0,508.67715000000004,0.0,0.0,0.0,255.52,93.309,0.0,-12200.0,28713.653688836217
19-06-2040 03:00:00,31235.123817185206,3.190793635858696,3107.174377146497,439.74699999999996,3461.5690000000004,0.0,508.8022500000001,0.0,0.0,0.0,257.1525,94.3195,0.0,-11784.14034083155,28168.849846251913
19-06-2040 04:00:00,31024.226076418312,6.738523508949044,2705.6067185965076,437.776,3324.0,0.0,506.3620500000001,0.0,0.0,0.0,258.905,94.59100000000001,0.0,-11419.59217987043,27736.18781361419
19-06-2040 05:00:00,30669.47974733431,6.500566017461276,2375.5436600456014,424.658,3319.2729999999997,0.0,504.8197500000001,0.0,0.0,0.0,261.8045,94.0165,0.0,-10410.639533308677,28024.137644970015
19-06-2040 06:00:00,29888.75703375168,107.5351536532446,1184.092671467719,424.527,3650.722,0.0,506.97270000000003,0.0,0.0,0.0,259.991,93.16,0.0,-6923.495521391833,29891.253546509754
19-06-2040 07:00:00,29280.42598330616,3107.8978988240488,777.6574729938293,420.711,3803.474,0.0,512.3733000000001,0.0,0.0,0.0,252.74,91.999,0.0,-6090.138852618191,32901.939594799245
19-06-2040 08:00:00,26340.725201990455,10678.602020504264,2028.4573672743863,430.491,4396.017,0.0,513.11355,0.0,0.0,0.0,253.5295,93.5855,0.0,-10033.934904163012,35677.26488358157
19-06-2040 09:00:00,23997.57468441273,19469.746851026797,11495.384002134058,420.454,5606.054,0.0,504.52725000000004,0.0,0.0,0.0,253.96400000000003,92.67399999999999,0.0,-12200.0,37793.94973011965
19-06-2040 10:00:00,21292.924963952133,26710.56617575767,17208.805891034222,422.6,5662.906999999999,0.0,506.4223500000001,0.0,0.0,0.0,253.739,91.447,0.0,-12200.0,39178.497324234544
19-06-2040 11:00:00,19458.32076370937,31830.50282760692,18122.263342733553,411.60699999999997,6512.887,0.0,506.51970000000006,0.0,0.0,0.0,252.36700000000002,89.37799999999999,0.0,-12200.0,39790.79627874648
19-06-2040 12:00:00,17474.55772559288,34959.61139192223,18193.93457923454,403.986,6493.908,0.0,507.2898000000001,0.0,0.0,0.0,252.8725,87.7215,0.0,-12200.0,40843.65128093232
19-06-2040 13:00:00,15722.02453452089,36367.06505657469,18183.287383797404,412.41900000000004,6552.316,0.0,512.2234500000001,0.0,0.0,0.0,251.929,88.99799999999999,0.0,-12200.0,41126.70013457258
19-06-2040 14:00:00,14669.628215981465,36435.25069413555,17482.440567836806,415.038,7020.971,0.0,513.4344,0.0,0.0,0.0,249.446,88.307,0.0,-12200.0,40421.61590714853
19-06-2040 15:00:00,13974.140229076771,35213.86897157691,17145.19459901983,415.30199999999996,7319.065,0.0,510.8406000000001,0.0,0.0,0.0,250.2615,87.5345,0.0,-12200.0,39723.347293667946
19-06-2040 16:00:00,13232.86729370065,32421.113321479563,16833.75974731281,417.852,7459.378000000001,0.0,512.9412,0.0,0.0,0.0,258.105,92.213,0.0,-12200.0,39633.78643630336
19-06-2040 17:00:00,13472.598181186126,27896.89243332032,16733.64629104032,417.978,7646.964,0.0,515.7121500000001,0.0,0.0,0.0,260.5785,91.6215,0.0,-12200.0,39672.89158858961
19-06-2040 18:00:00,14185.33964461819,21767.669897575317,17288.975589132053,422.14,7560.471,0.0,517.4734500000001,0.0,0.0,0.0,258.709,91.066,0.0,-12200.0,39249.96715698877
19-06-2040 19:00:00,14646.747344621695,13768.058213738012,16096.7177290713,425.29900000000004,7839.6630000000005,0.0,516.5565,0.0,0.0,0.0,258.7325,91.7785,0.0,-12200.0,38857.81082169229
19-06-2040 20:00:00,15011.410265011727,5671.4464033706045,11931.68221581669,430.57099999999997,8249.358,0.0,518.5986,0.0,0.0,0.0,259.1935,92.2495,0.0,-5672.000810647945,38680.98466168667
19-06-2040 21:00:00,15804.397218466196,573.455921986293,7444.2313824141165,431.94,8561.882,2961.455546211482,525.3735,0.0,0.0,0.0,262.2915,92.7485,0.0,0.0,38350.552002321056
19-06-2040 22:00:00,16018.021635079722,1.7522324373190132,5633.006621220586,422.28,8493.77,4461.154536782125,525.3543000000001,0.0,0.0,0.0,257.539,92.491,0.0,0.0,37313.96080633653
19-06-2040 23:00:00,15897.769428805548,6.998113499662972,5442.374463048123,439.79,6937.168000000001,3409.356883531471,522.7053000000001,0.0,0.0,0.0,256.3885,90.9875,0.0,0.0,34288.63766725747
20-06-2040 00:00:00,15489.363666110077,5.299962310409361,5437.822655443626,445.401,6524.111999999999,2492.0595589417953,514.60695,0.0,0.0,0.0,255.6155,91.1325,0.0,0.0,32461.534947347747
20-06-2040 01:00:00,14734.008706964354,3.039366141275573,5436.629888903728,447.95300000000003,5801.119000000001,2004.7152013895666,511.4167500000001,0.0,0.0,0.0,259.6295,92.8775,0.0,0.0,30446.24398292808
20-06-2040 02:00:00,14008.917915903528,6.749339758562126,5414.92329194583,446.50800000000004,5258.174,1953.5405743462488,513.1533000000001,0.0,0.0,0.0,263.3275,92.4615,0.0,0.0,29082.277891283597
20-06-2040 03:00:00,13156.462355615411,3.688341118060393,5118.5471178051375,448.394,5127.303,2868.467893878551,513.55215,0.0,0.0,0.0,270.1405,94.1405,0.0,0.0,28677.88343334085
20-06-2040 04:00:00,12783.271321407214,6.803421006627527,4569.243044808361,448.68199999999996,5013.681,3579.2498049187634,512.9727,0.0,0.0,0.0,276.0935,94.6705,0.0,0.0,28441.944228266457
20-06-2040 05:00:00,12023.117040760773,4.817250544290539,4137.140770312757,448.74300000000005,5183.07,0.0,513.6747,0.0,0.0,0.0,272.7905,94.0415,0.0,0.0,28614.049082073507
20-06-2040 06:00:00,11347.17949830578,106.91862742529905,5663.842499315477,448.605,5971.772,300.2468961696286,515.6670000000001,0.0,0.0,0.0,265.319,93.87200000000001,0.0,0.0,30581.846131515147
20-06-2040 07:00:00,10562.917907560512,2967.156858858649,6594.7147960210405,434.099,6340.204000000001,0.0,525.0063,0.0,0.0,0.0,266.698,93.985,0.0,0.0,33450.89299384789
20-06-2040 08:00:00,8896.40843873059,10338.95015015432,7942.741848818901,437.332,6844.283,0.0,527.97225,0.0,0.0,0.0,265.368,93.787,0.0,0.0,36339.14201706698
20-06-2040 09:00:00,7152.948696646102,18783.791116814853,2097.283930497796,433.043,7153.161,0.0,524.8383000000001,0.0,0.0,0.0,256.27299999999997,92.85700000000001,0.0,0.0,38484.54008318077
20-06-2040 10:00:00,3852.6819086517844,14580.60961322132,10115.947140037111,436.83099999999996,7441.0509999999995,0.0,523.8280500000001,0.0,0.0,0.0,255.46900000000002,93.195,0.0,0.0,39839.693714705194
20-06-2040 11:00:00,2377.6241424954583,10213.825130440271,16580.279316897795,431.36,7592.561,0.0,521.0101500000001,0.0,0.0,0.0,255.81,92.257,0.0,0.0,40797.81198066995
20-06-2040 12:00:00,5593.403427073786,25295.09347499648,17072.795424115815,434.34,7829.611999999999,0.0,521.11665,0.0,0.0,0.0,256.5195,90.3485,0.0,-12200.0,41636.41781259276
20-06-2040 13:00:00,7553.878502496989,34983.878763506254,17151.14966137716,440.35400000000004,7792.173000000001,0.0,516.9762000000001,0.0,0.0,0.0,252.8665,90.0815,0.0,-12200.0,42132.18658265254
20-06-2040 14:00:00,7979.258371220737,35425.13345794335,17700.33971992528,439.55400000000003,7474.156,0.0,514.91895,0.0,0.0,0.0,254.083,91.626,0.0,-12200.0,41240.04496250266
20-06-2040 15:00:00,8520.715394239125,33696.37128857063,17570.547425630357,436.619,7881.272,0.0,513.1551000000001,0.0,0.0,0.0,254.423,91.071,0.0,-12200.0,40635.197354072
20-06-2040 16:00:00,9197.156672423698,30343.64875981697,16021.634829452494,437.694,7901.818,0.0,509.07615000000004,0.0,0.0,0.0,264.5275,90.7465,0.0,-12200.0,40571.61298056744
20-06-2040 17:00:00,10167.468396207545,25855.811303815426,14937.567910835205,443.17800000000005,8073.097,0.0,512.01045,0.0,0.0,0.0,270.177,91.228,0.0,-12200.0,40677.349482333084
20-06-2040 18:00:00,11578.668460963647,19930.627220733684,15322.252660640166,434.37199999999996,7446.106,0.0,514.6104,0.0,0.0,0.0,271.592,90.728,0.0,-12200.0,40097.550984901325
20-06-2040 19:00:00,12438.83994834436,12471.135803187566,15631.117802081048,427.085,7507.544,0.0,517.2853500000001,0.0,0.0,0.0,271.45599999999996,92.13600000000001,0.0,-12200.0,39759.2019910564
20-06-2040 20:00:00,13544.118308295943,4920.290316417132,11610.757853843621,446.32199999999995,7638.69,0.0,519.8166000000001,0.0,0.0,0.0,276.4485,92.9685,0.0,-1886.268235467529,39315.6197988879
20-06-2040 21:00:00,15126.313545476136,365.978621908186,7252.266132226447,455.89099999999996,7634.85,5244.217202408447,523.53075,0.0,0.0,0.0,272.754,92.95299999999999,0.0,0.0,38633.87129321363
20-06-2040 22:00:00,16863.06682526552,3.461199876185705,5806.7558706480195,448.458,7546.3369999999995,4663.241407955462,523.27545,0.0,0.0,0.0,269.9535,92.7625,0.0,0.0,37643.48060047907
20-06-2040 23:00:00,16968.943068246204,6.56546351513976,5630.6824805361975,446.585,6495.953,3042.6331051288107,518.1088500000001,0.0,0.0,0.0,263.916,92.88799999999999,0.0,0.0,34774.57881452651
21-06-2040 00:00:00,16526.258542389533,6.954848501210652,5205.022691948514,444.369,5131.409000000001,3455.8719670599385,505.87065,0.0,0.0,0.0,267.183,93.57700000000001,0.0,0.0,32819.221878691285
21-06-2040 01:00:00,15071.261766751495,3.904666110321999,4748.859653171094,445.723,5097.534000000001,3657.4173603437976,502.56915000000004,0.0,0.0,0.0,267.0215,93.2285,0.0,0.0,30968.300965069946
21-06-2040 02:00:00,10144.309268162828,5.08544849069882,4245.375414550408,455.847,4329.912,3666.6189571035447,504.8917500000001,0.0,0.0,0.0,274.1025,91.2955,0.0,0.0,29699.821914925662
21-06-2040 03:00:00,10879.188929789227,3.8954653742355814,4104.142467812235,427.827,4618.044,2310.490684529832,503.1958500000001,0.0,0.0,0.0,278.64799999999997,91.706,0.0,0.0,29149.882740473142
21-06-2040 04:00:00,12084.130525921348,7.529111460757613,4137.437241863561,429.50699999999995,4399.331,1007.0681935558823,502.65015000000005,0.0,0.0,0.0,282.202,93.71600000000001,0.0,0.0,28865.930693368493
21-06-2040 05:00:00,13797.370414083814,6.543831015913598,8909.335912062657,429.30400000000003,4122.433,302.41827060988,503.0830500000001,0.0,0.0,0.0,282.3675,93.4325,0.0,0.0,29305.365933007735
21-06-2040 06:00:00,12148.609477821505,90.04527802889373,11478.184551279846,428.977,5318.579000000001,0.0,506.02920000000006,0.0,0.0,0.0,281.0845,94.0365,0.0,0.0,31108.15087567099
21-06-2040 07:00:00,11542.881339212547,2634.7735082486897,11661.761047680871,426.69199999999995,6050.812,0.0,514.2655500000001,0.0,0.0,0.0,279.637,92.469,0.0,0.0,33943.032994449175
21-06-2040 08:00:00,10458.546170827112,9259.953537502266,7326.47517554234,428.82599999999996,7548.934,0.0,519.6054,0.0,0.0,0.0,274.0725,93.2375,0.0,0.0,36823.819139874744
21-06-2040 09:00:00,8943.99570059851,17002.008685552904,2193.4380300548055,421.944,8160.321,0.0,513.99765,0.0,0.0,0.0,270.783,93.696,0.0,0.0,39112.31682750593
21-06-2040 10:00:00,7212.522327113085,21647.501212187606,0.0,427.17199999999997,8416.943000000001,0.0,512.6464500000001,0.0,0.0,0.0,278.677,90.889,0.0,0.0,40365.372398481886
21-06-2040 11:00:00,6028.535699759984,23765.796736602988,0.0,423.86800000000005,8285.541,0.0,503.86860000000013,0.0,0.0,0.0,277.684,88.867,0.0,0.0,41189.02792343021
21-06-2040 12:00:00,5240.532088449344,24520.69264108375,194.81185053361696,435.416,8477.558,0.0,497.67765,0.0,0.0,0.0,275.585,89.291,0.0,0.0,41846.351146540364
21-06-2040 13:00:00,2689.6502192230764,12302.752722590107,15396.633932882542,444.36199999999997,8146.9980000000005,0.0,500.3821500000001,0.0,0.0,0.0,268.58,89.25,0.0,0.0,42466.59917071482
21-06-2040 14:00:00,7881.780870553599,31334.813660086875,16006.269189908955,446.066,7734.232,0.0,500.95470000000006,0.0,0.0,0.0,272.488,91.286,0.0,-12200.0,41791.114616748535
21-06-2040 15:00:00,10529.030725478631,33536.313674911245,16061.890700174408,441.486,7212.644,0.0,500.40495000000004,0.0,0.0,0.0,272.032,92.37100000000001,0.0,-12200.0,41186.7457603725
21-06-2040 16:00:00,13070.594626755132,30696.96023465472,15984.132846182998,427.61800000000005,6902.044,0.0,499.2540000000001,0.0,0.0,0.0,271.3785,91.9785,0.0,-12200.0,41241.52213764562
21-06-2040 17:00:00,16565.24999132583,26082.915592970578,16573.806804350344,429.337,6638.592,0.0,501.8253000000001,0.0,0.0,0.0,278.4935,92.8815,0.0,-12200.0,41210.64579204217
21-06-2040 18:00:00,19955.293474762886,19511.589504971984,17021.787113850296,429.97900000000004,6325.305,0.0,499.2054,0.0,0.0,0.0,269.193,91.775,0.0,-12200.0,40731.204810587304
21-06-2040 19:00:00,21590.619671891873,12182.07137491317,14914.817643154878,431.715,6281.924,0.0,502.94220000000007,0.0,0.0,0.0,267.5685,92.6155,0.0,-12200.0,40056.24253158972
21-06-2040 20:00:00,24256.42709927964,4849.346532845238,11073.048173242132,437.97,6114.154,0.0,509.1273000000001,0.0,0.0,0.0,272.1525,93.1785,0.0,-10266.096397215224,39440.32522335942
21-06-2040 21:00:00,25867.73782891475,361.479062028885,7104.634961886157,445.23400000000004,6119.991999999999,0.0,508.4121000000001,0.0,0.0,0.0,271.5225,92.9485,0.0,-3574.6839582618486,38857.976357562
21-06-2040 22:00:00,27637.55157218812,3.1583448869526953,5647.819729205192,440.365,5809.195,0.0,508.25265,0.0,0.0,0.0,270.874,92.234,0.0,-3837.754362776901,37995.43441086987
21-06-2040 23:00:00,29019.43862695276,6.046283533682695,5281.964904114837,436.79699999999997,4341.833,0.0,505.2780000000001,0.0,0.0,0.0,268.438,92.78399999999999,0.0,-6025.269911872667,35210.35068957048
22-06-2040 00:00:00,28579.252587183742,6.057099783323794,4360.552752035379,432.92,3710.2209999999995,0.0,499.7019,0.0,0.0,0.0,268.8315,91.4285,0.0,-5739.256391670377,33308.935011845424
22-06-2040 01:00:00,25933.75046066106,2.7473274017223788,3544.770601475495,445.73400000000004,3963.7470000000003,0.0,500.64315000000005,0.0,0.0,0.0,274.914,93.161,0.0,-4296.032127941326,31416.65207824897
22-06-2040 02:00:00,23990.411842330526,6.197711028295025,2662.4390942624595,451.184,3421.0159999999996,0.0,500.9530500000001,0.0,0.0,0.0,276.6145,93.8505,0.0,-2251.3667609855547,29974.354413057743
22-06-2040 03:00:00,22553.44593590806,3.91548235993508,2624.0249954036262,441.16,3470.2090000000003,0.0,498.39765000000006,0.0,0.0,0.0,272.503,94.094,0.0,-1369.73611116135,29391.78309681068
22-06-2040 04:00:00,22520.981089019297,7.463212233025427,2328.1136493998347,439.095,3289.0820000000003,0.0,496.35300000000007,0.0,0.0,0.0,273.6035,94.1135,0.0,-1171.6147810581642,29044.06514473088
22-06-2040 05:00:00,22334.058757576135,5.224248563117799,1947.5597307735297,435.68,3265.0690000000004,0.0,502.2667500000001,0.0,0.0,0.0,271.877,94.00399999999999,0.0,-151.44662024403078,29442.5795453871
22-06-2040 06:00:00,21653.368305124193,96.79461778745586,952.941532307188,434.186,3854.15,2740.4073138448766,504.7204500000001,0.0,0.0,0.0,268.512,94.383,0.0,0.0,31276.907441021274
22-06-2040 07:00:00,19799.263538046405,2541.926821570008,424.7827543671883,431.47,4823.819,4679.422224320195,513.7605000000001,0.0,0.0,0.0,262.512,93.89399999999999,0.0,0.0,34276.56210455518
22-06-2040 08:00:00,18132.79274546963,9043.195895256136,981.6117809760035,439.77099999999996,5620.388000000001,963.7216793870793,515.52795,0.0,0.0,0.0,270.8885,93.6425,0.0,0.0,36924.49619587877
22-06-2040 09:00:00,12443.466507396228,12595.80672946744,4997.779505639366,439.51,6765.847,0.0,518.5834500000001,0.0,0.0,0.0,272.9545,93.0635,0.0,-197.70885534369881,39320.39020786129
22-06-2040 10:00:00,15667.121721013022,23516.822930902803,8922.735671368544,441.277,6970.556,0.0,521.9667000000001,0.0,0.0,0.0,272.014,92.505,0.0,-12200.0,40823.95697632547
22-06-2040 11:00:00,15472.74994503602,29945.742483769704,13185.30616028732,436.94300000000004,7052.408,0.0,520.24215,0.0,0.0,0.0,275.29,91.89399999999999,0.0,-12200.0,41696.97752956561
22-06-2040 12:00:00,15736.818641717868,33221.59872942137,16180.035980020795,438.63699999999994,7129.718000000001,0.0,518.3266500000001,0.0,0.0,0.0,272.676,92.03399999999999,0.0,-12200.0,42645.397625509664
22-06-2040 13:00:00,17037.894672304818,35003.125424989965,15441.441611208953,445.548,7249.6230000000005,0.0,516.2275500000001,0.0,0.0,0.0,272.0035,91.3305,0.0,-12200.0,43148.820848582924
22-06-2040 14:00:00,17578.920352075562,35145.748566118826,16393.663975455333,447.832,6716.486999999999,0.0,517.1643000000001,0.0,0.0,0.0,261.707,90.984,0.0,-12200.0,42254.6608067948
22-06-2040 15:00:00,17653.524042435118,34036.09777106953,16908.667240087496,448.61800000000005,6572.781999999999,0.0,517.2132,0.0,0.0,0.0,260.366,92.815,0.0,-12200.0,41060.72460472983
22-06-2040 16:00:00,18873.678898616967,31114.14258326061,16600.591429445078,446.10900000000004,6607.343000000001,0.0,513.8580000000001,0.0,0.0,0.0,260.0015,92.9005,0.0,-12200.0,40890.227122817174
22-06-2040 17:00:00,20414.04578621275,26645.18194514519,15159.948707790521,456.08,6569.418000000001,0.0,514.94925,0.0,0.0,0.0,270.1375,93.5285,0.0,-12200.0,40781.70106265391
22-06-2040 18:00:00,22535.627785994202,20523.36854200407,14445.74466065137,455.585,6186.764,0.0,516.2308500000001,0.0,0.0,0.0,275.866,93.285,0.0,-12200.0,40221.497176316516
22-06-2040 19:00:00,25191.143194545148,12986.108264206598,13446.267692603345,457.381,5689.643,0.0,520.0833000000001,0.0,0.0,0.0,278.0395,94.3205,0.0,-12200.0,39658.17972766567
22-06-2040 20:00:00,27390.166654789235,5202.150965158184,9926.089130671287,459.523,5352.45,0.0,524.34225,0.0,0.0,0.0,281.35400000000004,93.796,0.0,-12200.0,38820.44807393125
22-06-2040 21:00:00,28180.21808063055,514.5614428430699,6449.762279765244,464.227,5092.067,0.0,525.3738000000001,0.0,0.0,0.0,283.1,94.102,0.0,-5273.653908490571,37902.821741651125
22-06-2040 22:00:00,28521.6675138838,2.97446864359709,5348.400246319303,457.851,4826.138,0.0,526.5273000000001,0.0,0.0,0.0,282.8265,94.3205,0.0,-4531.763089822169,36914.25119950194
22-06-2040 23:00:00,28472.30501199659,5.094453567760835,5070.932929973031,456.397,3916.37,0.0,521.9826,0.0,0.0,0.0,284.1,95.014,0.0,-5451.9967405206335,34640.412550112684
23-06-2040 00:00:00,27292.973230639775,4.348132344458293,4497.343779410061,459.501,4648.768,0.0,506.8755000000001,0.0,0.0,0.0,269.369,95.105,0.0,-5698.387052120819,33210.36267932638
23-06-2040 01:00:00,25738.230398144315,2.7473274017224036,3485.7286577500054,459.49300000000005,4444.173,0.0,503.0005500000001,0.0,0.0,0.0,260.198,94.583,0.0,-4356.331001752416,31598.2226078777
23-06-2040 02:00:00,23506.15807959509,5.159351065439317,2911.323865361919,454.907,3969.107,0.0,502.03260000000006,0.0,0.0,0.0,259.772,94.78200000000001,0.0,-2727.0383493516783,29844.054248180728
23-06-2040 03:00:00,20124.65845861971,2.823041149013966,2345.794659285515,458.93,4004.885,271.5253940425355,503.59410000000014,0.0,0.0,0.0,265.1055,94.4725,0.0,0.0,28856.530859903996
23-06-2040 04:00:00,18002.05927459353,6.338322273265073,2148.786462329881,451.07,3559.8740000000003,2415.6585654026203,502.90110000000016,0.0,0.0,0.0,274.9245,95.2915,0.0,0.0,28211.313702735046
23-06-2040 05:00:00,16338.95331604025,5.0079235708561916,1790.2987246918783,450.31699999999995,3387.5159999999996,4238.577380836163,503.2125000000001,0.0,0.0,0.0,274.985,94.70299999999999,0.0,0.0,27803.8082864139
23-06-2040 06:00:00,14713.278235279373,97.8221615006985,686.5511581661121,445.061,3712.673,6562.507732058079,499.11240000000004,0.0,0.0,0.0,274.1765,94.3265,0.0,0.0,27702.376461242166
23-06-2040 07:00:00,13347.089872109733,2707.729111888917,398.3050912496401,450.162,3899.0040000000004,6266.251217889396,499.4670000000001,0.0,0.0,0.0,264.5685,94.2415,0.0,0.0,28549.58048663121
23-06-2040 08:00:00,11423.178335733013,10009.8224906779,733.0690532225417,449.03,4268.293,2378.024724555944,500.5249500000001,0.0,0.0,0.0,265.5705,92.0325,0.0,0.0,30867.920385668553
23-06-2040 09:00:00,6417.475656286034,11088.37890792569,8126.704331454792,454.157,4989.102,0.0,498.9714,0.0,0.0,0.0,268.62,92.645,0.0,0.0,33616.055384876534
23-06-2040 10:00:00,5683.98094687091,14574.901443797886,15883.67734656451,455.43800000000005,5362.651,0.0,496.8144,0.0,0.0,0.0,271.445,92.44,0.0,-9586.113471977857,35852.62093626787
23-06-2040 11:00:00,9926.458178135761,29419.48610339787,17923.7378765764,448.64099999999996,5177.657999999999,0.0,491.16990000000004,0.0,0.0,0.0,277.1645,92.4845,0.0,-12200.0,36842.42276769511
23-06-2040 12:00:00,11869.415234515858,33911.420774547354,18181.726262884884,436.26599999999996,5100.484,0.0,488.99145000000004,0.0,0.0,0.0,273.522,91.949,0.0,-12200.0,37429.982851467284
23-06-2040 13:00:00,12780.605094800001,35298.12692565146,18197.890003569075,439.654,4986.029,0.0,484.46505000000013,0.0,0.0,0.0,274.6565,91.7285,0.0,-12200.0,37948.59966344493
23-06-2040 14:00:00,12694.801176345622,35212.567361642745,16965.306110048754,437.73800000000006,4642.659000000001,0.0,483.92250000000007,0.0,0.0,0.0,278.2595,92.1265,0.0,-12200.0,37418.551204698604
23-06-2040 15:00:00,12866.512404400348,33829.66611429525,17037.336930580146,431.80699999999996,5255.467,0.0,482.30595000000005,0.0,0.0,0.0,272.4605,93.0145,0.0,-12200.0,36423.20559559432
23-06-2040 16:00:00,13710.739110765204,31059.984829544486,17410.778101678035,429.564,4535.255999999999,0.0,479.67345000000006,0.0,0.0,0.0,269.2055,92.7205,0.0,-12200.0,35477.30387681415
23-06-2040 17:00:00,14850.28110210886,26331.867600540903,15026.060663685785,429.842,4642.751,0.0,480.2512500000001,0.0,0.0,0.0,267.9725,92.7625,0.0,-12200.0,35071.74211199692
23-06-2040 18:00:00,15790.206899449486,20021.267416593655,12494.11549109465,429.311,4909.275,0.0,481.6963500000001,0.0,0.0,0.0,270.08099999999996,92.796,0.0,-12200.0,35019.41082971616
23-06-2040 19:00:00,16848.683126591546,12616.49538233457,11878.902296425716,431.14300000000003,4928.348,0.0,482.46870000000007,0.0,0.0,0.0,274.872,93.531,0.0,-12200.0,35021.261111549764
23-06-2040 20:00:00,17573.135759597204,5152.655806926428,8847.40720216799,432.745,5673.138000000001,0.0,484.73925,0.0,0.0,0.0,269.959,94.12299999999999,0.0,-5333.396014974718,34996.97123360715
23-06-2040 21:00:00,18389.4328908295,527.3138011368922,6269.259866839828,433.89,6021.5380000000005,735.2827878131247,484.23300000000006,0.0,0.0,0.0,274.092,94.15299999999999,0.0,0.0,34744.00006149784
23-06-2040 22:00:00,19108.11889436974,2.3363099164253516,5451.083412857901,428.779,5847.026,1408.954886825144,483.84135000000015,0.0,0.0,0.0,274.63599999999997,93.947,0.0,0.0,34460.129852351245
23-06-2040 23:00:00,18954.775285905882,5.2783298111832,5010.636827312206,430.75300000000004,4696.404,1297.716870062981,482.8950000000001,0.0,0.0,0.0,276.243,93.991,0.0,0.0,32486.210579665363
24-06-2040 00:00:00,18721.65417008265,5.040372319695433,4456.965123897244,436.05800000000005,3404.7729999999997,1546.2311029792763,477.8268000000001,0.0,0.0,0.0,274.677,94.12299999999999,0.0,0.0,30529.3716328078
24-06-2040 01:00:00,18869.768749121497,2.3687586652645916,3306.1909824671457,437.62,3302.276,1286.5075509894486,478.3224,0.0,0.0,0.0,276.2015,94.0355,0.0,0.0,28992.0716300225
24-06-2040 02:00:00,17694.4825038435,4.943026073177711,2560.0892007276416,436.16900000000004,3310.4809999999998,1846.4987409862915,479.0335500000001,0.0,0.0,0.0,281.264,94.074,0.0,0.0,27527.992048312462
24-06-2040 03:00:00,14418.309923054165,3.28813988237642,1359.8064775491075,426.97900000000004,3549.2459999999996,5425.694951489675,479.3452500000001,0.0,0.0,0.0,281.416,95.12100000000001,0.0,0.0,26702.068123963025
24-06-2040 04:00:00,11709.371006119929,6.240976026747351,342.6134182465612,427.85900000000004,3449.0,8000.0,481.01580000000007,0.0,0.0,0.0,279.72900000000004,95.595,0.0,0.0,26103.95205957343
24-06-2040 05:00:00,9828.297287725094,5.137718566213156,3849.2866124875363,427.03,3237.572,2183.113108851532,482.14155000000005,0.0,0.0,0.0,280.5945,95.1945,0.0,0.0,25899.79722944621
24-06-2040 06:00:00,8111.500954557824,70.32725498424831,7433.036672476992,429.23,3146.961,0.0,484.2915000000001,0.0,0.0,0.0,279.106,94.87799999999999,0.0,0.0,25567.641881063457
24-06-2040 07:00:00,6393.822802818879,1965.9723459230936,7681.660294122008,419.746,3211.5229999999997,0.0,483.9441000000001,0.0,0.0,0.0,276.8965,95.6785,0.0,0.0,25286.207095150545
24-06-2040 08:00:00,4821.517083770896,8635.228592349973,7882.769674564346,418.29,3534.179,0.0,483.2565000000001,0.0,0.0,0.0,275.9615,95.7015,0.0,0.0,26759.408261267705
24-06-2040 09:00:00,3294.261464384613,16832.88580660278,2442.0154817804655,420.231,4002.732,0.0,477.91020000000003,0.0,0.0,0.0,275.675,95.266,0.0,0.0,28886.7510138801
24-06-2040 10:00:00,2801.446107067294,20284.57807052513,0.0,419.404,4245.621,0.0,475.14540000000005,0.0,0.0,0.0,274.14599999999996,94.027,0.0,0.0,30679.816211061003
24-06-2040 11:00:00,2500.589676157909,18092.023076781203,3231.4605324006698,414.79,4299.47,0.0,470.83725000000004,0.0,0.0,0.0,274.5465,93.1785,0.0,0.0,31960.93215790173
24-06-2040 12:00:00,1426.6241490019538,8753.262051914568,17560.303665934654,411.647,4455.029,0.0,465.00090000000006,0.0,0.0,0.0,271.647,93.527,0.0,-3186.4469552726423,32989.242096512135
24-06-2040 13:00:00,5446.246436837506,31560.270616199912,17813.74024463864,420.445,4544.126,0.0,464.8659,0.0,0.0,0.0,273.473,93.197,0.0,-12200.0,33754.47238723008
24-06-2040 14:00:00,6247.0115690309985,34506.36745935807,17790.463756426005,416.56300000000005,4787.834,0.0,465.4494,0.0,0.0,0.0,271.97900000000004,92.132,0.0,-12200.0,34363.40073384215
24-06-2040 15:00:00,6705.105552656248,33199.79072852277,17262.445303961285,420.077,4582.166,0.0,463.52790000000005,0.0,0.0,0.0,276.6535,92.6485,0.0,-12200.0,33556.542449785404
24-06-2040 16:00:00,6629.054551315547,30174.797462640734,16483.086384579656,418.07199999999995,4467.0470000000005,0.0,460.6059,0.0,0.0,0.0,270.193,93.09700000000001,0.0,-12200.0,32900.97167494986
24-06-2040 17:00:00,7291.082866853286,25976.308991246373,15240.337664443476,407.82,4568.919,0.0,457.5045000000001,0.0,0.0,0.0,268.126,92.38,0.0,-12200.0,32801.86888366631
24-06-2040 18:00:00,8164.765787692699,19920.654414339508,13216.537348880054,406.936,4621.092000000001,0.0,461.9590500000001,0.0,0.0,0.0,267.8845,91.9065,0.0,-12200.0,32808.54760502537
24-06-2040 19:00:00,9030.224402024021,12415.313132811652,10759.008529900137,418.983,5056.706,0.0,464.8761000000001,0.0,0.0,0.0,268.478,92.179,0.0,-7242.311521976444,33231.04127137427
24-06-2040 20:00:00,9192.359127785645,4893.282141207154,7377.480307890248,415.62699999999995,6006.424,3250.193348634175,466.3431000000001,0.0,0.0,0.0,275.8975,93.0105,0.0,0.0,33569.644334879915
24-06-2040 21:00:00,6954.105623582121,296.12788961413344,4956.08763087718,419.16,6598.448,8000.0,468.93885000000006,0.0,0.0,0.0,275.1475,93.0515,0.0,0.0,34398.22018106115
24-06-2040 22:00:00,8883.833998873972,1.694627408573788,4038.819439306295,421.375,7069.619000000001,8000.0,473.14080000000007,0.0,0.0,0.0,272.2965,93.1345,0.0,0.0,35452.01706374613
24-06-2040 23:00:00,13113.036658585745,5.267513561570121,3664.687490447337,425.13699999999994,5500.715,8000.0,475.6335,0.0,0.0,0.0,270.048,93.79700000000001,0.0,0.0,33661.677814550014
25-06-2040 00:00:00,14507.12993839851,5.2783298111832,4269.58779611711,417.01,4714.208,1438.3406545653124,472.8757500000001,0.0,0.0,0.0,268.94,93.566,0.0,0.0,31117.37736146066
25-06-2040 01:00:00,15224.148995428264,1.9361086807413788,7736.94851057061,430.23400000000004,3991.384,0.0,470.76945,0.0,0.0,0.0,270.7675,94.1185,0.0,0.0,28993.6745380283
25-06-2040 02:00:00,14950.015580771531,5.072821068534674,7835.852294456548,428.319,3105.618,0.0,469.0843500000001,0.0,0.0,0.0,270.026,93.604,0.0,0.0,27762.80449350068
25-06-2040 03:00:00,13603.644929712687,4.586089835946059,9047.649582847362,430.92400000000004,2820.4390000000003,0.0,472.15440000000007,0.0,0.0,0.0,273.3185,94.4435,0.0,0.0,27257.800681864683
25-06-2040 04:00:00,12476.576369228856,6.760156008175206,9803.226308948157,433.093,2960.9429999999998,0.0,470.7351000000001,0.0,0.0,0.0,274.8235,94.3035,0.0,0.0,27024.386177796398
25-06-2040 05:00:00,11602.164300031101,4.683436082463783,11163.112316845982,429.596,2992.2340000000004,0.0,475.3645500000001,0.0,0.0,0.0,279.2065,94.2865,0.0,0.0,27557.067958838612
25-06-2040 06:00:00,11284.728952354762,87.26550187833209,12712.121891595492,429.468,3793.845,0.0,485.0377500000001,0.0,0.0,0.0,278.1455,94.2175,0.0,0.0,29726.341505234628
25-06-2040 07:00:00,11011.283975003984,2232.5063688886194,12366.971704299061,431.27099999999996,5320.222,0.0,500.27295000000004,0.0,0.0,0.0,275.217,94.436,0.0,0.0,32865.5767580894
25-06-2040 08:00:00,9043.103599279064,8484.19048275292,10369.187163610455,433.709,5928.703,0.0,512.20455,0.0,0.0,0.0,275.9625,94.2105,0.0,0.0,35880.65676074522
25-06-2040 09:00:00,6789.840561632448,16342.985412877533,6734.443851996283,435.142,6672.974,0.0,514.4127,0.0,0.0,0.0,272.89,89.44,0.0,0.0,38787.67829557087
25-06-2040 10:00:00,4964.530265020096,23264.62802777603,2002.700800329656,429.939,7403.475,0.0,514.05375,0.0,0.0,0.0,268.039,90.70100000000001,0.0,0.0,40512.67663108993
25-06-2040 11:00:00,3676.071006046332,26665.280517945044,0.0,425.19599999999997,7708.071,0.0,511.90350000000007,0.0,0.0,0.0,261.945,91.916,0.0,0.0,41311.428865400914
25-06-2040 12:00:00,3092.961008109306,27767.977542021275,0.0,414.77,7888.085999999999,0.0,509.59620000000007,0.0,0.0,0.0,260.356,90.479,0.0,0.0,42243.091895451
25-06-2040 13:00:00,3100.6255692228997,28622.495948366133,0.0,420.199,7569.465999999999,0.0,506.0763000000001,0.0,0.0,0.0,261.5745,90.3265,0.0,0.0,43033.97206217821
25-06-2040 14:00:00,2955.086204944075,28408.143556321294,0.0,423.684,7338.075,0.0,505.6513500000001,0.0,0.0,0.0,261.4715,90.0625,0.0,0.0,42569.94154021652
25-06-2040 15:00:00,3501.6535929499146,27685.74724169987,0.0,415.73400000000004,6852.0740000000005,0.0,503.40765000000005,0.0,0.0,0.0,257.666,90.838,0.0,0.0,41999.791738039945
25-06-2040 16:00:00,3732.1680089523943,22514.580564384934,5235.555205604556,422.592,6574.509,0.0,502.1853000000001,0.0,0.0,0.0,254.75799999999998,91.051,0.0,0.0,41985.16022711118
25-06-2040 17:00:00,3823.984758843803,17800.747446519817,16084.114747322397,427.17400000000004,6859.349,0.0,504.1455,0.0,0.0,0.0,252.5725,91.0035,0.0,-6494.019868082254,41996.09080238208
25-06-2040 18:00:00,6090.136935281153,18024.579861942315,15291.530151895306,434.533,6471.664000000001,0.0,502.9005000000001,0.0,0.0,0.0,247.7655,89.9825,0.0,-8353.141980039807,41371.27808010152
25-06-2040 19:00:00,6840.1891317275495,11465.620586609462,13118.09025762658,436.745,6336.899,0.0,505.58700000000005,0.0,0.0,0.0,249.5765,91.3495,0.0,-596.8247319331313,40777.066802283494
25-06-2040 20:00:00,4637.592709948854,2801.1707993460286,10026.69023123684,440.45300000000003,6535.401,8000.0,508.5141000000001,0.0,0.0,0.0,251.0165,92.0015,0.0,0.0,40205.917833037165
25-06-2040 21:00:00,8595.588409404752,413.21318396850785,7897.3664363093485,437.63699999999994,6594.924,8000.0,513.4915500000001,0.0,0.0,0.0,251.032,92.116,0.0,0.0,39273.78907060756
25-06-2040 22:00:00,9221.4823464028,2.7797761505616445,6937.925448769063,418.656,6701.545,8000.0,515.03565,0.0,0.0,0.0,249.9615,91.8395,0.0,0.0,38308.16886782382
25-06-2040 23:00:00,9489.969028100562,5.775877293384896,14537.895227582103,439.66,5537.588000000001,3477.012286614652,513.82245,0.0,0.0,0.0,251.7475,93.4925,0.0,0.0,35429.486701901784
26-06-2040 00:00:00,8712.127695377138,6.003018535259583,15068.507412979638,447.131,5449.308000000001,0.0,501.33375000000007,2159.7857366148965,0.0,0.0,252.4995,93.7035,0.0,0.0,33564.57261342457
26-06-2040 01:00:00,8930.358453740067,1.925292431128299,15068.507412979638,445.754,5011.21,0.0,498.7446000000001,559.6789724356495,0.0,0.0,257.5285,93.7985,0.0,0.0,31524.77452848275
26-06-2040 02:00:00,8343.156240386908,6.1436297802296265,15068.507412979638,449.17800000000005,4223.795,0.0,498.36165,493.7776362300556,0.0,0.0,268.397,93.051,0.0,0.0,30017.003892909397
26-06-2040 03:00:00,8060.007391122394,2.660797404817761,15068.507412979638,449.384,4040.2509999999997,0.0,497.46330000000006,419.21609404077026,0.0,0.0,274.6435,93.7935,0.0,0.0,29459.231337907764
26-06-2040 04:00:00,7026.829302770039,7.776883471804759,15068.507412979638,448.827,3975.078,0.0,498.03675000000004,1542.9246336116448,0.0,0.0,270.0925,94.0925,0.0,0.0,29474.16527729062
26-06-2040 05:00:00,5896.933508181409,4.120991102583606,15068.507412979638,446.74800000000005,4407.201,0.0,494.6043000000001,2529.5093410915397,0.0,0.0,269.5975,94.4415,0.0,0.0,29758.07045356476
26-06-2040 06:00:00,4653.07426607976,81.69513332759573,15068.507412979638,448.87199999999996,4794.549,0.0,493.8894,4920.277987279227,0.0,0.0,276.943,93.71700000000001,0.0,0.0,31428.58926040402
26-06-2040 07:00:00,3427.0177033001223,2115.9504630580655,15068.507412979638,446.514,5735.633000000001,0.0,497.802,5761.1296013150895,0.0,0.0,277.9755,93.5035,0.0,0.0,34102.720798074384
26-06-2040 08:00:00,2324.655533324442,8762.622380292833,15068.507412979638,456.099,6716.126,0.0,502.52265000000006,1810.9374325539065,0.0,0.0,279.9355,94.7615,0.0,0.0,36798.82768743718
26-06-2040 09:00:00,1204.9857400669875,17049.39467510781,11834.460050090196,447.36,6925.821,0.0,504.71475000000004,0.0,0.0,0.0,276.2435,94.2225,0.0,0.0,39549.43307700635
26-06-2040 10:00:00,1146.4685690606757,24440.873540699286,5004.054231478035,447.51199999999994,6939.706,0.0,499.91490000000005,0.0,0.0,0.0,273.197,90.25,0.0,0.0,41082.850612663206
26-06-2040 11:00:00,1626.9554734010394,29348.63453444139,0.0,451.658,6806.818,0.0,501.3345000000001,0.0,0.0,0.0,266.363,88.60600000000001,0.0,0.0,41833.7161097975
26-06-2040 12:00:00,1968.931124400028,29825.423215772633,0.0,449.945,6790.172,0.0,499.43745000000007,0.0,0.0,0.0,268.218,88.204,0.0,0.0,42820.03722407226
26-06-2040 13:00:00,2405.6613841839235,30107.563595267467,0.0,446.501,6616.991,0.0,500.2750500000001,0.0,0.0,0.0,270.0975,89.6735,0.0,0.0,43419.15505946662
26-06-2040 14:00:00,2845.1576871417815,29217.45774152857,0.0,448.13,6609.549,0.0,505.32720000000006,0.0,0.0,0.0,272.21,89.729,0.0,0.0,42969.41530493563
26-06-2040 15:00:00,3388.473116825001,28402.580135665725,0.0,439.031,6238.109,0.0,507.9370500000001,0.0,0.0,0.0,262.589,90.441,0.0,0.0,42258.27134870806
26-06-2040 16:00:00,4833.190117281394,26983.43035228965,0.0,425.45300000000003,6231.078,0.0,510.2616000000001,0.0,0.0,0.0,255.7465,90.7715,0.0,0.0,42132.90415274842
26-06-2040 17:00:00,7131.462479122107,24668.23330595017,0.0,441.089,6341.331,0.0,509.5045500000001,0.0,0.0,0.0,254.24099999999999,91.34100000000001,0.0,0.0,42213.04322919611
26-06-2040 18:00:00,9875.803329461412,18060.06503895404,0.0,450.92199999999997,5438.4130000000005,4028.9577491002947,512.52165,0.0,0.0,0.0,260.9855,90.8655,0.0,0.0,41516.65614476944
26-06-2040 19:00:00,5993.020805801461,6054.6333556511445,11822.716637889034,454.074,4994.036,8000.0,513.57825,0.0,0.0,0.0,261.99,89.73899999999999,0.0,0.0,40819.14267244727
26-06-2040 20:00:00,8529.106078344077,3011.735680595955,11960.605716995631,450.80300000000005,5101.439,8000.0,517.9932000000001,0.0,0.0,0.0,256.21,90.90799999999999,0.0,0.0,40058.78918004819
26-06-2040 21:00:00,11969.248353867923,422.6449536311139,10755.376938365433,457.3,5399.405,8000.0,520.8369,0.0,0.0,0.0,258.245,91.235,0.0,0.0,39499.83295058047
26-06-2040 22:00:00,11935.92489415937,2.7365111521093235,15068.507412979638,447.566,5518.562,3401.4245255958485,519.7627500000001,12.290884029382141,0.0,0.0,262.615,91.844,0.0,0.0,38656.3499483481
26-06-2040 23:00:00,12449.270934509455,4.456294840589096,15068.507412979638,445.83099999999996,4187.9890000000005,0.0,514.0930500000001,1242.0635001123228,0.0,0.0,273.0595,93.0125,0.0,0.0,35563.46994688215
27-06-2040 00:00:00,12193.764003366692,5.58118480034945,14872.585108560876,448.598,3970.1490000000003,0.0,503.0488500000001,0.0,0.0,0.0,269.4625,92.8555,0.0,0.0,33557.84255734639
27-06-2040 01:00:00,11534.944972067473,2.4552886621692345,13866.397196668646,449.017,3749.197,0.0,500.7606000000001,0.0,0.0,0.0,266.9035,93.3615,0.0,0.0,31574.07743432458
27-06-2040 02:00:00,10747.256665293682,5.0079235708561916,13769.585482446286,444.168,3202.179,0.0,502.6290000000001,0.0,0.0,0.0,275.5225,94.1125,0.0,0.0,30036.20456583287
27-06-2040 03:00:00,9719.168371855027,3.558546122703428,14537.148690331596,450.736,2875.7509999999997,0.0,503.2303500000001,0.0,0.0,0.0,274.045,94.255,0.0,0.0,29350.39950137392
27-06-2040 04:00:00,7998.867970152944,6.4248522701697155,15068.507412979638,450.29400000000004,3128.27,0.0,502.26750000000004,975.7189675758018,0.0,0.0,276.1775,94.7275,0.0,0.0,29258.25554046043
27-06-2040 05:00:00,5914.705246500907,4.467111090202176,15068.507412979638,449.899,3623.6020000000003,0.0,503.7802500000001,3080.847386233727,0.0,0.0,270.5425,94.4015,0.0,0.0,29660.339936041608
27-06-2040 06:00:00,5174.399217453374,70.46786622921834,15068.507412979638,450.216,3808.7309999999998,0.0,506.3730000000001,5241.509963129269,0.0,0.0,271.918,94.428,0.0,0.0,31333.037864509522
27-06-2040 07:00:00,4123.689183551011,2049.8956266709843,15068.507412979638,446.094,4858.102,0.0,516.8383500000001,5969.3687837735015,0.0,0.0,265.54200000000003,93.88799999999999,0.0,0.0,34093.62711297118
27-06-2040 08:00:00,2692.277187079958,9062.383922069741,15068.507412979638,447.875,5963.244000000001,0.0,523.5024,1895.4485381353443,0.0,0.0,260.7175,92.9205,0.0,0.0,36838.458090617896
27-06-2040 09:00:00,1625.2341714750403,17165.366503459256,10928.493244526235,452.411,6711.682,0.0,513.5998500000001,0.0,0.0,0.0,263.728,93.29799999999999,0.0,0.0,39459.50469281193
27-06-2040 10:00:00,1373.9661576768208,24190.812665894486,4615.669144213114,453.728,6834.1669999999995,0.0,511.56810000000013,0.0,0.0,0.0,259.897,91.97399999999999,0.0,0.0,40862.57482077055
27-06-2040 11:00:00,1405.5298478673367,28929.06550139736,376.86370487541626,448.798,7000.005,0.0,512.5737,0.0,0.0,0.0,255.66099999999997,89.34700000000001,0.0,0.0,41682.23181748625
27-06-2040 12:00:00,1514.6587416697487,29923.94535503991,0.0,440.811,7539.144,0.0,507.8113500000001,0.0,0.0,0.0,260.062,92.79700000000001,0.0,0.0,42947.59990925215
27-06-2040 13:00:00,2561.398678929359,29820.34724124942,0.0,437.249,7190.456999999999,0.0,508.40745000000004,0.0,0.0,0.0,258.7375,91.7045,0.0,0.0,43704.69067105971
27-06-2040 14:00:00,4195.228329256471,28249.265456755067,0.0,451.836,6134.766,0.0,512.9986500000001,0.0,0.0,0.0,265.8945,92.4845,0.0,0.0,42836.510833038745
27-06-2040 15:00:00,6754.315842870614,25458.074342698736,0.0,455.82300000000004,5495.004,0.0,512.8284,0.0,0.0,0.0,273.399,92.37100000000001,0.0,0.0,41944.53958463793
27-06-2040 16:00:00,7716.537510078875,24266.63274824458,0.0,455.723,5738.26,0.0,508.89615000000003,0.0,0.0,0.0,272.8145,92.4345,0.0,0.0,41907.92453822097
27-06-2040 17:00:00,9534.09344836045,22713.668939562984,0.0,455.705,5494.276,0.0,511.09350000000006,0.0,0.0,0.0,275.3505,92.6165,0.0,0.0,41921.58217744883
27-06-2040 18:00:00,5905.761564568416,11132.791435867675,14635.146734098555,457.022,5436.023,0.0,512.172,0.0,0.0,0.0,276.29900000000004,91.61399999999999,0.0,0.0,41277.16554430599
27-06-2040 19:00:00,6658.121301583121,7905.210130381577,16718.745479633653,458.639,5263.855,0.0,511.95990000000006,0.0,0.0,0.0,275.4145,92.4235,0.0,0.0,40656.96290299917
27-06-2040 20:00:00,2950.8228886825073,1267.1071360095848,13723.480698080117,459.284,5257.095,8000.0,516.9307500000001,0.0,0.0,0.0,278.3225,93.1935,0.0,0.0,39944.69851072763
27-06-2040 21:00:00,8769.173846998649,400.8341351192926,8401.10882998756,462.95300000000003,5700.621,8000.0,517.7257500000001,0.0,0.0,0.0,279.33299999999997,93.829,0.0,0.0,39126.73593173446
27-06-2040 22:00:00,10159.35441175862,2.7689599009485644,11303.244119189349,454.48800000000006,5844.116999999999,8000.0,516.9067500000001,0.0,0.0,0.0,281.0425,92.9215,0.0,0.0,38074.02079805875
27-06-2040 23:00:00,9256.793765522934,4.477927339815256,10442.924981944794,456.611,4981.708,8000.0,509.50815,0.0,0.0,0.0,276.6655,94.1255,0.0,0.0,35341.11770279912
28-06-2040 00:00:00,9453.49732138612,5.624449798801772,14766.522020330522,457.319,4956.465999999999,1795.1729590805226,494.52150000000006,0.0,0.0,0.0,273.497,93.19,0.0,0.0,33524.092955433625
28-06-2040 01:00:00,8978.525859405147,1.081624961308033,15068.507412979638,459.135,4452.212,0.0,491.63430000000005,780.9405558110029,0.0,0.0,274.5175,94.2885,0.0,0.0,31720.33376907875
28-06-2040 02:00:00,8913.940384280597,5.418941056153245,15068.507412979638,449.00300000000004,3807.8759999999997,0.0,496.9060500000001,193.42045001415863,0.0,0.0,278.10900000000004,94.93799999999999,0.0,0.0,30359.83351495806
28-06-2040 03:00:00,9657.491350966879,1.7197836884797724,14123.075630506732,438.974,3447.177,0.0,495.47865,0.0,0.0,0.0,281.101,94.18299999999999,0.0,0.0,29522.514770921083
28-06-2040 04:00:00,10006.35888957305,6.284241025199671,13787.915479056926,436.713,3277.413,0.0,495.1447500000001,0.0,0.0,0.0,285.284,94.62700000000001,0.0,0.0,29351.827945732755
28-06-2040 05:00:00,10073.48152690382,3.223242384697938,14004.044221681814,435.67,3348.487,0.0,492.82335000000006,0.0,0.0,0.0,284.197,95.425,0.0,0.0,29584.06435519571
28-06-2040 06:00:00,10360.606294991498,66.85523885844951,15068.507412979638,439.483,3471.303,0.0,497.1445500000001,209.40154760208497,0.0,0.0,275.7875,94.9695,0.0,0.0,31279.222711252907
28-06-2040 07:00:00,10083.49094121739,1848.3780801296846,15068.507412979638,434.43800000000005,4190.188,0.0,506.5861500000001,734.0716158090054,0.0,0.0,268.1485,94.4405,0.0,0.0,33966.54206387372
28-06-2040 08:00:00,9045.420306842367,7409.368942451513,12954.580973445409,432.642,5033.934,0.0,510.1407000000001,0.0,0.0,0.0,268.2265,93.7815,0.0,0.0,36562.03290371034
28-06-2040 09:00:00,7664.090190567,14227.186377314049,9026.927937862343,426.392,5894.934,0.0,503.58285000000006,0.0,0.0,0.0,277.21,93.6,0.0,0.0,39296.00138038761
28-06-2040 10:00:00,6429.911614627201,20427.644733010806,4693.773779349385,429.37300000000005,6452.029,0.0,501.47415,0.0,0.0,0.0,273.695,91.25,0.0,0.0,40787.61125118864
28-06-2040 11:00:00,5921.7992447969345,25920.28923800521,0.0,417.56199999999995,6652.144,0.0,498.54315,0.0,0.0,0.0,272.1235,90.6395,0.0,0.0,41537.485765049
28-06-2040 12:00:00,5461.653614298359,26977.25115307147,0.0,425.245,6787.794,0.0,497.2281000000001,0.0,0.0,0.0,259.9335,88.2035,0.0,0.0,42443.56996931705
28-06-2040 13:00:00,5830.76744358302,27492.666863336242,0.0,411.12300000000005,6789.608,0.0,498.58965,0.0,0.0,0.0,262.6515,91.4915,0.0,0.0,43092.716092454284
28-06-2040 14:00:00,6346.205487414983,26331.8659894658,0.0,419.765,6515.355,0.0,501.0144,0.0,0.0,0.0,270.6415,92.7505,0.0,0.0,42130.8455561125
28-06-2040 15:00:00,7692.138771698923,24566.080555829714,0.0,423.32,6148.561,0.0,501.2869500000001,0.0,0.0,0.0,269.092,90.398,0.0,0.0,41299.70929781619
28-06-2040 16:00:00,10962.920721969158,21611.48026805424,0.0,433.515,5523.8769999999995,0.0,496.9587000000001,0.0,0.0,0.0,265.587,90.822,0.0,0.0,40972.02118597128
28-06-2040 17:00:00,13972.221161508469,18716.095580807407,0.0,430.724,5221.416,0.0,496.4278500000001,0.0,0.0,0.0,264.435,91.84899999999999,0.0,0.0,40833.235168825006
28-06-2040 18:00:00,16652.996756315897,14250.711720222496,0.0,436.405,4744.247,1633.5859834864423,499.45665,0.0,0.0,0.0,268.663,91.413,0.0,0.0,40201.53801431814
28-06-2040 19:00:00,17279.81118813876,8661.6310576555,0.0,435.773,4959.292,5772.655109062889,500.73345000000006,0.0,0.0,0.0,270.9145,91.2775,0.0,0.0,39630.229461053554
28-06-2040 20:00:00,17055.546934285427,3209.6679914335223,5739.498675131697,436.44199999999995,5101.036,5035.8184446263585,508.59420000000006,0.0,0.0,0.0,272.6305,91.8845,0.0,0.0,38916.18472120351
28-06-2040 21:00:00,17822.299785232568,293.56383074861316,13167.843401463593,442.80699999999996,4498.893,0.0,509.4007500000001,0.0,0.0,0.0,275.055,91.325,0.0,0.0,38269.90887844986
28-06-2040 22:00:00,17089.14112776598,2.0875361753245034,13168.139638486704,440.80699999999996,5056.75,0.0,508.5166500000001,0.0,0.0,0.0,274.862,92.469,0.0,0.0,37587.25866727408
28-06-2040 23:00:00,15218.699511360324,4.856496076273068,12863.63794329234,440.37,4751.871,0.0,507.4042500000001,0.0,0.0,0.0,278.091,92.86399999999999,0.0,0.0,34913.98047631181
29-06-2040 00:00:00,12748.725692099324,5.018739820469272,13725.875625963814,439.225,4899.35,0.0,498.1813500000001,0.0,0.0,0.0,279.1255,93.9545,0.0,0.0,33336.44186552114
29-06-2040 01:00:00,13802.495017625346,4.445478590976015,11320.81526622048,437.421,4240.038,0.0,495.50565,0.0,0.0,0.0,275.278,93.53,0.0,0.0,31256.65477834602
29-06-2040 02:00:00,13951.98260365079,5.310778560022442,10750.220413535475,441.48400000000004,3306.1459999999997,0.0,493.9416000000001,0.0,0.0,0.0,276.613,93.191,0.0,0.0,29875.30444445623
29-06-2040 03:00:00,11090.055899781615,1.611621192348969,13171.031408546405,439.39300000000003,3166.9640000000004,0.0,494.45340000000004,0.0,0.0,0.0,271.682,92.51700000000001,0.0,0.0,29267.38158875614
29-06-2040 04:00:00,9358.833324191772,2.3254936668122705,14596.690874346437,428.466,3185.2459999999996,0.0,496.37865000000005,0.0,0.0,0.0,272.5695,93.7985,0.0,0.0,28970.131617448365
29-06-2040 05:00:00,8944.30511062366,3.3097723816025804,15068.507412979638,434.625,3306.173,0.0,498.4716000000001,157.31755938122296,0.0,0.0,276.4515,93.5245,0.0,0.0,29322.38004448816
29-06-2040 06:00:00,7660.005978235032,64.16199270479252,15068.507412979638,438.059,4132.9220000000005,0.0,499.7842500000001,2152.780188417586,0.0,0.0,275.869,89.581,0.0,0.0,30970.84761352846
29-06-2040 07:00:00,6816.291251157377,1798.2014981746047,4872.198014064585,441.23900000000003,5131.823,0.0,508.5235500000001,13062.372637376213,0.0,0.0,278.797,93.491,0.0,0.0,33670.853709602015
29-06-2040 08:00:00,5595.556540810302,8183.1634397712805,263.8606176561033,445.22,6005.689,0.0,511.5385500000001,13938.91410159039,0.0,0.0,266.129,93.465,0.0,0.0,36098.2895585833
29-06-2040 09:00:00,4890.828797029595,16452.25116646887,6945.96485415687,443.44699999999995,6564.37,0.0,510.4587000000001,954.5569906771152,0.0,0.0,264.6475,94.5655,0.0,0.0,38675.330030775534
29-06-2040 10:00:00,5158.820422687121,23247.019173405934,1460.1948976860904,437.164,6736.46,0.0,509.7475500000001,0.0,0.0,0.0,264.046,93.78399999999999,0.0,0.0,40117.292532329455
29-06-2040 11:00:00,5037.191196903168,25539.5794645343,0.0,439.452,6592.116999999999,0.0,508.61865000000006,0.0,0.0,0.0,265.8705,92.2985,0.0,0.0,40928.32864414508
29-06-2040 12:00:00,5432.419481315837,25776.49963553582,0.0,439.471,6641.749,0.0,504.8374500000001,0.0,0.0,0.0,263.6785,91.2975,0.0,0.0,41886.41082701017
29-06-2040 13:00:00,6294.992888162615,25503.712871676864,0.0,437.895,6355.715999999999,0.0,503.8953000000001,0.0,0.0,0.0,268.1875,91.6825,0.0,0.0,42255.06962459437
29-06-2040 14:00:00,7133.145765826809,23946.33386961757,0.0,441.94599999999997,6119.353,0.0,503.68560000000014,0.0,0.0,0.0,261.2225,91.9395,0.0,0.0,41400.33873900822
29-06-2040 15:00:00,8498.717493797383,21893.80688957567,0.0,438.915,5797.113,0.0,503.04420000000005,0.0,0.0,0.0,264.402,92.274,0.0,0.0,40368.36469182109
29-06-2040 16:00:00,13664.629137976099,27040.145789273207,0.0,435.214,5925.331,0.0,504.2743500000001,0.0,0.0,0.0,251.717,92.28,0.0,-10693.425648314402,40057.560494705154
29-06-2040 17:00:00,14749.121813874073,23542.96944816463,0.0,424.815,5943.654,0.0,506.10735000000017,0.0,0.0,0.0,259.205,91.626,0.0,-8343.116172064743,39853.91789579726
29-06-2040 18:00:00,14999.030285804618,17449.542265760385,0.0,417.079,5921.494000000001,0.0,506.7831000000001,0.0,0.0,0.0,251.767,91.915,0.0,-3174.6043573543593,39159.69765730554
29-06-2040 19:00:00,16714.86715846976,10641.264326839917,0.0,417.504,5521.741,1983.4537296009948,511.2600000000001,0.0,0.0,0.0,255.608,92.86,0.0,0.0,38714.68850874107
29-06-2040 20:00:00,16757.685638325074,4190.031223863898,0.0,429.06199999999995,5071.462,8000.0,513.9699,0.0,0.0,0.0,266.1785,92.9305,0.0,0.0,38015.22282912851
29-06-2040 21:00:00,16681.61718364218,373.6040778854076,0.0,437.94199999999995,5058.129,8000.0,516.2278500000001,0.0,0.0,0.0,267.1215,93.3925,0.0,0.0,37314.662380831534
29-06-2040 22:00:00,16516.840874749058,3.6450761196080714,1543.265641277576,435.066,5087.056,5746.546270399005,516.4242,0.0,0.0,0.0,267.7355,92.9455,0.0,0.0,36649.66238526474
29-06-2040 23:00:00,16101.392166356132,2.195698671455307,5592.353790069132,432.23199999999997,4868.2390000000005,0.0,512.1006000000001,0.0,0.0,0.0,274.882,94.08,0.0,0.0,34224.127036863996
30-06-2040 00:00:00,16651.198310544714,2.996101142823251,8738.525735097373,436.039,4812.268,0.0,493.3360500000001,0.0,0.0,0.0,273.4585,94.2955,0.0,0.0,33044.027401562475
30-06-2040 01:00:00,17123.002187393227,2.95283614437093,7056.408171789626,434.156,4687.413,0.0,491.6119500000001,0.0,0.0,0.0,274.0055,94.4055,0.0,0.0,31283.538919559065
30-06-2040 02:00:00,17675.54661030438,3.039366141275573,6028.230379105145,436.945,3596.9570000000003,0.0,490.6903500000001,0.0,0.0,0.0,276.1245,94.2735,0.0,0.0,29653.8695294849
30-06-2040 03:00:00,17046.6281903105,3.2773236327633395,5755.848341125249,437.02,3576.1929999999998,0.0,491.0148000000001,0.0,0.0,0.0,277.7415,94.4685,0.0,0.0,28685.153619942226
30-06-2040 04:00:00,16150.298288456252,5.700163546093334,6480.581552859443,429.559,3373.8979999999997,0.0,493.10745000000003,0.0,0.0,0.0,281.1385,94.3395,0.0,0.0,28211.760091597174
30-06-2040 05:00:00,13917.336416084729,4.564457336719899,8761.787813752906,428.681,3415.297,0.0,489.3786000000001,0.0,0.0,0.0,272.519,93.822,0.0,0.0,28100.583597564957
30-06-2040 06:00:00,13416.154057348314,73.11784738442302,9624.51408787708,422.194,2996.349,0.0,480.62265,0.0,0.0,0.0,271.15,93.88799999999999,0.0,0.0,28008.12567648508
30-06-2040 07:00:00,11876.889461360934,1904.2007443827922,9659.880593723188,419.523,3233.4959999999996,0.0,482.00475000000006,0.0,0.0,0.0,265.26099999999997,94.006,0.0,0.0,28568.94595144296
30-06-2040 08:00:00,10282.42224926165,7638.781596744947,7353.332795983359,429.223,3666.579,0.0,479.40465000000006,0.0,0.0,0.0,264.562,94.23100000000001,0.0,0.0,30915.024082382923
30-06-2040 09:00:00,9404.185098627991,14227.46759980399,2741.161040411256,436.88,5003.282,0.0,477.46695000000005,0.0,0.0,0.0,272.76,94.288,0.0,0.0,33575.17100098389
30-06-2040 10:00:00,8896.456255144098,18500.517209068596,0.0,427.61699999999996,5920.809,0.0,476.58765000000005,0.0,0.0,0.0,276.9265,93.8975,0.0,0.0,35728.93067446699
30-06-2040 11:00:00,8758.510473696431,19319.034279013777,0.0,394.356,5995.221,0.0,475.4523000000001,0.0,0.0,0.0,277.8405,93.7125,0.0,0.0,36619.87560047561
30-06-2040 12:00:00,9480.504452093526,19134.371616938923,0.0,389.61400000000003,5445.0419999999995,0.0,476.31495000000007,0.0,0.0,0.0,277.053,92.685,0.0,0.0,36850.951770887725
30-06-2040 13:00:00,10098.496552427665,19331.70732950143,0.0,391.481,4947.8640000000005,0.0,475.44585000000006,0.0,0.0,0.0,276.1705,93.1965,0.0,0.0,37205.80190101237
30-06-2040 14:00:00,11868.6787443538,18035.229618586836,0.0,391.848,4268.463,0.0,475.27065,0.0,0.0,0.0,272.3025,93.0385,0.0,-403.8759540356059,36635.67181434385
30-06-2040 15:00:00,21119.59730675743,26592.184247913483,0.0,405.81,3502.1479999999997,0.0,470.6650500000001,0.0,0.0,0.0,274.198,93.63,0.0,-12200.0,35403.096192372126
30-06-2040 16:00:00,22247.101182220213,24837.86834997104,0.0,395.23400000000004,3121.295,0.0,471.50340000000006,0.0,0.0,0.0,271.256,93.226,0.0,-12200.0,34629.76319982492
30-06-2040 17:00:00,21009.832690923373,20907.8550393425,0.0,385.224,3195.659,0.0,466.6251000000001,0.0,0.0,0.0,273.8265,93.8435,0.0,-12200.0,34453.78889856456
30-06-2040 18:00:00,19984.116299035315,15925.535087151547,741.8609147459792,382.792,2990.11,0.0,473.87250000000006,0.0,0.0,0.0,276.466,94.07799999999999,0.0,-7994.635663302519,34244.91685413669
30-06-2040 19:00:00,15128.269723784402,10323.23356619826,5323.852058486897,414.153,4158.209,0.0,475.09260000000006,0.0,0.0,0.0,277.36400000000003,93.84200000000001,0.0,-3361.698303281797,34266.79139634437
30-06-2040 20:00:00,11506.107957723585,3945.4758201121513,5114.758329972479,426.559,5107.576,5756.5990914800295,478.8528000000001,0.0,0.0,0.0,273.8965,93.7325,0.0,0.0,34115.345419077144
30-06-2040 21:00:00,9497.479956461055,356.7090959897762,2755.7655278913408,427.202,6241.4980000000005,8000.0,478.91295,0.0,0.0,0.0,279.849,94.48,0.0,0.0,34250.971003079445
30-06-2040 22:00:00,8968.009786175391,3.2989561319895007,3822.19205423371,424.88199999999995,6594.168000000001,8000.0,479.64390000000003,0.0,0.0,0.0,283.6545,94.5945,0.0,0.0,34547.100538343264
30-06-2040 23:00:00,7634.665297175325,3.3963023785072233,9787.76941101787,426.574,6229.263000000001,1973.4009085199723,479.1453000000001,0.0,0.0,0.0,287.376,94.21700000000001,0.0,0.0,32669.449115675612
01-07-2040 00:00:00,6833.981769345272,1.4277449489266034,15068.507412979638,431.17900000000003,5705.323,0.0,473.73375000000004,1060.4610547497286,0.0,0.0,285.0555,94.1675,0.0,0.0,30606.931325613776
01-07-2040 01:00:00,6101.445799554295,6.749339758562126,15068.507412979638,434.63599999999997,5292.166,0.0,472.2141000000001,295.5320167921782,0.0,0.0,284.265,94.428,0.0,0.0,28643.344839114267
01-07-2040 02:00:00,5865.868741656444,0.5948937287194181,14661.597472047832,438.148,4857.934,0.0,472.30575000000005,0.0,0.0,0.0,283.6995,94.6255,0.0,0.0,27233.288353472468
01-07-2040 03:00:00,5715.920908218592,6.998113499662972,14406.26699127952,435.832,4542.181,0.0,472.78125000000006,0.0,0.0,0.0,277.752,94.48899999999999,0.0,0.0,26490.504726687195
01-07-2040 04:00:00,5041.828624552954,0.9085649674987477,15068.507412979638,434.80300000000005,3863.716,0.0,475.57515,193.538296132896,0.0,0.0,271.006,94.428,0.0,0.0,25972.10329733552
01-07-2040 05:00:00,4600.432017925965,8.85850843311279,15068.507412979638,431.403,3383.837,0.0,476.02515000000005,645.6319904574357,0.0,0.0,269.698,94.87799999999999,0.0,0.0,25507.649077945553
01-07-2040 06:00:00,4742.760629494523,70.53276372689683,15068.507412979638,428.134,3012.7209999999995,0.0,478.1865,625.2119063678147,0.0,0.0,283.265,94.896,0.0,0.0,25340.511416201938
01-07-2040 07:00:00,4942.945048140636,1764.5413293786987,13699.947411956695,430.394,2969.442,0.0,481.0035000000001,0.0,0.0,0.0,280.1885,94.1105,0.0,0.0,25217.82292540585
01-07-2040 08:00:00,4518.887005797936,7456.938808249841,9364.822828824686,431.29699999999997,3507.343,0.0,479.9869500000001,0.0,0.0,0.0,280.624,93.73100000000001,0.0,0.0,26776.644451207037
01-07-2040 09:00:00,4302.040857297547,14949.841646463172,3849.714570561455,434.293,3738.61,0.0,476.57910000000015,0.0,0.0,0.0,277.0485,92.6055,0.0,0.0,29058.890090833254
01-07-2040 10:00:00,4530.745417150898,19693.986864562117,0.0,435.92800000000005,4069.5370000000003,0.0,475.11690000000004,0.0,0.0,0.0,277.8655,92.0685,0.0,0.0,30895.14638635186
01-07-2040 11:00:00,4381.8822367696275,20662.840899718245,0.0,438.26099999999997,4229.515,0.0,473.56095000000005,0.0,0.0,0.0,277.3605,92.3525,0.0,0.0,32082.836492263337
01-07-2040 12:00:00,5334.187651973969,20447.568723825578,0.0,433.32,4127.7570000000005,0.0,470.8233000000001,0.0,0.0,0.0,276.594,91.99,0.0,0.0,32775.18301350621
01-07-2040 13:00:00,6815.415901990624,19645.449960342357,0.0,433.161,3869.048,0.0,468.4318500000001,0.0,0.0,0.0,266.5825,92.7485,0.0,0.0,33344.509228232164
01-07-2040 14:00:00,10695.294921661973,23267.874931674764,0.0,434.496,3676.937,0.0,466.6843500000001,0.0,0.0,0.0,259.77299999999997,93.515,0.0,-7060.4998846122835,33623.44498049853
01-07-2040 15:00:00,16627.953860976315,30235.552424875383,0.0,431.73400000000004,3440.599,0.0,466.28325000000007,0.0,0.0,0.0,259.0155,93.2555,0.0,-12200.0,32648.372121568278
01-07-2040 16:00:00,19406.539664085616,28104.647810038514,0.0,429.19800000000004,2977.1220000000003,0.0,465.2061000000001,0.0,0.0,0.0,271.942,92.96600000000001,0.0,-12200.0,31961.740121742205
01-07-2040 17:00:00,18915.195562219396,23618.58491690143,0.0,425.397,3004.756,0.0,465.5742000000001,0.0,0.0,0.0,275.5825,93.1895,0.0,-12200.0,31544.295485414816
01-07-2040 18:00:00,18739.23579219693,18005.95753052229,0.0,427.171,3152.357,0.0,467.0395500000001,0.0,0.0,0.0,278.6865,93.0575,0.0,-11866.290479284624,31381.728473628795
01-07-2040 19:00:00,19262.540762798817,10810.667975090162,0.0,428.898,3394.758,0.0,465.6825000000001,0.0,0.0,0.0,278.503,93.056,0.0,-5128.435072181654,31792.97500060539
01-07-2040 20:00:00,19084.77390797225,4496.012109168326,0.0,428.811,3813.8959999999997,1755.4427809371882,465.4587000000001,0.0,0.0,0.0,274.79400000000004,92.993,0.0,0.0,32303.458979505565
01-07-2040 21:00:00,17106.015577012542,480.7931115510337,0.0,431.98400000000004,5141.447,7728.769437658313,469.26150000000007,0.0,0.0,0.0,278.249,93.75,0.0,0.0,33168.557618405604
01-07-2040 22:00:00,15252.854510511463,6.825053505853688,0.0,428.04400000000004,5955.806,8000.0,469.8717000000001,0.0,0.0,0.0,282.0185,94.5205,0.0,0.0,34492.26464255519
01-07-2040 23:00:00,14232.451188572451,1.9901899288067806,0.0,426.278,5400.014,6245.787781404499,469.51125,0.0,0.0,0.0,280.127,92.78200000000001,0.0,0.0,32663.104441981734
02-07-2040 00:00:00,13659.798981651924,1.254684955117318,5719.370967634341,426.605,3543.76,0.0,467.11545000000007,0.0,0.0,0.0,279.1585,93.7545,0.0,0.0,30111.466471970973
02-07-2040 01:00:00,12989.110208262924,8.155452208262568,7665.140647065455,425.77099999999996,2908.825,0.0,465.9367500000001,0.0,0.0,0.0,281.1275,94.0075,0.0,0.0,28381.733438587515
02-07-2040 02:00:00,12663.069394262124,0.5840774791063379,9958.481825378049,425.086,2634.027,0.0,464.79240000000004,0.0,0.0,0.0,282.5575,94.4775,0.0,0.0,27310.45782801478
02-07-2040 03:00:00,12197.956509207463,6.846686005079848,9929.742269615937,422.908,2610.355,0.0,469.2162,0.0,0.0,0.0,281.8045,94.2015,0.0,0.0,26780.38407389961
02-07-2040 04:00:00,11788.746280446601,0.6165262279455788,10255.60431817353,424.403,2479.429,0.0,471.5032500000001,0.0,0.0,0.0,282.8115,94.9375,0.0,0.0,26545.43473612701
02-07-2040 05:00:00,11690.500862211153,9.51829965951069,10853.833902349488,421.023,2576.297,0.0,474.91020000000003,0.0,0.0,0.0,284.1515,95.0525,0.0,0.0,27143.37782483254
02-07-2040 06:00:00,11382.89315045861,67.98012881820986,12982.904710497573,426.673,3062.76,0.0,476.6208000000001,0.0,0.0,0.0,282.856,94.67299999999999,0.0,0.0,29452.265439714087
02-07-2040 07:00:00,10669.85774750265,2084.3021166901926,13849.985373331656,425.532,4012.9629999999997,0.0,485.3785500000001,0.0,0.0,0.0,285.5955,94.9875,0.0,0.0,32613.994227332052
02-07-2040 08:00:00,8544.249550981896,8472.346689426595,11347.028048739301,426.727,5063.985,0.0,496.4728500000001,0.0,0.0,0.0,289.258,94.455,0.0,0.0,35598.35598043977
02-07-2040 09:00:00,7362.1833585278255,15935.959123687708,6395.435598413644,426.62800000000004,5967.22,0.0,499.6078500000001,0.0,0.0,0.0,285.2305,93.5965,0.0,0.0,38204.084376838815
02-07-2040 10:00:00,7053.396021054399,22211.9473504326,1257.2659326722533,424.458,6480.023,0.0,499.0270500000001,0.0,0.0,0.0,283.5895,92.1445,0.0,0.0,39770.33492927815
02-07-2040 11:00:00,6317.997478966657,24669.838180193976,0.0,425.06199999999995,6819.3009999999995,0.0,498.75015,0.0,0.0,0.0,280.632,91.583,0.0,0.0,40613.550842174714
02-07-2040 12:00:00,5929.7400431351325,25528.05294527082,0.0,427.166,7076.999,0.0,495.9204000000001,0.0,0.0,0.0,277.3705,89.0175,0.0,0.0,41424.61113338704
02-07-2040 13:00:00,6409.220856001141,25675.10483257891,0.0,428.42,6665.104,0.0,498.71865,0.0,0.0,0.0,276.2525,87.7795,0.0,0.0,41871.45308022131
02-07-2040 14:00:00,7242.449755585455,24910.710812382113,0.0,432.046,5821.852,0.0,498.40785000000005,0.0,0.0,0.0,267.6245,87.9495,0.0,0.0,41188.17011283347
02-07-2040 15:00:00,7901.028898425135,23865.943292800446,0.0,426.295,5235.055,0.0,495.8743500000001,0.0,0.0,0.0,259.497,87.82700000000001,0.0,0.0,40253.61262300311
02-07-2040 16:00:00,8579.08371621641,22936.10825753895,0.0,428.8,4978.147,0.0,495.08580000000006,0.0,0.0,0.0,261.9505,88.6065,0.0,0.0,39905.24629110105
02-07-2040 17:00:00,9461.014876061856,21809.411717697076,0.0,432.02,5274.098000000001,0.0,496.03245000000004,0.0,0.0,0.0,262.608,89.70100000000001,0.0,0.0,39989.98019690303
02-07-2040 18:00:00,10795.613584599161,19537.835142341137,0.0,431.244,5287.675,295.2960462172832,499.83015,0.0,0.0,0.0,264.622,90.234,0.0,0.0,39398.71954946373
02-07-2040 19:00:00,10863.52521749406,12431.094047813996,0.0,428.659,5184.674,6729.715139778951,500.49360000000013,0.0,0.0,0.0,259.6095,90.2055,0.0,0.0,38798.043072959044
02-07-2040 20:00:00,10662.493788904101,5226.887728023391,402.3618910984642,428.53,5852.169,8000.0,503.6113500000001,0.0,0.0,0.0,269.5905,88.5585,0.0,0.0,38531.016231553105
02-07-2040 21:00:00,10085.235240234168,599.9232847895005,5196.248065625434,428.829,6646.653,8000.0,507.51915,0.0,0.0,0.0,269.2495,88.9745,0.0,0.0,38391.60155009266
02-07-2040 22:00:00,9907.974236826285,5.57036855073637,15068.507412979638,429.269,6723.571,704.9888140037656,506.8224000000001,1670.0640598307582,0.0,0.0,273.5355,90.1195,0.0,0.0,37846.585672798814
02-07-2040 23:00:00,9549.426032058265,1.114073710147274,15068.507412979638,430.7,5662.799,0.0,500.4208500000001,2134.3046278225484,0.0,0.0,274.195,90.12,0.0,0.0,34832.12354672633
03-07-2040 00:00:00,8526.729208307834,0.9626462155641495,15068.507412979638,433.475,5392.008000000001,0.0,490.5459,1717.8589993376336,0.0,0.0,272.5965,90.5465,0.0,0.0,32993.909836047234
03-07-2040 01:00:00,7976.660065597872,7.874229718322479,15068.507412979638,430.616,4479.209,0.0,489.9153000000001,1421.8869330551825,0.0,0.0,267.469,90.595,0.0,0.0,31113.358001747845
03-07-2040 02:00:00,8401.30985461367,0.8112187209810247,15068.507412979638,421.403,3592.5040000000004,0.0,492.84075000000007,662.8187496152441,0.0,0.0,269.6855,90.8475,0.0,0.0,29768.909147128223
03-07-2040 03:00:00,8309.48082677475,6.327506023651992,15068.507412979638,426.595,3203.1479999999997,0.0,491.30085000000014,542.6446380342677,0.0,0.0,271.904,90.48299999999999,0.0,0.0,29130.962176560657
03-07-2040 04:00:00,7624.802852623699,1.2114199566649968,15068.507412979638,422.57099999999997,3070.2,0.0,488.0385000000001,1049.819715777725,0.0,0.0,271.8525,90.3265,0.0,0.0,28798.93330502217
03-07-2040 05:00:00,6295.530973079657,8.415042198976497,15068.507412979638,417.202,3380.8320000000003,0.0,488.87535000000014,2496.6186867041215,0.0,0.0,269.71299999999997,90.666,0.0,0.0,29198.61129264569
03-07-2040 06:00:00,5136.666664886449,73.74518986198169,15068.507412979638,424.041,4360.339,0.0,489.0084,4475.454761053603,0.0,0.0,269.747,88.866,0.0,0.0,31053.16023174406
03-07-2040 07:00:00,3957.195649018314,2393.9497106134563,15068.507412979638,423.01800000000003,5163.959,0.0,490.8969,5286.237444485625,0.0,0.0,270.872,90.212,0.0,0.0,33850.85443839888
03-07-2040 08:00:00,2492.3209583273915,9555.107356944003,15068.507412979638,420.728,6928.639,0.0,494.3203500000001,508.51391644061187,0.0,0.0,276.3895,89.0915,0.0,0.0,36700.020628774815
03-07-2040 09:00:00,1660.2439158206541,17958.7384125787,9309.120882782045,421.714,7339.05,0.0,483.38115000000005,0.0,0.0,0.0,276.0825,88.9025,0.0,0.0,39454.6606296763
03-07-2040 10:00:00,1724.2492471480468,24818.111878454692,3545.159462904416,412.495,6924.4580000000005,0.0,484.29600000000005,0.0,0.0,0.0,264.569,88.99700000000001,0.0,0.0,41034.95048382063
03-07-2040 11:00:00,2416.245832164877,27820.56970713209,0.0,417.944,7708.965,0.0,481.56495000000007,0.0,0.0,0.0,265.362,88.963,0.0,0.0,42087.241920068016
03-07-2040 12:00:00,3307.611363082088,28184.3076598378,0.0,417.499,7248.592,0.0,483.2320500000001,0.0,0.0,0.0,274.3245,87.6315,0.0,0.0,42908.69079607454
03-07-2040 13:00:00,4118.5452836697605,28177.23931039495,0.0,419.76,6812.0509999999995,0.0,480.27270000000004,0.0,0.0,0.0,274.949,87.85700000000001,0.0,0.0,43298.91687153295
03-07-2040 14:00:00,4745.9435270233125,26936.793010561873,0.0,427.885,6688.6759999999995,0.0,485.77425000000005,0.0,0.0,0.0,274.7555,88.1765,0.0,0.0,42560.29247297067
03-07-2040 15:00:00,6189.025692264074,25120.698841463298,0.0,425.598,6015.517,0.0,485.90895000000006,0.0,0.0,0.0,269.57099999999997,87.46700000000001,0.0,0.0,41442.93948807575
03-07-2040 16:00:00,7414.033175056546,23632.279663686415,0.0,423.034,5936.651999999999,0.0,485.5155000000001,0.0,0.0,0.0,265.786,88.429,0.0,0.0,41140.87409691768
03-07-2040 17:00:00,9239.23682919612,24700.833953123187,0.0,417.504,6489.7390000000005,0.0,486.54795,0.0,0.0,0.0,263.8265,87.8095,0.0,-3222.062759270181,41328.87485810548
03-07-2040 18:00:00,10000.87471391634,21406.453536880937,4770.770151024422,422.87,7218.306,0.0,488.7864,0.0,0.0,0.0,254.865,89.08,0.0,-6746.024616962799,40762.517129312764
03-07-2040 19:00:00,10443.526297146214,13858.215162447606,16640.040428684093,421.769,7328.945,0.0,491.92095000000006,0.0,0.0,0.0,260.6825,88.6635,0.0,-12169.566450718497,40146.62325649775
03-07-2040 20:00:00,10877.818353427001,6000.188720434498,13508.282782336406,431.413,7190.115,0.0,494.8675500000001,0.0,0.0,0.0,266.072,89.46700000000001,0.0,-1751.4949302251443,39528.85864235966
03-07-2040 21:00:00,7176.788507554833,491.17703316049955,8624.157613293304,435.212,6618.6669999999995,8000.0,495.42615000000006,0.0,0.0,0.0,263.832,88.354,0.0,0.0,39008.4492071098
03-07-2040 22:00:00,8743.322937690886,6.687421890444156,6268.1465245535255,431.964,7537.384,8000.0,495.64395,0.0,0.0,0.0,261.894,86.21600000000001,0.0,0.0,38314.46853064075
03-07-2040 23:00:00,8110.413521966957,1.0804182395588855,5911.005521556079,427.936,6042.2,8000.0,490.9782000000001,0.0,0.0,0.0,261.695,87.07,0.0,0.0,35683.044503374105
04-07-2040 00:00:00,8630.076024332926,0.9842787147903099,13457.201036501961,431.60900000000004,4992.181,3975.501699669314,480.01470000000006,0.0,0.0,0.0,253.1945,87.3745,0.0,0.0,33566.36858461325
04-07-2040 01:00:00,8798.41828376589,8.80442718504739,15068.507412979638,428.288,3635.3909999999996,0.0,478.4346000000001,1536.7144024809786,0.0,0.0,254.40900000000002,88.705,0.0,0.0,31483.315418930135
04-07-2040 02:00:00,9434.30616457625,0.8652999690464263,15068.507412979638,434.657,2954.62,0.0,478.1203500000001,81.9164447267176,0.0,0.0,255.493,88.027,0.0,0.0,29905.258625068644
04-07-2040 03:00:00,9698.097549142378,6.987297250049893,14427.006737196913,429.099,2927.3509999999997,0.0,478.67115,0.0,0.0,0.0,255.503,88.448,0.0,0.0,29395.817336152264
04-07-2040 04:00:00,9765.483184994524,1.092441210921113,14157.60955688157,426.87199999999996,2619.79,0.0,478.49475000000007,0.0,0.0,0.0,257.5175,89.3125,0.0,0.0,28854.42018456751
04-07-2040 05:00:00,9844.139081012725,9.009935927695913,14019.520095322767,415.515,2973.511,0.0,475.0596000000001,0.0,0.0,0.0,257.703,90.27,0.0,0.0,29145.561324296912
04-07-2040 06:00:00,9723.418892075513,70.70582372070612,15068.507412979638,414.15,3379.645,0.0,474.8826000000001,554.1211193551699,0.0,0.0,245.0645,89.8455,0.0,0.0,30983.821533815826
04-07-2040 07:00:00,9012.10071475913,2335.7907364439234,15068.507412979638,410.01,4578.447,0.0,481.48170000000005,409.66305319018284,0.0,0.0,243.94,89.23700000000001,0.0,0.0,33473.970926029775
04-07-2040 08:00:00,6939.517661298294,9427.746017749982,11420.022819249974,415.967,6437.858,0.0,489.93180000000007,0.0,0.0,0.0,251.43099999999998,89.29799999999999,0.0,0.0,36460.513660719764
04-07-2040 09:00:00,5896.829082297922,18037.96744099451,4793.532288512193,411.49199999999996,7173.689,0.0,486.77475000000004,0.0,0.0,0.0,251.012,87.851,0.0,0.0,39114.29321419305
04-07-2040 10:00:00,6501.3989278312365,23193.0341445919,0.0,416.147,7020.526999999999,0.0,482.56200000000007,0.0,0.0,0.0,249.1285,89.3095,0.0,0.0,40574.59076626864
04-07-2040 11:00:00,7300.441264319065,23625.29192846219,0.0,386.973,6685.116999999999,0.0,479.0724,0.0,0.0,0.0,242.878,89.902,0.0,0.0,41560.768664116746
04-07-2040 12:00:00,9304.493025074491,22973.69927274069,0.0,404.31699999999995,5983.887,0.0,480.67425000000003,0.0,0.0,0.0,245.4425,88.5275,0.0,0.0,42234.92521121818
04-07-2040 13:00:00,11682.436056626084,21620.330706115885,0.0,418.301,5398.576999999999,0.0,486.14340000000004,0.0,0.0,0.0,248.8955,88.8135,0.0,0.0,42690.401806609094
04-07-2040 14:00:00,23528.822765699835,35024.073339011156,0.0,422.611,4792.399,0.0,484.90290000000005,0.0,0.0,0.0,244.791,88.679,0.0,-12200.0,41898.05227654404
04-07-2040 15:00:00,26775.410346066237,34744.05344392499,11981.096510031348,404.741,3905.961,0.0,483.8079000000001,0.0,0.0,0.0,251.87599999999998,87.31299999999999,0.0,-12200.0,41021.200962885334
04-07-2040 16:00:00,30017.399408876783,31681.319816290725,14531.123942019127,403.249,3497.974,0.0,485.7133500000001,0.0,0.0,0.0,249.747,88.01899999999999,0.0,-12200.0,40737.62723034132
04-07-2040 17:00:00,33077.98164512058,27010.21869998813,14878.973254562181,403.905,3917.308,0.0,488.56590000000006,0.0,0.0,0.0,251.327,88.184,0.0,-12200.0,40735.718917955666
04-07-2040 18:00:00,35454.008235882575,20350.144872813198,14038.756930618576,411.54,3787.836,0.0,497.8566000000001,0.0,0.0,0.0,255.237,89.184,0.0,-12200.0,40145.18067649159
04-07-2040 19:00:00,35542.78035064633,12661.609918318396,13647.257624920167,417.088,4331.766,0.0,501.24195000000003,0.0,0.0,0.0,257.7885,89.9005,0.0,-12200.0,39560.965905250436
04-07-2040 20:00:00,34252.2273784603,5176.721961493184,12340.15213368216,416.084,3943.853,0.0,503.68545000000006,0.0,0.0,0.0,258.2575,89.6565,0.0,-12200.0,38804.70431075433
04-07-2040 21:00:00,30278.342931462077,589.8749888949473,7670.278182411217,419.62300000000005,4038.445,0.0,507.52695000000006,0.0,0.0,0.0,252.3275,89.2905,0.0,-7175.125439233136,38440.680889512725
04-07-2040 22:00:00,27740.84424200115,7.387498485722715,5474.166953542008,412.834,5258.185,0.0,509.36985000000016,0.0,0.0,0.0,255.2195,90.3775,0.0,-3419.6116077694205,37780.96204617574
04-07-2040 23:00:00,27184.79188296335,1.0599924620815457,4928.134218187799,412.12699999999995,3123.656,0.0,503.9214,0.0,0.0,0.0,251.81099999999998,89.83,0.0,-2709.3924806378745,35076.240223764406
05-07-2040 00:00:00,26927.587064314284,1.0599924620818064,4751.595999939105,404.958,2776.1279999999997,0.0,488.19165000000004,0.0,0.0,0.0,250.7755,90.6875,0.0,-3568.589592934779,33308.53735376739
05-07-2040 01:00:00,25852.143566527906,7.614639727608454,4663.296194617054,408.81300000000005,2669.518,0.0,483.65340000000003,0.0,0.0,0.0,260.0195,90.4835,0.0,-4245.421586015738,31309.295928895226
05-07-2040 02:00:00,24658.555718262614,0.8761162186595042,4283.961353557272,408.358,2885.8709999999996,0.0,485.8614,0.0,0.0,0.0,258.39,88.90100000000001,0.0,-4236.663024924204,29876.923720053634
05-07-2040 03:00:00,23031.759026160627,7.279335989603053,4112.808125422569,408.241,2562.554,0.0,482.8464,0.0,0.0,0.0,260.5395,93.0345,0.0,-2751.82685978249,29211.399961555275
05-07-2040 04:00:00,20115.755185146045,1.276317454343479,4098.073950517835,406.925,2875.636,0.0,483.0984000000001,0.0,0.0,0.0,258.1035,94.1375,0.0,-453.2885510379856,28878.509559512848
05-07-2040 05:00:00,18022.840025407604,8.80442718504739,3542.2096615515766,407.3,2727.6929999999998,2696.901199012169,485.83950000000004,0.0,0.0,0.0,261.1095,94.2505,0.0,0.0,29196.525540687348
05-07-2040 06:00:00,16603.06571350747,67.54747883368665,1883.4046775423922,407.536,3044.9829999999997,7250.845807875747,487.45410000000015,0.0,0.0,0.0,262.06,94.68299999999999,0.0,0.0,30911.97189853805
05-07-2040 07:00:00,14469.75707498582,2446.0840337485033,979.2613292650203,398.282,3920.2909999999997,8000.0,497.85900000000004,0.0,0.0,0.0,254.22299999999998,94.427,0.0,0.0,33468.53762959608
05-07-2040 08:00:00,12116.117557555543,9713.305823784915,1979.4399246894754,414.95099999999996,5511.45,4575.41928922234,499.5111000000001,0.0,0.0,0.0,253.9255,94.6745,0.0,0.0,36163.53635860861
05-07-2040 09:00:00,6594.251371611417,11522.325308380849,11586.806049281178,413.14,5695.729,0.0,495.43620000000004,0.0,0.0,0.0,258.43,94.164,0.0,0.0,38839.69784962955
05-07-2040 10:00:00,4890.372442916914,13281.096554992237,16845.16119217957,425.80800000000005,6413.598000000001,0.0,498.62190000000004,0.0,0.0,0.0,250.6585,91.9455,0.0,-5318.998947884233,40200.516527805245
05-07-2040 11:00:00,8977.135706311772,28285.194294170866,17308.691318409372,417.671,6232.9890000000005,0.0,496.21815000000004,0.0,0.0,0.0,248.2485,90.7715,0.0,-12200.0,41028.67983627974
05-07-2040 12:00:00,10049.288030716967,33563.76774210999,17605.70772753103,406.44,6019.813,0.0,495.75930000000005,0.0,0.0,0.0,258.5625,90.5965,0.0,-12200.0,42073.1512836439
05-07-2040 13:00:00,10579.824828145924,35113.19723107412,17631.054016504087,423.74300000000005,6033.116999999999,0.0,492.7434,0.0,0.0,0.0,269.4065,91.9715,0.0,-12200.0,42493.800992001445
05-07-2040 14:00:00,11038.189074287417,35303.13987909641,17623.274722968083,425.38599999999997,5625.244000000001,0.0,494.35965000000004,0.0,0.0,0.0,266.2605,94.0965,0.0,-12200.0,41823.090566915715
05-07-2040 15:00:00,11501.390956978657,34318.417056603,17482.686137418554,431.015,4925.5109999999995,0.0,499.01640000000003,0.0,0.0,0.0,256.6195,92.7395,0.0,-12200.0,40784.09296297356
05-07-2040 16:00:00,12080.91046057925,31816.441429899864,17601.866317645152,440.385,4874.049,0.0,504.2125500000001,0.0,0.0,0.0,261.301,90.023,0.0,-12200.0,40321.17320529717
05-07-2040 17:00:00,12790.685554352694,27537.987628363255,17537.81650852051,442.746,4964.923,0.0,506.58000000000004,0.0,0.0,0.0,262.363,92.111,0.0,-12200.0,40202.45236750406
05-07-2040 18:00:00,13031.638615992828,21618.53544753387,17486.220585327246,444.466,5062.859,0.0,507.01905000000005,0.0,0.0,0.0,268.2995,94.0215,0.0,-12200.0,39870.60986331554
05-07-2040 19:00:00,13259.225160208194,13828.358805320675,17048.606820313842,442.50800000000004,5895.473000000001,0.0,509.5887000000001,0.0,0.0,0.0,273.52299999999997,93.59200000000001,0.0,-12200.0,39413.78628953308
05-07-2040 20:00:00,13617.23963268985,5784.0868268400245,14036.827455333434,435.501,5828.571,0.0,512.8599,0.0,0.0,0.0,272.202,94.585,0.0,-4300.963738025388,38767.204298418146
05-07-2040 21:00:00,6975.7063788902,319.8209782162827,8736.127545599962,433.57800000000003,6165.645,8000.0,513.9249,0.0,0.0,0.0,274.472,94.036,0.0,0.0,38384.214558405685
05-07-2040 22:00:00,9525.285832434114,5.0980530796669035,6358.832298750451,424.898,6007.536,8000.0,513.4510500000001,0.0,0.0,0.0,280.1335,95.1235,0.0,0.0,37740.3994342546
05-07-2040 23:00:00,8727.489116021996,0.7473819512799679,6012.757697937639,423.952,4672.666,8000.0,511.5651000000001,0.0,0.0,0.0,273.35,94.449,0.0,0.0,35123.253898724906
06-07-2040 00:00:00,12600.769140569184,1.0020833531996056,6427.948495989709,424.10400000000004,3534.5,8000.0,496.93110000000013,0.0,0.0,0.0,276.9285,94.7595,0.0,0.0,33178.380777307706
06-07-2040 01:00:00,13355.745617563278,7.387498485733865,6938.010100395779,426.524,2850.863,5561.57953939145,490.08555000000007,0.0,0.0,0.0,272.5465,94.6085,0.0,0.0,31258.9328495058
06-07-2040 02:00:00,12425.202702178172,0.822034970594105,12297.556150852251,432.504,2601.688,0.0,488.17695000000003,0.0,0.0,0.0,274.0325,93.8445,0.0,0.0,29836.40202711151
06-07-2040 03:00:00,11523.19512636244,6.3707710221043135,12650.868635949682,435.509,2526.8379999999997,0.0,489.2143500000001,0.0,0.0,0.0,272.5865,94.2805,0.0,0.0,29204.83469736536
06-07-2040 04:00:00,10530.410516793292,1.2006037070519164,13285.120310852302,436.88599999999997,2516.278,0.0,491.73645000000005,0.0,0.0,0.0,270.9805,93.5415,0.0,0.0,28829.642254802307
06-07-2040 05:00:00,10291.723888142693,8.458307197428818,13609.879870308672,439.17900000000003,2619.845,0.0,494.24850000000004,0.0,0.0,0.0,258.467,94.684,0.0,0.0,29022.294015942927
06-07-2040 06:00:00,10209.200366810132,71.58193993936561,14890.536929715327,437.874,3253.329,0.0,500.4843000000001,0.0,0.0,0.0,258.468,92.959,0.0,0.0,30799.393371487964
06-07-2040 07:00:00,9564.06499387313,2406.1504401770108,15068.507412979638,439.92199999999997,4138.4220000000005,0.0,512.0427000000001,168.86024473236102,0.0,0.0,268.7185,91.6585,0.0,0.0,33513.17688780074
06-07-2040 08:00:00,7654.947124323845,9680.59748495496,10874.399340616266,434.52,5588.797,0.0,513.36465,0.0,0.0,0.0,275.1115,92.7625,0.0,0.0,36149.96576520884
06-07-2040 09:00:00,6490.880860082817,18314.30098610949,4451.533209558623,433.658,5933.766,0.0,515.0916000000001,0.0,0.0,0.0,278.3305,92.4985,0.0,0.0,38740.411666921835
06-07-2040 10:00:00,5534.825043820717,24490.457911303885,0.0,423.365,6068.584,0.0,514.2375000000001,0.0,0.0,0.0,278.7805,92.1905,0.0,0.0,40280.9003741457
06-07-2040 11:00:00,4370.281315412811,26223.935588662178,0.0,420.941,6365.403,0.0,510.85140000000007,0.0,0.0,0.0,280.425,91.04700000000001,0.0,0.0,41222.71837881871
06-07-2040 12:00:00,3431.4043391585988,23991.356565232632,3656.368600431131,440.25800000000004,6710.382,0.0,506.2845000000001,0.0,0.0,0.0,279.0005,90.5255,0.0,0.0,42083.23148813241
06-07-2040 13:00:00,1793.1837204545425,12157.736050213589,17608.05817924204,443.23,6817.486999999999,0.0,507.7578000000001,0.0,0.0,0.0,278.03700000000003,90.307,0.0,0.0,42629.32241860259
06-07-2040 14:00:00,4791.839995935631,30345.848582811574,16989.4245511131,439.28,6618.384,0.0,507.58920000000006,0.0,0.0,0.0,274.497,83.34899999999999,0.0,-12200.0,41735.17948838748
06-07-2040 15:00:00,5977.376340762943,32772.00455348155,15285.864510830725,445.45099999999996,6196.318,0.0,505.2171000000001,0.0,0.0,0.0,282.0195,88.0725,0.0,-12200.0,40441.41102124012
06-07-2040 16:00:00,6535.366038177212,29827.18722530446,15121.122402848065,443.3,6405.51,0.0,506.3856000000001,0.0,0.0,0.0,284.9425,86.1585,0.0,-12200.0,40076.54541301195
06-07-2040 17:00:00,7830.568330166647,25494.30853550019,14715.380061408388,442.01800000000003,6251.831999999999,0.0,513.0637500000001,0.0,0.0,0.0,282.639,85.505,0.0,-12200.0,40007.43437340339
06-07-2040 18:00:00,9666.975001886127,19494.69261050457,13935.573854574264,442.651,5746.47,0.0,516.1563000000001,0.0,0.0,0.0,285.4625,87.2205,0.0,-12200.0,39525.876020779106
06-07-2040 19:00:00,11607.987878745227,12288.686177946189,14826.666933650296,443.389,5292.604,0.0,516.20565,0.0,0.0,0.0,283.092,88.639,0.0,-8941.025346250664,38979.40454380397
06-07-2040 20:00:00,13269.756384603561,4950.986713744161,12310.37682189548,448.333,5188.255999999999,0.0,516.4566000000001,0.0,0.0,0.0,288.758,91.427,0.0,-994.0940543155702,38348.70655636682
06-07-2040 21:00:00,8611.303908002963,277.0073713565215,7619.052894115128,448.31300000000005,5118.009,8000.0,519.2772000000001,0.0,0.0,0.0,292.46,93.175,0.0,0.0,37715.21603460629
06-07-2040 22:00:00,17318.820057059427,7.355049736894625,5792.661930724251,427.968,4869.5509999999995,6207.324284634826,520.9471500000001,0.0,0.0,0.0,289.17400000000004,93.512,0.0,0.0,37002.73849165307
06-07-2040 23:00:00,18226.718026228933,1.1032574605341934,5467.282234910934,418.99800000000005,3953.926,4178.68819236743,516.4401000000001,0.0,0.0,0.0,290.3655,93.8105,0.0,0.0,34497.21249110132
07-07-2040 00:00:00,18119.731774783024,0.9301974667249082,4997.726883586147,419.667,3301.704,4034.473980260085,499.0420500000001,0.0,0.0,0.0,289.954,94.083,0.0,0.0,32980.524122034556
07-07-2040 01:00:00,16929.040777877923,7.9283109663878815,4021.1668197203253,427.084,3011.605,4885.417665203462,494.2605000000001,0.0,0.0,0.0,290.09,94.11399999999999,0.0,0.0,31216.48908052144
07-07-2040 02:00:00,14166.14708448602,0.7770173381570309,3947.865007144126,429.425,2784.219,1497.0219678980611,495.0472500000001,0.0,0.0,0.0,288.034,92.78,0.0,0.0,29680.095991107737
07-07-2040 03:00:00,14246.752709311042,6.502387156419341,3495.642301787653,435.805,2557.85,923.5479773923635,495.68745000000007,0.0,0.0,0.0,291.2865,95.6225,0.0,0.0,28452.000253358292
07-07-2040 04:00:00,13027.95663692039,1.254684955117318,9689.964796958104,440.019,2565.779,411.4039269436598,497.75145000000003,0.0,0.0,0.0,289.764,94.79700000000001,0.0,0.0,27912.624127346866
07-07-2040 05:00:00,12378.450847378157,8.598918442398862,10608.325770115873,439.76199999999994,2430.1020000000003,0.0,493.3300500000001,0.0,0.0,0.0,291.683,95.103,0.0,0.0,27636.25697099139
07-07-2040 06:00:00,12250.17718620199,61.576909047266305,10922.285770830304,441.88300000000004,2229.1820000000002,0.0,492.77880000000005,0.0,0.0,0.0,291.3725,95.2515,0.0,0.0,27580.21433731269
07-07-2040 07:00:00,11350.668096339337,1852.9209049671783,10480.335516279843,409.537,2491.826,0.0,493.3728000000001,0.0,0.0,0.0,287.6095,94.4985,0.0,0.0,28182.15409429724
07-07-2040 08:00:00,8860.091437028721,8444.397500426396,7721.686603662736,435.05400000000003,3158.68,0.0,497.7538500000001,0.0,0.0,0.0,288.3875,94.4915,0.0,0.0,30296.351066910363
07-07-2040 09:00:00,6025.984562045759,16888.643573358208,3326.415504478079,443.42,3796.469,0.0,497.9019,0.0,0.0,0.0,286.7575,94.1255,0.0,0.0,33053.83642481727
07-07-2040 10:00:00,5683.192982534993,21604.294373462966,0.0,443.289,4091.52,0.0,495.04065,0.0,0.0,0.0,285.4645,94.8175,0.0,0.0,35290.46893453795
07-07-2040 11:00:00,5803.646614368735,22221.977762635765,6.672009926754981,443.564,4233.555,0.0,493.28715,0.0,0.0,0.0,285.1725,94.1775,0.0,0.0,36401.47315384107
07-07-2040 12:00:00,2149.294187834711,8580.661437655313,17482.484419547836,436.184,4797.67,0.0,489.4855500000001,0.0,0.0,0.0,284.577,94.01899999999999,0.0,0.0,37164.371434745066
07-07-2040 13:00:00,6311.876318894304,26176.791729311728,17505.857381524722,438.12,5119.433,0.0,484.9494,0.0,0.0,0.0,284.955,94.113,0.0,-12200.0,37538.28050932944
07-07-2040 14:00:00,8059.12819557521,32961.16120470635,18161.361528284382,433.69300000000004,4582.899,0.0,481.23930000000007,0.0,0.0,0.0,284.605,93.146,0.0,-12200.0,37175.090719287895
07-07-2040 15:00:00,9063.1993191219,31400.355324698765,17995.286328286515,431.76800000000003,3895.415,0.0,477.8908500000001,0.0,0.0,0.0,283.348,91.80799999999999,0.0,-12200.0,36029.633463623424
07-07-2040 16:00:00,11566.2905131045,27985.95826946117,18182.06830623088,436.899,2921.83,0.0,476.1489,0.0,0.0,0.0,286.4795,92.3675,0.0,-12200.0,35196.19197884486
07-07-2040 17:00:00,14547.859001165018,24139.01013538941,18275.735560982546,429.30699999999996,2576.751,0.0,475.4815500000001,0.0,0.0,0.0,283.1235,92.7855,0.0,-12200.0,34833.8146165324
07-07-2040 18:00:00,17262.630752957586,18485.18643880022,17978.71915186086,433.17,2463.604,0.0,477.8404500000001,0.0,0.0,0.0,279.112,91.529,0.0,-12200.0,34616.15912726052
07-07-2040 19:00:00,18876.33982150574,11243.383296586488,17340.580282667506,434.811,2523.656,0.0,479.54625000000004,0.0,0.0,0.0,284.1185,93.2935,0.0,-12200.0,34646.86138120774
07-07-2040 20:00:00,21814.385281192946,4407.459473380194,13530.883954199235,433.094,2585.725,0.0,482.9983500000001,0.0,0.0,0.0,282.7415,93.5115,0.0,-11318.663958963487,34700.22121782498
07-07-2040 21:00:00,24376.77987574424,446.4947840235503,7884.528872142313,429.445,2927.239,0.0,484.95810000000006,0.0,0.0,0.0,284.297,94.45100000000001,0.0,-3706.8445883804743,34975.03345297733
07-07-2040 22:00:00,25567.4167260865,6.868318504292854,5332.692563429766,435.705,2941.164,0.0,480.3846000000001,0.0,0.0,0.0,285.5965,94.2515,0.0,-1778.2989595665786,34776.717389166915
07-07-2040 23:00:00,22754.287850847817,1.1681549582121729,4931.9756280736765,434.37800000000004,2959.09,0.0,476.97765000000004,0.0,0.0,0.0,285.013,93.75299999999999,0.0,-198.54366496492366,33022.457519753196
08-07-2040 00:00:00,19378.63994698286,0.8977487178856673,4865.268405260838,435.996,2759.991,1435.974739894842,471.39090000000004,0.0,0.0,0.0,279.18,93.24600000000001,0.0,0.0,30923.03006662539
08-07-2040 01:00:00,17238.38892102193,8.166268457875649,4866.8558371999825,437.51,2725.367,1748.2087270104676,470.60385000000014,0.0,0.0,0.0,279.526,94.275,0.0,0.0,29014.6682062147
08-07-2040 02:00:00,15165.225723763944,0.8544837194333461,4876.845256971719,440.472,2218.415,2839.070591043708,470.05335000000014,0.0,0.0,0.0,275.79200000000003,93.023,0.0,0.0,27489.028624489936
08-07-2040 03:00:00,14561.23801654645,6.511382267074358,4869.346614386275,437.566,2131.519,2397.2715215112985,470.26245000000006,0.0,0.0,0.0,279.27,94.096,0.0,0.0,26333.36431550192
08-07-2040 04:00:00,13831.908308141075,1.114073710147274,4813.73387446304,433.80300000000005,2017.023,2824.4651483877788,469.5096000000001,0.0,0.0,0.0,276.3235,94.6495,0.0,0.0,25833.244741999148
08-07-2040 05:00:00,14239.25820912573,8.761162186595067,4414.192164962442,429.898,1900.582,2770.7570728890987,472.2189,0.0,0.0,0.0,272.4905,94.4255,0.0,0.0,25629.954418301622
08-07-2040 06:00:00,15018.217285565008,58.78631664709158,3653.049246341019,429.135,1799.443,2750.8557316196693,473.75565,0.0,0.0,0.0,279.0355,94.8865,0.0,0.0,25508.26993045463
08-07-2040 07:00:00,15135.472082220547,1910.4417204095396,1816.2326265926822,426.227,1741.513,2469.081718846546,475.0183500000001,0.0,0.0,0.0,280.4555,93.9095,0.0,0.0,25110.05349436389
08-07-2040 08:00:00,11420.23657270431,8727.14748176045,1942.0256448420405,421.871,2156.092,0.0,475.5942,0.0,0.0,0.0,275.6605,93.7665,0.0,0.0,26354.699471167845
08-07-2040 09:00:00,4234.657279180927,7660.935350082477,11151.867238640378,419.151,2351.363,0.0,469.92420000000004,0.0,0.0,0.0,284.2,92.65100000000001,0.0,0.0,28634.823275736017
08-07-2040 10:00:00,6939.3565027487575,18521.824448273648,18197.144524481642,428.894,2355.826,0.0,469.5795000000001,0.0,0.0,0.0,283.5125,91.9825,0.0,-12200.0,30658.78162389556
08-07-2040 11:00:00,9514.867043279795,30034.13488778054,18960.786990631546,433.853,2533.219,0.0,469.1598000000001,0.0,0.0,0.0,285.442,91.134,0.0,-12200.0,31901.557603357876
08-07-2040 12:00:00,8661.958971551117,33557.02214518456,19049.235891771095,437.27099999999996,2898.3559999999998,0.0,466.23075000000006,0.0,0.0,0.0,285.6785,92.2985,0.0,-12200.0,32819.37253493225
08-07-2040 13:00:00,7995.591900705275,35194.86948048078,19032.65994500325,435.421,3531.847,0.0,465.5680500000001,0.0,0.0,0.0,285.7115,92.9425,0.0,-12200.0,33672.948389337595
08-07-2040 14:00:00,7590.68079678949,35115.43661621477,18936.791334358102,431.356,3820.296,0.0,464.69715,0.0,0.0,0.0,282.876,91.973,0.0,-12200.0,34123.57608571355
08-07-2040 15:00:00,7327.16873840692,33503.555707981875,18831.705094055273,431.684,3540.4640000000004,0.0,463.4643000000001,0.0,0.0,0.0,287.534,91.816,0.0,-12200.0,33351.74333173384
08-07-2040 16:00:00,8947.491960077532,30282.03746696133,18663.28821268858,430.39,2943.9990000000003,0.0,463.05825000000004,0.0,0.0,0.0,282.9835,91.4595,0.0,-12200.0,32650.317261035052
08-07-2040 17:00:00,11990.96893167568,25523.27725929824,18486.30270698745,424.101,2585.453,0.0,462.32265000000007,0.0,0.0,0.0,284.3915,91.6185,0.0,-12200.0,32335.53350721315
08-07-2040 18:00:00,14197.820471046918,18886.18855128902,18335.38265832016,424.81300000000005,2588.641,0.0,460.8649500000001,0.0,0.0,0.0,284.802,90.264,0.0,-12200.0,32472.46477863723
08-07-2040 19:00:00,16166.062729201452,11495.618251252203,17934.104421062948,424.236,2750.5409999999997,0.0,463.6638000000001,0.0,0.0,0.0,284.9365,89.8605,0.0,-12200.0,32819.89257795665
08-07-2040 20:00:00,18228.017548332264,4575.727868816152,14385.922156469635,420.64099999999996,3254.863,0.0,463.67490000000004,0.0,0.0,0.0,288.2495,91.6445,0.0,-10805.298894250485,33363.15340304084
08-07-2040 21:00:00,18851.07264835126,494.0862823254935,8506.337364149542,425.741,4531.528,0.0,463.46040000000005,0.0,0.0,0.0,287.47,92.56700000000001,0.0,-1240.585907067627,34228.259853745956
08-07-2040 22:00:00,19400.221296237007,6.92239975237141,6144.045691176027,425.289,5388.876,1845.1203602305213,468.2020500000001,0.0,0.0,0.0,285.0575,93.0855,0.0,0.0,35560.24218341818
08-07-2040 23:00:00,19179.6544921842,1.243868705504238,5858.08868357513,424.616,4716.281,1537.0008384671892,468.07245,0.0,0.0,0.0,280.7275,91.8645,0.0,0.0,33941.451661905056
09-07-2040 00:00:00,18376.97140206662,0.9410137163379886,5791.565637948603,427.593,3650.3779999999997,919.8740975727451,470.40645,0.0,0.0,0.0,279.0095,93.0115,0.0,0.0,31305.466284448783
09-07-2040 01:00:00,18086.628769717394,6.403219770943556,5777.094573309994,419.094,2641.137,208.56594005474471,472.53150000000005,0.0,0.0,0.0,277.447,93.609,0.0,0.0,29218.74491829103
09-07-2040 02:00:00,17439.79201914199,0.8545531949553344,5779.611661522882,417.19,2249.724,0.0,472.0972500000001,0.0,0.0,0.0,275.858,93.28200000000001,0.0,0.0,27932.917709001165
09-07-2040 03:00:00,16850.022329635263,6.12780053240365,5756.229929203808,420.38599999999997,2214.106,0.0,474.0807000000001,0.0,0.0,0.0,272.0515,93.8855,0.0,0.0,27272.085869434577
09-07-2040 04:00:00,16630.05462494445,0.8546573749350737,5731.032736048219,422.441,2199.02,0.0,470.31060000000014,0.0,0.0,0.0,277.2305,93.4935,0.0,0.0,27002.40896615042
09-07-2040 05:00:00,17274.107225912423,7.556972070137167,5573.254279776476,420.274,2131.52,0.0,473.7103500000001,0.0,0.0,0.0,283.0385,94.6815,0.0,0.0,27432.233453587793
09-07-2040 06:00:00,17992.962619854152,61.014464067386136,4295.5995976635895,419.351,2556.526,2716.969979260688,477.9459,0.0,0.0,0.0,283.02099999999996,94.751,0.0,0.0,29978.322066060715
09-07-2040 07:00:00,16703.550486799933,1868.106919423943,2188.1126767780515,420.759,3039.2740000000003,7011.181250234531,491.7804,0.0,0.0,0.0,284.4985,94.2075,0.0,0.0,33022.12719199522
09-07-2040 08:00:00,13576.003011590936,8905.60238392814,2333.156596167828,432.226,3821.9509999999996,5404.2702780223735,508.2760500000001,0.0,0.0,0.0,272.289,93.04899999999999,0.0,0.0,36392.87310042123
09-07-2040 09:00:00,6890.194310891989,11320.946404397942,12271.541746610805,431.358,5259.71,0.0,505.6660500000001,0.0,0.0,0.0,271.205,92.891,0.0,0.0,39309.322368015266
09-07-2040 10:00:00,8009.2777125427365,17656.44961969277,18411.140874288772,427.358,5653.495,0.0,507.47775000000007,0.0,0.0,0.0,263.4355,90.9495,0.0,-12200.0,41437.01553588446
09-07-2040 11:00:00,10398.57406759199,29005.944107419713,18949.33292371154,423.374,5786.036,0.0,503.28315000000003,0.0,0.0,0.0,261.4095,91.6885,0.0,-12200.0,42705.8911281346
09-07-2040 12:00:00,10092.955325843677,33509.66426767051,18996.27179519384,423.652,6526.159000000001,0.0,497.14185000000015,0.0,0.0,0.0,258.949,91.475,0.0,-12200.0,43913.223087961655
09-07-2040 13:00:00,10346.007054777625,35131.61059259711,18958.392687209533,429.398,6522.669,0.0,498.81825000000003,0.0,0.0,0.0,269.093,90.695,0.0,-12200.0,44771.632589762536
09-07-2040 14:00:00,11201.541279614086,35024.80993783536,19028.13444842535,425.45,6236.724,0.0,498.39105000000006,0.0,0.0,0.0,272.427,91.54700000000001,0.0,-12200.0,44139.8762887314
09-07-2040 15:00:00,12335.221137050623,33471.465401720285,18993.254797475238,420.68199999999996,6048.393,0.0,497.82645,0.0,0.0,0.0,271.4995,90.1985,0.0,-12200.0,43323.32355456115
09-07-2040 16:00:00,14509.720895328222,30715.876743509118,18961.970986829256,423.088,5631.505,0.0,496.42365000000007,0.0,0.0,0.0,272.77299999999997,91.266,0.0,-12200.0,43126.899063554025
09-07-2040 17:00:00,17057.817205589265,26491.061167663847,18931.950105460826,422.69800000000004,5278.455,0.0,496.44180000000006,0.0,0.0,0.0,270.0965,91.0725,0.0,-12200.0,43163.71052107034
09-07-2040 18:00:00,18661.779460864644,20690.89061417989,18856.44622941615,419.74199999999996,4813.127,0.0,498.3801000000001,0.0,0.0,0.0,269.35900000000004,90.81,0.0,-12200.0,42596.073516196855
09-07-2040 19:00:00,20665.244183931733,13422.57638476405,18403.361580752768,424.084,3938.975,0.0,502.5292500000001,0.0,0.0,0.0,269.323,91.594,0.0,-12200.0,41667.03116075826
09-07-2040 20:00:00,23573.462495307773,5623.703477576593,14673.756017302454,424.227,3527.966,0.0,506.44680000000005,0.0,0.0,0.0,268.4025,90.7475,0.0,-10351.665577635547,40920.38924624123
09-07-2040 21:00:00,23869.656844765497,612.8054380786792,8775.771047035843,427.18800000000005,3806.135,36.21243971857257,508.97805000000005,0.0,0.0,0.0,271.5045,92.3485,0.0,0.0,40325.95737792715
09-07-2040 22:00:00,23724.597689725,6.457301019008956,6278.424874444259,421.07800000000003,3965.114,2623.5174080872457,510.6336000000001,0.0,0.0,0.0,268.5285,90.8835,0.0,0.0,39457.80990309871
09-07-2040 23:00:00,23471.086453244454,1.3195824527958,5867.157217415312,423.93,3765.65,816.084704765075,503.2218000000001,0.0,0.0,0.0,271.3805,92.6515,0.0,0.0,36636.6951608103
10-07-2040 00:00:00,21768.963890519874,0.9734624651772297,5832.172322358732,421.38300000000004,3665.73,640.0061523325858,488.21595,0.0,0.0,0.0,269.8165,92.0985,0.0,0.0,34516.33058208527
10-07-2040 01:00:00,19731.15078863516,7.711985974126274,5819.525488898798,416.038,3049.635,1280.0516826872154,487.79775000000006,0.0,0.0,0.0,270.616,93.86,0.0,0.0,32432.78936457956
10-07-2040 02:00:00,18358.81290121569,0.8112187209810247,5831.435613613488,414.327,2310.884,1777.149624184436,487.5565500000001,0.0,0.0,0.0,269.3185,92.7665,0.0,0.0,30784.549825849685
10-07-2040 03:00:00,17492.085803517573,6.176078529068869,5818.709847073711,415.649,2213.757,1973.6381435840813,485.72295,0.0,0.0,0.0,268.237,93.258,0.0,0.0,29988.06710691193
10-07-2040 04:00:00,16190.776854996375,1.0708087116949527,5812.746014374192,409.548,2298.098,2654.2824150375545,486.261,0.0,0.0,0.0,265.9205,93.9345,0.0,0.0,29425.848146852677
10-07-2040 05:00:00,15068.55442903144,7.268519739989982,5646.495407532202,411.564,2332.565,4093.887448070771,482.59950000000003,0.0,0.0,0.0,256.9895,93.5385,0.0,0.0,29600.945293998942
10-07-2040 06:00:00,14662.175302000693,57.845302930753604,4179.103142151784,407.218,2846.486,7414.513172475052,481.87500000000006,0.0,0.0,0.0,257.749,93.119,0.0,0.0,31490.65739974017
10-07-2040 07:00:00,13586.90197972681,2036.2779684081158,7565.517743257311,420.851,3450.958,420.65680905520094,491.5311000000001,0.0,0.0,0.0,254.0595,93.2285,0.0,0.0,34260.26965506851
10-07-2040 08:00:00,11191.960091564451,9143.289469175583,4882.705065561862,427.85400000000004,4667.959,0.0,499.8456000000001,0.0,0.0,0.0,242.41400000000002,93.55,0.0,0.0,37196.24508746465
10-07-2040 09:00:00,10159.563263525597,17731.70533320014,2282.559922466491,428.251,5448.731,0.0,496.91670000000005,0.0,0.0,0.0,244.8475,93.4095,0.0,0.0,40157.674356761425
10-07-2040 10:00:00,4739.219497841786,12756.472337403025,14661.661715401482,426.654,5801.7880000000005,0.0,497.91045,0.0,0.0,0.0,235.76,92.11399999999999,0.0,0.0,41806.59463850608
10-07-2040 11:00:00,3176.6443583365276,11958.178692977708,16995.90583400274,419.776,6532.44,0.0,495.8901000000001,0.0,0.0,0.0,246.3115,92.4555,0.0,0.0,42794.356844824055
10-07-2040 12:00:00,7340.572424783472,30179.68771917851,17714.547674297704,423.524,6687.553000000001,0.0,494.64510000000007,0.0,0.0,0.0,244.958,91.18299999999999,0.0,-12200.0,43947.132273892596
10-07-2040 13:00:00,9039.227281857224,35256.720820104165,18602.07122409623,421.667,6602.049,0.0,495.3774,0.0,0.0,0.0,248.89700000000002,91.93299999999999,0.0,-12200.0,44582.85288001025
10-07-2040 14:00:00,10169.419252043768,35272.00190538051,18868.54053131715,426.908,6513.669,0.0,494.84790000000004,0.0,0.0,0.0,247.8645,91.3825,0.0,-12200.0,44226.55830992589
10-07-2040 15:00:00,11122.084427973887,34068.735252316525,18659.543276566954,423.291,6076.3640000000005,0.0,496.35540000000003,0.0,0.0,0.0,250.1385,91.2655,0.0,-12200.0,43407.24986851336
10-07-2040 16:00:00,12906.544564906322,31388.153103465967,18413.403622577724,419.347,5906.526999999999,0.0,495.0262500000001,0.0,0.0,0.0,252.019,91.185,0.0,-12200.0,43277.74650775531
10-07-2040 17:00:00,15044.892128139321,27011.160264944214,18382.523247673176,424.62300000000005,5466.849,0.0,499.5730500000001,0.0,0.0,0.0,255.865,91.212,0.0,-12200.0,43150.698657729714
10-07-2040 18:00:00,16872.97954051402,20988.57542745618,18237.321462123713,431.039,5007.313,0.0,499.48965000000004,0.0,0.0,0.0,253.4755,90.6465,0.0,-12200.0,42572.04254379433
10-07-2040 19:00:00,18270.259751653142,13309.568208623341,17640.411971637077,433.719,4961.775,0.0,500.5090500000001,0.0,0.0,0.0,254.5,90.774,0.0,-12200.0,41946.94078472552
10-07-2040 20:00:00,18744.33005720278,5387.368423504502,13794.555522256676,433.30300000000005,5276.456999999999,0.0,504.8554500000001,0.0,0.0,0.0,259.3785,90.0435,0.0,-5741.349035676118,41242.29662232143
10-07-2040 21:00:00,19175.813940247037,513.7394078724764,8192.806400655478,431.08099999999996,5386.344,4049.600359965949,508.3114500000001,0.0,0.0,0.0,258.018,90.59299999999999,0.0,0.0,40467.75614790213
10-07-2040 22:00:00,21933.49653901819,6.543831015913598,6040.941548211558,426.17699999999996,5000.896,3838.249716793409,509.97165,0.0,0.0,0.0,253.2295,88.1005,0.0,0.0,39643.97563407242
10-07-2040 23:00:00,23041.954086489306,1.3952962000873625,5774.814284336637,423.6,3967.349,1169.5850039280886,505.7911500000001,0.0,0.0,0.0,265.5135,89.4515,0.0,0.0,36655.678963144936
11-07-2040 00:00:00,22851.242507298753,1.0359687663062827,5730.50651551591,426.88199999999995,3338.625,0.0,495.22830000000005,0.0,0.0,0.0,269.7455,89.5455,0.0,0.0,34530.26647037056
11-07-2040 01:00:00,21159.428003645233,6.65948986793189,5708.492956580827,429.311,3054.89,0.0,491.81280000000004,0.0,0.0,0.0,271.09,90.96600000000001,0.0,0.0,32478.536411143752
11-07-2040 02:00:00,20262.11004500951,0.6339238820598336,5689.671802208468,426.827,2404.129,0.0,491.56005000000005,0.0,0.0,0.0,266.3345,91.4285,0.0,0.0,30861.219344866397
11-07-2040 03:00:00,19538.93391712782,5.178524805576377,5671.122528444423,425.981,2441.896,0.0,489.7318500000001,0.0,0.0,0.0,266.1155,93.2825,0.0,0.0,30140.61603665939
11-07-2040 04:00:00,20892.16994035444,0.7256623873844362,5472.2199375724595,423.616,2346.777,0.0,490.3950000000001,0.0,0.0,0.0,265.733,94.21799999999999,0.0,-1420.0328582825532,29744.618153213483
11-07-2040 05:00:00,21944.294772667054,7.3445012563973755,4958.769023510598,427.464,2348.869,0.0,487.3917,0.0,0.0,0.0,266.575,93.529,0.0,-1664.3894131498091,30005.083822327404
11-07-2040 06:00:00,20755.05817910899,55.271035522840485,3887.4278714330867,430.866,2733.0190000000002,1968.5589113806054,491.0650500000001,0.0,0.0,0.0,268.16200000000003,93.721,0.0,0.0,31745.27463077862
11-07-2040 07:00:00,19146.89957339686,1755.6071071982947,1890.0087452229345,425.95099999999996,3192.028,6419.241912558275,498.73440000000005,0.0,0.0,0.0,262.932,93.305,0.0,0.0,34600.92536335857
11-07-2040 08:00:00,17043.402590798323,7471.389317732916,1500.0968714636692,434.721,4347.611,4811.687500630353,506.6121000000001,0.0,0.0,0.0,258.9535,93.6925,0.0,0.0,37438.95005972623
11-07-2040 09:00:00,15707.388714350558,13623.54503819136,2810.508781713026,433.077,5704.411999999999,0.0,505.3794000000001,0.0,0.0,0.0,257.103,93.25200000000001,0.0,0.0,40337.738695971144
11-07-2040 10:00:00,10914.753992024313,15762.418522578435,5878.207848593884,428.55300000000005,6646.885,0.0,502.26720000000006,0.0,0.0,0.0,251.9465,92.5775,0.0,0.0,42076.95600471219
11-07-2040 11:00:00,11647.871341891881,21960.665086447647,9650.314490370627,420.24300000000005,6916.145,0.0,496.8828000000001,0.0,0.0,0.0,246.4875,92.6165,0.0,-10463.616850962377,43005.94218955232
11-07-2040 12:00:00,14491.666499926907,30152.063296030978,10889.45859986046,428.144,6979.701,0.0,491.0878500000001,0.0,0.0,0.0,252.2085,91.2415,0.0,-12200.0,44253.652625894865
11-07-2040 13:00:00,15281.316972614897,33100.79334383067,14181.345154190902,431.92699999999996,6563.056,0.0,492.3135000000001,0.0,0.0,0.0,257.2565,91.9945,0.0,-12200.0,44618.431560285615
11-07-2040 14:00:00,15409.709344895451,33720.47015872962,17602.313605097617,433.594,5622.920999999999,0.0,498.1278000000001,0.0,0.0,0.0,258.0815,91.8695,0.0,-12200.0,43985.42611442193
11-07-2040 15:00:00,18100.851364028935,32925.190267579965,18229.95437467133,426.273,5190.234,0.0,498.84720000000004,0.0,0.0,0.0,257.8695,90.9635,0.0,-12200.0,43025.27268723652
11-07-2040 16:00:00,22192.99695852338,30247.715346248686,18215.474539690535,426.89599999999996,4271.77,0.0,493.6230000000001,0.0,0.0,0.0,261.3035,91.5885,0.0,-12200.0,42722.09206790453
11-07-2040 17:00:00,21233.881683878837,24392.81681497845,17834.333008136484,421.031,4439.688,0.0,497.8258500000001,0.0,0.0,0.0,266.017,92.48,0.0,-12200.0,42569.906201098274
11-07-2040 18:00:00,20109.949872330868,18517.765450934327,17847.953349581163,431.60699999999997,4937.389,0.0,496.63890000000004,0.0,0.0,0.0,263.0105,91.8995,0.0,-12200.0,41774.17415943034
11-07-2040 19:00:00,18294.896524878965,11797.369982731125,16731.111662143026,431.51599999999996,5379.029,0.0,497.66880000000003,0.0,0.0,0.0,261.62,90.037,0.0,-12200.0,40986.34617654806
11-07-2040 20:00:00,15699.309970930519,4672.154734081889,12330.978355735511,438.08099999999996,6174.845,0.0,504.32715,0.0,0.0,0.0,265.105,91.193,0.0,-2118.257645278156,40382.46574398534
11-07-2040 21:00:00,9295.717693077026,285.91960162616044,8006.872589879647,446.20099999999996,6025.052,8000.0,507.7236000000001,0.0,0.0,0.0,264.9425,90.9685,0.0,0.0,39722.16547915544
11-07-2040 22:00:00,11278.044013553681,4.658764402354116,5938.787834610723,442.3,5812.441,8000.0,506.4247500000001,0.0,0.0,0.0,264.4745,91.6565,0.0,0.0,38847.937072052504
11-07-2040 23:00:00,10182.51800212292,0.7823099300555292,5527.528463800969,441.27099999999996,4664.47,8000.0,503.44560000000007,0.0,0.0,0.0,261.819,91.385,0.0,0.0,36062.938164636915
12-07-2040 00:00:00,12822.543188849257,0.9950949644033903,6642.268910976298,442.62699999999995,3881.761,8000.0,492.5178000000001,0.0,0.0,0.0,263.185,92.266,0.0,0.0,33865.943125920596
12-07-2040 01:00:00,11437.446005517699,8.231165955554129,12361.807620340058,442.534,3331.187,2170.253328774812,491.7627,0.0,0.0,0.0,270.356,92.581,0.0,0.0,31729.630933104956
12-07-2040 02:00:00,10517.825264020354,1.016727463629551,14727.264355899086,435.273,2925.3059999999996,0.0,488.8390500000001,0.0,0.0,0.0,268.2305,93.5255,0.0,0.0,30443.79219210278
12-07-2040 03:00:00,9636.660321023723,6.868318504306009,15068.507412979638,434.131,2718.9359999999997,0.0,485.8108500000001,276.6549995168025,0.0,0.0,269.211,92.971,0.0,0.0,29833.68835482044
12-07-2040 04:00:00,8902.097715568018,1.1465224589865148,15068.507412979638,412.153,2578.12,0.0,484.4466000000001,1015.1914765413658,0.0,0.0,269.5185,93.3515,0.0,0.0,29559.38388699876
12-07-2040 05:00:00,7660.663474538474,8.60973469201194,15068.507412979638,411.44300000000004,2995.836,0.0,483.90630000000004,2267.6350754100713,0.0,0.0,265.7075,94.5005,0.0,0.0,29929.72519860249
12-07-2040 06:00:00,6850.840748090581,49.192303240289334,15068.507412979638,414.065,4051.302,0.0,483.73920000000004,3725.6143000255433,0.0,0.0,270.89599999999996,94.42399999999999,0.0,0.0,31694.02398153498
12-07-2040 07:00:00,6006.998389377551,1419.4056204749186,15068.507412979638,407.98800000000006,4716.965,0.0,491.0440500000001,4953.461814430131,0.0,0.0,272.452,94.12299999999999,0.0,0.0,34170.74599677579
12-07-2040 08:00:00,4930.398471620842,7283.835549442104,15068.507412979638,421.56,5181.686,0.0,498.9054,2426.8381170864195,0.0,0.0,268.6855,93.8615,0.0,0.0,37044.92930694889
12-07-2040 09:00:00,4642.183033194513,15066.851834777475,11792.822096355081,429.12300000000005,5301.21,0.0,499.5030000000001,0.0,0.0,0.0,274.288,94.249,0.0,0.0,39602.539215953606
12-07-2040 10:00:00,4649.937621949811,22329.876919964012,5509.359642380442,438.941,5321.42,0.0,496.88520000000005,0.0,0.0,0.0,271.6925,93.3085,0.0,0.0,41110.72350520588
12-07-2040 11:00:00,4473.99161114881,28019.3323789404,472.6501853428481,438.523,5646.503000000001,0.0,493.61265000000003,0.0,0.0,0.0,271.2745,93.8775,0.0,0.0,41993.356670601475
12-07-2040 12:00:00,4046.671985851036,29374.887857854676,0.0,430.95099999999996,5991.634,0.0,493.3102500000001,0.0,0.0,0.0,279.158,93.666,0.0,0.0,42934.54117508098
12-07-2040 13:00:00,3980.510889389836,29855.40788582745,0.0,433.556,5901.819,0.0,496.7452500000001,0.0,0.0,0.0,284.4905,92.8765,0.0,0.0,43443.74438993754
12-07-2040 14:00:00,4250.3149723218385,28899.007026261068,0.0,433.974,5688.474,0.0,501.1990500000001,0.0,0.0,0.0,284.5305,92.8445,0.0,0.0,42823.841201159084
12-07-2040 15:00:00,5476.667605482473,27162.35018929885,0.0,437.655,5353.975,0.0,502.74735000000015,0.0,0.0,0.0,279.5455,92.0245,0.0,0.0,42025.48402099109
12-07-2040 16:00:00,7444.509104725997,24883.34863068331,0.0,437.49300000000005,5669.3730000000005,0.0,503.37315000000007,0.0,0.0,0.0,276.3925,90.6585,0.0,0.0,42127.54190654196
12-07-2040 17:00:00,9615.570550502835,22363.807531610095,0.0,434.11699999999996,5882.437,0.0,507.1864500000001,0.0,0.0,0.0,263.6735,90.9755,0.0,0.0,42159.0610521069
12-07-2040 18:00:00,7960.561430835425,11862.95329623094,13849.047005173721,437.596,4514.965,0.0,509.64465000000007,0.0,0.0,0.0,263.27099999999996,91.175,0.0,-1023.8662501222152,41458.942900774164
12-07-2040 19:00:00,14479.971195442438,11152.118771660002,17394.2196955946,433.217,4585.624,0.0,512.4766500000001,0.0,0.0,0.0,278.6145,90.8075,0.0,-11158.52722698712,40672.36145878936
12-07-2040 20:00:00,20012.742186485866,4666.516809247281,12998.620656107203,433.189,4382.107,0.0,516.5059500000001,0.0,0.0,0.0,281.4585,90.7305,0.0,-5682.021868605982,40093.313266636804
12-07-2040 21:00:00,22759.957789568467,445.19683407438635,7844.746599899459,430.32,4062.923,1346.939318710687,519.9199500000001,0.0,0.0,0.0,281.7955,91.3585,0.0,0.0,39603.11803351154
12-07-2040 22:00:00,23733.578315704955,6.522198516687439,5945.572847072093,414.124,4539.348,1787.2041654506138,517.1472,0.0,0.0,0.0,283.2815,91.5385,0.0,0.0,38853.48233769243
12-07-2040 23:00:00,23427.39775769341,1.4385611985396838,5500.276262286934,411.551,3728.895,970.8966855907347,511.3969500000001,0.0,0.0,0.0,287.0845,93.8375,0.0,0.0,36320.180906166184
13-07-2040 00:00:00,22998.942225368275,0.8652999690464263,4828.134776363993,412.44599999999997,3504.77,634.4539779433835,502.54965000000004,0.0,0.0,0.0,286.8765,94.0355,0.0,0.0,34491.922411094245
13-07-2040 01:00:00,21381.915154810315,7.874229718322479,4528.88192997998,411.879,2731.868,1265.0068397733412,499.7455500000001,0.0,0.0,0.0,285.9715,94.0965,0.0,0.0,32343.70205139958
13-07-2040 02:00:00,19704.816127869664,0.7895862217548639,4184.847716296179,418.66,2308.3360000000002,2331.885478949447,497.79930000000013,0.0,0.0,0.0,280.4765,93.9755,0.0,0.0,30882.936906990915
13-07-2040 03:00:00,17639.720797017435,5.548736051510209,4131.129370289273,421.39300000000003,2082.6220000000003,3980.6910133532947,496.4512500000001,0.0,0.0,0.0,280.07599999999996,94.146,0.0,0.0,30168.535800032605
13-07-2040 04:00:00,16198.001579083606,1.1465224589865148,4115.246280555642,423.48,2243.567,4920.106714929507,496.32900000000006,0.0,0.0,0.0,279.4915,94.6025,0.0,0.0,29799.894114021463
13-07-2040 05:00:00,15394.544963903152,7.517293481090828,3452.620615925349,417.26300000000003,2270.254,6492.815805298989,499.3002,0.0,0.0,0.0,281.7435,94.6685,0.0,0.0,30146.86957262724
13-07-2040 06:00:00,14274.58509874712,51.13922817064379,7684.043363462777,422.676,2892.303,0.0,502.8033000000001,0.0,0.0,0.0,285.004,94.19200000000001,0.0,0.0,32035.959709887207
13-07-2040 07:00:00,14015.415526431658,1299.204638524757,8692.08397493327,422.74,3453.8309999999997,0.0,516.0975000000001,0.0,0.0,0.0,285.976,93.554,0.0,0.0,34580.76979026083
13-07-2040 08:00:00,12948.76314098349,6921.3181274101025,6161.520357825128,425.667,4319.656,0.0,527.2636500000001,0.0,0.0,0.0,287.976,93.905,0.0,0.0,37225.22576836691
13-07-2040 09:00:00,11206.216158473193,14777.084507643054,5631.953897937057,431.499,5519.3769999999995,0.0,526.4325000000001,0.0,0.0,0.0,285.57599999999996,92.126,0.0,0.0,39853.8182022847
13-07-2040 10:00:00,10131.366512650984,21751.42505924354,0.0,432.87300000000005,6319.821999999999,0.0,524.86485,0.0,0.0,0.0,286.168,91.96700000000001,0.0,0.0,41445.344780061256
13-07-2040 11:00:00,8017.6681872284535,23364.87391327023,891.9475859509548,431.151,6491.144,0.0,519.3606000000001,0.0,0.0,0.0,285.0245,92.0855,0.0,0.0,42309.16488686198
13-07-2040 12:00:00,4350.354636003134,14694.298221021205,14138.256462936697,422.964,6240.023,0.0,511.5858000000001,0.0,0.0,0.0,285.3265,92.1345,0.0,0.0,43288.02647125964
13-07-2040 13:00:00,5148.3143107099095,17974.303793183237,15995.051922228478,422.251,5968.755,0.0,511.98495,0.0,0.0,0.0,286.8005,91.9805,0.0,-5456.231064037036,43722.809966964654
13-07-2040 14:00:00,10434.032741191722,31067.240118043195,17786.32415490516,416.249,5464.526999999999,0.0,513.4209,0.0,0.0,0.0,286.4875,90.6065,0.0,-12200.0,42628.445636479206
13-07-2040 15:00:00,13229.785147571718,31815.148648154973,17924.334259846364,419.105,4985.866,0.0,512.6421,0.0,0.0,0.0,286.48900000000003,90.678,0.0,-12200.0,41549.64242172791
13-07-2040 16:00:00,16420.295748195134,29108.14788088942,17728.84333209222,421.18300000000005,4180.143,0.0,510.94095000000004,0.0,0.0,0.0,282.1945,90.9625,0.0,-12200.0,41190.4530198726
13-07-2040 17:00:00,18236.576885915685,24340.633343738617,17227.135906243115,415.287,4190.015,0.0,509.6434500000001,0.0,0.0,0.0,281.637,91.958,0.0,-12200.0,40976.79829077761
13-07-2040 18:00:00,20480.871022694926,17817.98354394039,17082.09198685334,412.76099999999997,3786.8379999999997,0.0,515.2057500000001,0.0,0.0,0.0,276.624,92.396,0.0,-12200.0,40385.68011578347
13-07-2040 19:00:00,22632.403333444,11200.842914827337,16196.304964811454,421.006,3446.032,0.0,513.4545,0.0,0.0,0.0,275.335,92.24,0.0,-12200.0,39781.88933298392
13-07-2040 20:00:00,21375.962872313095,4476.791632110877,12868.460007439659,432.12699999999995,3872.08,0.0,512.7865500000001,0.0,0.0,0.0,280.5995,91.3475,0.0,-7109.74193888779,39169.97724881918
13-07-2040 21:00:00,21704.668487293904,399.22777321879494,7658.376828038745,447.21,3937.506,1683.3549364753526,516.6354,0.0,0.0,0.0,277.7625,92.0755,0.0,0.0,38498.586452709416
13-07-2040 22:00:00,21547.820810295227,6.26260852597351,5354.364079018851,445.62199999999996,3859.3590000000004,4035.835591030671,516.4482,0.0,0.0,0.0,271.642,93.307,0.0,0.0,37583.43274273481
13-07-2040 23:00:00,19359.27861465916,1.9361086807413788,5119.029486626416,443.51,3337.094,4626.444221291698,511.09785000000016,0.0,0.0,0.0,267.4975,92.9625,0.0,0.0,35100.55762902014
14-07-2040 00:00:00,16951.237079557053,1.5791724435097279,4705.095645567082,446.50800000000004,3378.243,5966.15868712066,493.0195500000001,0.0,0.0,0.0,268.1165,93.1835,0.0,0.0,33523.312518906336
14-07-2040 01:00:00,15025.376260021892,8.966670929243595,4317.569304887642,443.668,3183.007,6643.740206126959,491.6640000000001,0.0,0.0,0.0,280.29900000000004,93.615,0.0,0.0,31603.57295038115
14-07-2040 02:00:00,14480.195795709285,1.7197836884797724,4705.978583621565,443.93800000000005,2765.2309999999998,774.4663579546595,492.4401000000001,0.0,0.0,0.0,284.4515,93.8805,0.0,0.0,30046.89260315536
14-07-2040 03:00:00,11754.409502905688,7.679537225287033,7181.843327791023,447.375,2798.847,0.0,493.1901000000001,0.0,0.0,0.0,284.931,93.80799999999999,0.0,0.0,29020.346272541115
14-07-2040 04:00:00,8089.111271612976,1.9793736791937002,10367.155921797188,449.275,2780.216,0.0,495.04350000000005,0.0,0.0,0.0,278.4975,93.9955,0.0,0.0,28372.184064854206
14-07-2040 05:00:00,5151.881902873152,9.712992152546136,15068.507412979638,449.885,3226.68,0.0,491.67255000000006,2508.41872315987,0.0,0.0,268.0625,93.5695,0.0,0.0,28027.052564239784
14-07-2040 06:00:00,4759.770445627091,52.09105813659487,15068.507412979638,444.95300000000003,2997.275,0.0,488.4759,3224.2884764378723,0.0,0.0,258.2595,94.6405,0.0,0.0,28136.212496587304
14-07-2040 07:00:00,4895.2108165107675,1726.879148225953,15068.507412979638,444.964,2988.488,0.0,494.01120000000003,1862.2877440312805,0.0,0.0,253.6275,94.3185,0.0,0.0,28584.04133479762
14-07-2040 08:00:00,4109.359631761296,8801.852917639475,12139.03296392149,449.259,3352.4320000000002,0.0,498.2301000000001,0.0,0.0,0.0,254.6925,94.0095,0.0,0.0,30570.697197692494
14-07-2040 09:00:00,2431.8274307854404,17595.52875057146,6191.264727038219,445.546,4197.7029999999995,0.0,496.4787,0.0,0.0,0.0,258.2405,93.6165,0.0,0.0,33480.53693420112
14-07-2040 10:00:00,1907.3271590287331,25053.311226291124,243.51365757485473,453.767,4909.909000000001,0.0,492.91695000000004,0.0,0.0,0.0,252.438,92.962,0.0,0.0,35866.717152552796
14-07-2040 11:00:00,1946.1460019890173,26480.440541829645,0.0,451.284,4702.595,0.0,490.0836000000001,0.0,0.0,0.0,260.4715,92.3165,0.0,0.0,37118.88403770236
14-07-2040 12:00:00,2706.0676815934094,26455.816738090918,0.0,447.791,4462.944,0.0,487.72980000000007,0.0,0.0,0.0,281.712,91.84100000000001,0.0,0.0,37701.14362572735
14-07-2040 13:00:00,3205.4457581243973,22440.128787522386,3781.2553583336703,447.42400000000004,4436.915,0.0,483.05670000000003,0.0,0.0,0.0,281.387,91.287,0.0,0.0,37981.4564876334
14-07-2040 14:00:00,3497.715039189245,18594.589322969376,17369.671507762192,446.16900000000004,3813.531,0.0,478.2618000000001,0.0,0.0,0.0,276.9665,91.3385,0.0,-10018.979705152407,37411.168304909566
14-07-2040 15:00:00,8744.237967309671,33526.047777239626,18067.02772752513,443.962,3003.028,0.0,475.23525000000006,0.0,0.0,0.0,275.9805,89.8625,0.0,-12200.0,36477.18368078564
14-07-2040 16:00:00,11334.28840150803,32028.269007862044,17935.305957945064,434.145,2666.6040000000003,0.0,472.18890000000005,0.0,0.0,0.0,268.64799999999997,80.01899999999999,0.0,-12200.0,35647.565888602
14-07-2040 17:00:00,13738.717165404236,27662.792380838237,17854.741594448016,431.082,2500.653,0.0,471.5890500000001,0.0,0.0,0.0,267.0385,80.8975,0.0,-12200.0,35486.601040840374
14-07-2040 18:00:00,15289.499316224275,21164.1441481808,18402.765197482804,431.833,2549.505,0.0,472.12440000000004,0.0,0.0,0.0,262.9525,80.7345,0.0,-12200.0,35205.137611642116
14-07-2040 19:00:00,14557.221460370558,13379.601622679224,17569.573917645583,429.154,2825.329,0.0,474.3906000000001,0.0,0.0,0.0,259.4665,80.5875,0.0,-12200.0,35190.83419652702
14-07-2040 20:00:00,13717.526616419276,5379.591328024849,13661.825163323025,429.89599999999996,3283.45,0.0,472.5075000000001,0.0,0.0,0.0,265.95799999999997,80.814,0.0,-4480.293411750014,35248.18214563678
14-07-2040 21:00:00,6982.539734360364,253.18580319222778,8216.520533646377,439.86800000000005,3784.764,8000.0,474.08700000000005,0.0,0.0,0.0,268.64099999999996,81.054,0.0,0.0,35315.59802354136
14-07-2040 22:00:00,9478.009826151436,4.7534317067685095,5921.4486049598145,438.215,4086.28,8000.0,472.7502,0.0,0.0,0.0,268.0835,81.3005,0.0,0.0,35229.66779558884
14-07-2040 23:00:00,7855.2324415600015,1.1535098061649578,5708.253698391269,437.654,3866.946,8000.0,472.23135000000013,0.0,0.0,0.0,267.0885,81.2725,0.0,0.0,33059.32365990512
15-07-2040 00:00:00,8927.183133356977,1.0383599628557116,7465.443942727225,441.245,4212.563,8000.0,471.27750000000003,0.0,0.0,0.0,269.5,82.524,0.0,0.0,31158.724501807053
15-07-2040 01:00:00,9053.453364620298,7.744434722965515,12359.989084039124,447.024,3997.809,1437.705174366336,471.02235000000013,0.0,0.0,0.0,268.3655,82.3745,0.0,0.0,29355.00177054257
15-07-2040 02:00:00,8998.695525419549,0.8977487178856673,13090.980711715463,447.199,3191.353,0.0,470.2284,0.0,0.0,0.0,266.8805,82.7255,0.0,0.0,27731.913268268487
15-07-2040 03:00:00,8903.447516802731,6.511382267074358,12651.668861156624,447.22,2612.9970000000003,0.0,471.9954000000001,0.0,0.0,0.0,268.953,82.54299999999999,0.0,0.0,26577.86302700784
15-07-2040 04:00:00,8658.36770350749,1.1897874574388363,12634.313686709309,445.249,2363.64,0.0,471.5245500000001,0.0,0.0,0.0,266.3695,82.4275,0.0,0.0,26002.696558002244
15-07-2040 05:00:00,7599.833463594173,8.479939696654979,13640.01422192224,443.48199999999997,2298.456,0.0,472.58325,0.0,0.0,0.0,266.2335,82.7085,0.0,0.0,25773.750778434693
15-07-2040 06:00:00,6288.851584161753,51.45289940942312,14961.8693853808,443.61699999999996,2322.766,0.0,471.6613500000001,0.0,0.0,0.0,264.624,82.17299999999999,0.0,0.0,25704.723436737786
15-07-2040 07:00:00,5169.131511775211,1586.3868820016528,14500.683479375935,437.72900000000004,2075.604,0.0,473.3353500000001,0.0,0.0,0.0,265.615,82.32700000000001,0.0,0.0,25300.4472718435
15-07-2040 08:00:00,3625.453955304144,8025.159665423403,10256.170700032057,428.74199999999996,2612.305,0.0,476.2845000000001,0.0,0.0,0.0,268.6395,82.5605,0.0,0.0,26552.887198180415
15-07-2040 09:00:00,1950.2732705194196,16274.129167840661,4725.382968253958,440.726,3096.708,0.0,474.94185000000016,0.0,0.0,0.0,270.2785,82.3265,0.0,0.0,28503.04258779961
15-07-2040 10:00:00,2305.846006097155,21804.525395280456,0.0,439.49,3601.438,0.0,471.87255000000005,0.0,0.0,0.0,271.4365,81.1645,0.0,0.0,30577.05191513577
15-07-2040 11:00:00,2854.032554033568,22544.873266192735,0.0,436.32199999999995,3511.395,0.0,469.15995000000004,0.0,0.0,0.0,270.161,80.788,0.0,0.0,31887.158586628135
15-07-2040 12:00:00,3454.1073366091314,22510.228476197728,0.0,437.535,3523.7709999999997,0.0,464.5989,0.0,0.0,0.0,270.54,80.118,0.0,0.0,32827.54926291449
15-07-2040 13:00:00,4376.315174293217,21895.060524277415,0.0,438.039,3525.783,0.0,459.52485000000013,0.0,0.0,0.0,269.6695,80.3365,0.0,0.0,33529.64752084153
15-07-2040 14:00:00,6070.993536158061,21179.910196749523,0.0,433.29900000000004,3362.903,0.0,458.9478000000001,0.0,0.0,0.0,269.635,80.793,0.0,-424.572226062508,33880.38343362011
15-07-2040 15:00:00,13186.469559953379,31338.19007818685,0.0,422.519,2477.377,0.0,457.2594,0.0,0.0,0.0,263.9505,80.3115,0.0,-12200.0,33058.15040117914
15-07-2040 16:00:00,16876.912630628573,29479.319810894973,9448.279778537748,422.941,2233.715,0.0,453.73800000000006,0.0,0.0,0.0,260.866,80.37,0.0,-12200.0,32485.590099146993
15-07-2040 17:00:00,19456.335806407576,25101.538363551663,14943.584365587973,445.783,2205.822,0.0,456.2451000000001,0.0,0.0,0.0,260.29,81.077,0.0,-12200.0,32371.887416145753
15-07-2040 18:00:00,22594.54097916208,19209.705776914503,15103.529096384416,428.48400000000004,2187.629,0.0,457.32450000000006,0.0,0.0,0.0,262.8295,80.7175,0.0,-12200.0,32441.213838380296
15-07-2040 19:00:00,26068.822301152886,11752.503680980728,14274.073982326576,411.08099999999996,2210.035,0.0,459.7249500000001,0.0,0.0,0.0,263.3785,81.1515,0.0,-12200.0,32604.002928625214
15-07-2040 20:00:00,27037.65189072694,4638.429658425115,11677.280899470119,411.968,2313.051,0.0,459.31725000000006,0.0,0.0,0.0,264.56,81.469,0.0,-12200.0,32997.449327733295
15-07-2040 21:00:00,25865.297358111857,354.5999272862911,6388.9399565721105,401.569,3568.395,0.0,463.7505000000001,0.0,0.0,0.0,269.05,80.967,0.0,-5021.834821655084,33967.575826080305
15-07-2040 22:00:00,27062.41248234687,6.684442260777981,4396.467303365702,400.89099999999996,3568.3059999999996,0.0,465.55515,0.0,0.0,0.0,258.0765,81.3595,0.0,-2543.82839555791,35024.1213481839
15-07-2040 23:00:00,28403.186679900922,1.5034586962127303,3402.8752349373826,391.379,2891.097,0.0,466.8280500000001,0.0,0.0,0.0,253.3625,82.5185,0.0,-3824.6899603403544,33198.83505895236
16-07-2040 00:00:00,28331.27592252955,1.1032574605340333,3189.905015168246,383.491,2244.305,0.0,467.24475000000007,0.0,0.0,0.0,252.34900000000002,81.2,0.0,-4972.388836488775,31003.660170821448
16-07-2040 01:00:00,27403.293375106492,7.387498485733818,3138.861623533914,385.264,2045.1779999999999,0.0,468.40515,0.0,0.0,0.0,261.267,80.889,0.0,-5574.728541897435,29180.144929400438
16-07-2040 02:00:00,28166.197938866004,0.6057099783324981,2901.9834509133943,387.276,2018.67,0.0,467.00070000000005,0.0,0.0,0.0,262.85900000000004,82.25399999999999,0.0,-7277.99908197179,27912.71861298935
16-07-2040 03:00:00,29206.42284054114,6.533014766300517,2328.227663848491,387.99,2044.128,0.0,466.2232500000001,0.0,0.0,0.0,266.025,83.09899999999999,0.0,-8182.352532816152,27428.642255191888
16-07-2040 04:00:00,29170.539012874477,0.6273424775586588,1929.3700410399179,385.949,2066.697,0.0,467.85495000000003,0.0,0.0,0.0,267.466,82.134,0.0,-7953.717786214893,27189.118175563784
16-07-2040 05:00:00,29960.62137971786,8.901773431565106,999.9944182381441,385.264,2026.7979999999998,0.0,466.66425000000004,0.0,0.0,0.0,268.5795,81.7255,0.0,-7187.485428796932,27690.96155405583
16-07-2040 06:00:00,28152.750205647975,48.41353326814753,493.463304176199,385.041,2329.379,0.0,475.3053000000001,0.0,0.0,0.0,266.8295,82.9145,0.0,-2889.472744386261,30017.35170423114
16-07-2040 07:00:00,28547.035268320706,1391.5862264700756,403.5234448617557,384.44800000000004,2476.916,0.0,493.14150000000006,0.0,0.0,0.0,268.176,82.819,0.0,-2019.702729551529,32767.187816994578
16-07-2040 08:00:00,28696.503516219578,7738.518234427159,747.2857779371843,398.207,3359.111,0.0,516.27675,0.0,0.0,0.0,269.9305,82.7195,0.0,-6881.37094387367,35809.772069391125
16-07-2040 09:00:00,29154.898336103193,16438.730854452522,7345.240529943898,393.711,3956.167,0.0,514.3072500000001,0.0,0.0,0.0,253.118,73.639,0.0,-12200.0,38612.385853297434
16-07-2040 10:00:00,28645.94591811023,23829.744621310634,14856.565030227881,396.533,3910.244,0.0,513.6483000000001,0.0,0.0,0.0,258.7195,82.2985,0.0,-12200.0,40029.34127880361
16-07-2040 11:00:00,27264.751168720864,29595.865657544524,17444.666703958967,391.811,3925.1079999999997,0.0,513.9400500000002,0.0,0.0,0.0,263.8205,82.7085,0.0,-12200.0,40782.74114870271
16-07-2040 12:00:00,25531.443943086582,32829.21041938109,18064.449246916804,396.38699999999994,3739.369,0.0,513.6426000000001,0.0,0.0,0.0,265.6545,80.4565,0.0,-12200.0,41695.484730812444
16-07-2040 13:00:00,24690.281848716408,35078.319731425785,18186.23421877835,396.284,3580.98,0.0,513.7992,0.0,0.0,0.0,269.8505,79.7335,0.0,-12200.0,42042.6893357008
16-07-2040 14:00:00,23495.464095600873,35376.41557076228,18189.417852998857,394.43699999999995,3476.947,0.0,513.3180000000001,0.0,0.0,0.0,270.3365,81.3825,0.0,-12200.0,41339.94753383083
16-07-2040 15:00:00,22732.45123833272,34136.938262600954,18182.98042182022,396.894,3323.6659999999997,0.0,512.1865500000001,0.0,0.0,0.0,265.4815,80.3545,0.0,-12200.0,40460.431278665135
16-07-2040 16:00:00,21858.526489924578,31313.52936110014,18162.422739691217,405.809,3157.676,0.0,513.3666000000002,0.0,0.0,0.0,247.31099999999998,68.78699999999999,0.0,-12200.0,40262.96112174846
16-07-2040 17:00:00,21005.173640563527,27038.9583302604,18119.904120680352,404.43199999999996,3360.6420000000003,0.0,513.4077000000001,0.0,0.0,0.0,243.893,55.8,0.0,-12200.0,40475.627099513804
16-07-2040 18:00:00,19675.050883450327,21135.795411428775,18026.35965071956,408.976,3301.51,0.0,512.8090500000001,0.0,0.0,0.0,248.608,57.265,0.0,-12200.0,39974.92312859238
16-07-2040 19:00:00,18453.38020777717,13523.78403247621,17520.863437037828,393.82800000000003,3500.1090000000004,0.0,514.74255,0.0,0.0,0.0,249.09,57.147,0.0,-12200.0,39509.45969838322
16-07-2040 20:00:00,17683.676358715165,5435.089716825574,13932.135880429822,412.961,4081.801,0.0,516.7708500000001,0.0,0.0,0.0,250.239,57.893,0.0,-5817.079336174738,39049.180330826384
16-07-2040 21:00:00,9477.133810180885,289.9697287525983,8246.926232657705,417.515,4593.142,8000.0,518.5705500000001,0.0,0.0,0.0,251.115,58.071000000000005,0.0,0.0,38701.884588212015
16-07-2040 22:00:00,12135.090831560728,4.205516021825644,5735.746878818212,412.601,4453.768,8000.0,517.6795500000001,0.0,0.0,0.0,253.2985,58.3885,0.0,0.0,38070.1450267632
16-07-2040 23:00:00,16170.583983230084,1.114073710147274,5468.939829587704,411.05699999999996,3698.7290000000003,7380.413817787208,512.2815,0.0,0.0,0.0,253.06400000000002,59.03,0.0,0.0,35333.94200184024
17-07-2040 00:00:00,15750.215655437289,0.7246887240763821,5458.906558104965,399.827,3444.381,6241.902717127934,497.9464500000001,0.0,0.0,0.0,254.5755,59.6795,0.0,0.0,33403.35890387228
17-07-2040 01:00:00,11864.689960573196,6.179621074070496,5654.484541352334,377.077,2898.6240000000003,3653.691532116245,495.60195000000004,0.0,0.0,0.0,252.56400000000002,60.353,0.0,0.0,31499.327387415065
17-07-2040 02:00:00,15511.799760558695,0.7895862217548639,6667.841718825033,390.42800000000005,2569.0170000000003,2853.0079772261925,492.74940000000004,0.0,0.0,0.0,252.5105,60.3515,0.0,0.0,30001.90739358256
17-07-2040 03:00:00,15174.713008660076,6.716891009722884,9266.829003473076,393.5,2409.0660000000003,0.0,490.98780000000005,0.0,0.0,0.0,253.14700000000002,60.184,0.0,0.0,29237.16255075218
17-07-2040 04:00:00,14594.089625966646,2.1740661722291463,9674.258544626095,381.974,2345.08,0.0,488.98650000000004,0.0,0.0,0.0,250.4635,59.6925,0.0,0.0,28969.50295313419
17-07-2040 05:00:00,13709.076395782224,11.876242075162201,10774.178223998013,377.42199999999997,2407.126,0.0,484.98615000000007,0.0,0.0,0.0,250.6245,59.7215,0.0,0.0,29251.040780476098
17-07-2040 06:00:00,13353.046015093854,57.434285445456545,12494.448970168794,376.293,2903.742,0.0,485.11800000000005,0.0,0.0,0.0,251.815,60.101000000000006,0.0,0.0,31085.65436498203
17-07-2040 07:00:00,12260.859567320262,1850.6927575468833,13794.684488679723,384.13699999999994,3492.5609999999997,0.0,496.08765000000005,0.0,0.0,0.0,255.072,59.611999999999995,0.0,0.0,33520.62414198409
17-07-2040 08:00:00,8951.700010224724,9096.390210853266,11435.214266737634,395.26300000000003,4713.57,0.0,505.4110500000001,0.0,0.0,0.0,250.782,60.108999999999995,0.0,0.0,36430.74324352225
17-07-2040 09:00:00,6845.515028032703,18222.654903137856,5556.627668512847,396.955,5350.963000000001,0.0,498.2403000000001,0.0,0.0,0.0,244.7085,60.1025,0.0,0.0,39288.545942408426
17-07-2040 10:00:00,6164.209514244768,25461.39611308422,0.0,397.43699999999995,5381.293000000001,0.0,495.7614,0.0,0.0,0.0,236.4045,59.5005,0.0,0.0,41107.66388154665
17-07-2040 11:00:00,5331.89199790185,25780.229682057863,860.6505548230198,394.401,5777.689,0.0,493.3446000000001,0.0,0.0,0.0,224.6665,57.1695,0.0,0.0,41938.836594933404
17-07-2040 12:00:00,2289.0443596499863,12255.293452298061,18296.80192295945,394.47900000000004,5944.526999999999,0.0,497.3338500000001,0.0,0.0,0.0,217.34799999999998,52.696999999999996,0.0,0.0,42984.14576539547
17-07-2040 13:00:00,4226.710933828254,21767.637268265287,18323.779495582683,393.54400000000004,5774.865,0.0,496.97640000000007,0.0,0.0,0.0,212.3395,54.5725,0.0,-10683.195306094323,43617.76462395388
17-07-2040 14:00:00,7582.320485757799,33888.35380345198,18294.986462122964,391.411,5479.446999999999,0.0,501.54600000000005,0.0,0.0,0.0,216.168,50.903999999999996,0.0,-12200.0,43007.74225263889
17-07-2040 15:00:00,9021.846973004818,34261.17460577491,18316.008972388867,390.295,5343.93,0.0,501.7260000000001,0.0,0.0,0.0,221.0125,48.8865,0.0,-12200.0,42183.049989558254
17-07-2040 16:00:00,10619.073017141463,31617.519429611766,18292.54830698992,387.82099999999997,5025.066,0.0,498.49815000000007,0.0,0.0,0.0,228.167,54.946000000000005,0.0,-12200.0,42014.30867582744
17-07-2040 17:00:00,12362.21281214434,27328.915257053948,18227.112783796852,386.102,4808.986,0.0,502.74090000000007,0.0,0.0,0.0,234.9945,58.8505,0.0,-12200.0,41919.42946716118
17-07-2040 18:00:00,14661.589374335386,21256.090961493366,17728.65915490588,389.17199999999997,4780.407,0.0,505.0522500000001,0.0,0.0,0.0,230.6175,60.3765,0.0,-12200.0,41293.24967899031
17-07-2040 19:00:00,17105.19942006379,13308.226925465391,16307.679540475423,388.31300000000005,4449.69,0.0,505.17930000000007,0.0,0.0,0.0,225.7475,61.7885,0.0,-12200.0,40809.47574964694
17-07-2040 20:00:00,18341.01793278821,5225.870993620027,12146.511748133315,388.906,4721.034000000001,0.0,503.59350000000006,0.0,0.0,0.0,250.0215,71.0355,0.0,-3864.549167360434,40084.455795639784
17-07-2040 21:00:00,19443.64312564136,446.8300877659616,7203.178526903881,391.061,5586.013000000001,4151.720143742419,505.6224,0.0,0.0,0.0,253.0335,73.6205,0.0,0.0,39807.207393272285
17-07-2040 22:00:00,21871.53331385678,6.478933518235117,5337.981079779507,388.056,5045.642,4065.80774402104,506.55690000000004,0.0,0.0,0.0,257.529,75.346,0.0,0.0,39024.38677745103
17-07-2040 23:00:00,23414.44121289029,1.1573387085995952,4993.403104878991,381.129,3675.7709999999997,1566.0603401098087,499.8253500000001,0.0,0.0,0.0,254.7535,73.3315,0.0,0.0,36191.61682197217
18-07-2040 00:00:00,23892.44489311772,0.8652999690464263,4678.311020472378,390.145,2959.302,114.54150055053105,490.7670000000001,0.0,0.0,0.0,254.476,73.28699999999999,0.0,0.0,34065.157919306825
18-07-2040 01:00:00,22637.848096556245,8.020664067105347,4680.898271422891,393.976,2168.341,0.0,488.1193500000001,0.0,0.0,0.0,255.1995,75.0745,0.0,0.0,31858.397008259068
18-07-2040 02:00:00,21492.029895960743,0.7358455794137828,4565.577041766577,380.439,2034.864,0.0,478.58115000000004,0.0,0.0,0.0,252.96599999999998,75.388,0.0,0.0,30383.21201564045
18-07-2040 03:00:00,20811.378149281412,6.326521430236314,4446.765215912601,392.23400000000004,2172.026,0.0,476.8783500000001,0.0,0.0,0.0,253.326,77.365,0.0,0.0,29706.20192773778
18-07-2040 04:00:00,20087.38615346519,1.276317454343479,3832.9640463387186,392.843,2262.6220000000003,1028.923435933706,474.1303500000001,0.0,0.0,0.0,255.63299999999998,78.566,0.0,0.0,29407.199136164676
18-07-2040 05:00:00,18173.325458764153,8.425858448589576,3679.7724790402863,391.39599999999996,2312.77,3343.886648312866,475.2015000000001,0.0,0.0,0.0,249.91099999999997,73.173,0.0,0.0,29694.968552022052
18-07-2040 06:00:00,16743.2323225253,50.728210685346745,2925.751078289497,390.33099999999996,2821.113,6736.953195947546,480.09720000000004,0.0,0.0,0.0,253.123,72.288,0.0,0.0,31424.183402334707
18-07-2040 07:00:00,14242.889227039526,1344.349275418032,1662.9849102434891,389.702,3726.897,6008.723175476429,487.1607,0.0,0.0,0.0,258.639,73.125,0.0,0.0,34070.440931490244
18-07-2040 08:00:00,13304.054805236816,8001.547792518049,2775.411101791464,397.509,4841.648,775.3837679994394,495.5622000000001,0.0,0.00015000000000000001,0.0,258.22700000000003,73.22,0.0,0.0,36888.30633485296
18-07-2040 09:00:00,10112.79587658571,14577.593908920122,6662.541245869623,399.73900000000003,5445.8859999999995,0.0,493.5864,0.0,0.0,0.0,258.8185,72.9495,0.0,0.0,39779.58559446457
18-07-2040 10:00:00,5154.067620585134,10436.53533704969,16091.894040858431,406.009,5834.37,0.0,491.12880000000007,0.0,0.0,0.0,254.128,72.29,0.0,0.0,41495.77407379856
18-07-2040 11:00:00,6492.534575927024,15754.770547449978,17976.237145016785,409.962,5623.825,0.0,488.78565000000003,0.0,0.0,0.0,250.93,72.405,0.0,-7448.88748559019,42603.389457656594
18-07-2040 12:00:00,12570.27113168867,30915.74765450712,18115.457557182293,412.45099999999996,5513.835,0.0,488.9518500000001,0.0,0.0,0.0,259.822,73.949,0.0,-12200.0,43499.914616432696
18-07-2040 13:00:00,13815.231677295687,34720.24647673757,18208.08114121153,413.241,5604.522,0.0,491.92965000000004,0.0,0.0,0.0,261.6135,73.1555,0.0,-12200.0,44224.83190100157
18-07-2040 14:00:00,14248.120278579183,34956.18244071462,18319.40309482228,406.662,5539.685,0.0,492.7668000000001,0.0,0.0,0.0,263.3005,73.3385,0.0,-12200.0,43466.16687447355
18-07-2040 15:00:00,14070.619054761333,32624.895978153487,18294.933840069745,406.135,5672.901,0.0,493.6464,0.0,0.0,0.0,265.232,76.221,0.0,-12200.0,42623.57553399329
18-07-2040 16:00:00,15404.87319324582,30526.94570134197,18287.73338911927,408.148,5720.045,0.0,491.61255000000006,0.0,0.0,0.0,270.8825,78.5245,0.0,-12200.0,42416.400511222964
18-07-2040 17:00:00,16457.820813542996,27159.094251491057,18240.198134367005,423.816,6163.517,0.0,493.5426000000001,0.0,0.0,0.0,265.3165,77.6845,0.0,-12200.0,42403.46750991464
18-07-2040 18:00:00,15337.064312088598,21273.70258790283,18053.30214197398,432.777,6007.170999999999,0.0,498.65385000000015,0.0,0.0,0.0,262.409,77.165,0.0,-12200.0,41870.7210024874
18-07-2040 19:00:00,12592.833318383227,13287.892444485087,17529.11632905295,428.773,6901.637,0.0,500.0953500000001,0.0,0.0,0.0,258.77,78.34100000000001,0.0,-12200.0,41156.78004804784
18-07-2040 20:00:00,1802.067453134205,949.5700696556155,13721.387788935139,432.267,7280.564,8000.0,499.21995000000004,0.0,0.0,0.0,263.426,79.352,0.0,0.0,40495.07514626505
18-07-2040 21:00:00,7880.4911558877975,403.5772918077648,8476.472203803176,423.649,7291.399,8000.0,500.51580000000007,0.0,0.0,0.0,262.6325,79.3795,0.0,0.0,40131.623102766986
18-07-2040 22:00:00,10167.959878083078,6.57627976475284,6555.275399871349,419.251,6890.4259999999995,8000.0,499.7815500000001,0.0,0.0,0.0,262.8435,79.3655,0.0,0.0,39363.23870274734
18-07-2040 23:00:00,10262.662551530571,1.4493774481527641,8024.240060270018,411.55300000000005,5905.363,8000.0,496.9546500000001,0.0,0.0,0.0,268.1355,81.7925,0.0,0.0,36502.523688526395
19-07-2040 00:00:00,10238.749024211864,0.9193812171118281,15068.507412979638,404.61199999999997,5466.23,956.0127408928711,483.89565,113.7960749757749,0.0,0.0,272.404,83.23899999999999,0.0,0.0,34393.12800011631
19-07-2040 01:00:00,9696.349382500284,8.5772859431727,15068.507412979638,405.652,4209.9929999999995,0.0,480.92640000000006,796.3355029861159,0.0,0.0,271.7405,86.3515,0.0,0.0,32277.162211636954
19-07-2040 02:00:00,8760.627716819248,0.7895862217548639,15068.507412979638,420.95300000000003,3699.0040000000004,0.0,481.20195000000007,745.4842244463634,0.0,0.0,269.1135,85.7025,0.0,0.0,30744.98303308182
19-07-2040 03:00:00,8192.868055921392,7.192805992698419,15068.507412979638,425.665,3354.052,0.0,479.6653500000001,880.3064787702369,0.0,0.0,270.91700000000003,87.73899999999999,0.0,0.0,29944.29458708129
19-07-2040 04:00:00,8240.74538968789,2.271412418746869,15068.507412979638,420.959,3621.68,0.0,477.29490000000004,177.9101855216868,0.0,0.0,273.6125,88.0085,0.0,0.0,29512.444982172674
19-07-2040 05:00:00,7694.907429071844,10.5566596223664,15068.507412979638,418.652,3738.0759999999996,0.0,477.46590000000003,922.2051205894513,0.0,0.0,275.543,87.175,0.0,0.0,29827.216460300835
19-07-2040 06:00:00,7880.913133315502,52.0694256373687,15068.507412979638,426.60400000000004,4130.6140000000005,0.0,480.9162,2135.154901393238,0.0,0.0,276.22,87.311,0.0,0.0,31593.94322665265
19-07-2040 07:00:00,8433.612261239232,1625.498440602551,15068.507412979638,425.705,4305.918,0.0,493.4631000000001,2479.3244236644205,0.0,0.0,275.6805,87.4665,0.0,0.0,34106.23053050297
19-07-2040 08:00:00,6608.700330034258,8393.799084736407,14550.65207063781,432.55300000000005,5156.087,0.0,500.38155000000006,0.0,0.0,0.0,262.611,82.337,0.0,0.0,36950.99793063324
19-07-2040 09:00:00,5283.41210456401,17065.965169515046,8419.75063787126,428.26099999999997,5872.278,0.0,494.47695000000004,0.0,0.0,0.0,253.6735,80.4625,0.0,0.0,39755.63162414073
19-07-2040 10:00:00,5532.583865441845,24641.83945851032,1346.9713031244019,430.13800000000003,6028.001,0.0,494.6268000000001,0.0,0.0,0.0,248.828,79.343,0.0,0.0,41557.49477380367
19-07-2040 11:00:00,5180.560082602302,27124.69433894844,0.0,427.4,5897.345,0.0,498.72420000000005,0.0,0.0,0.0,248.165,78.446,0.0,0.0,42431.64394688358
19-07-2040 12:00:00,5603.001515813399,27664.823737587874,0.0,425.25,6118.357,0.0,499.38840000000005,0.0,0.0,0.0,247.8815,77.9285,0.0,0.0,43700.48196807118
19-07-2040 13:00:00,6466.5109001573865,27786.610789529506,0.0,422.49800000000005,5729.444,0.0,498.2526000000001,0.0,0.0,0.0,245.7365,78.7255,0.0,0.0,44313.898010710596
19-07-2040 14:00:00,7277.915553595089,26596.31853877217,0.0,425.48800000000006,5463.855,0.0,495.1545000000001,0.0,0.0,0.0,245.5325,77.9085,0.0,0.0,43660.22252858556
19-07-2040 15:00:00,7650.395818206166,22231.590441687484,15307.492411782529,426.282,5352.017,0.0,498.8799000000001,0.0,0.0,0.0,247.40099999999998,78.039,0.0,-12151.551672929585,42671.40572858076
19-07-2040 16:00:00,13883.125374048452,31347.507320058845,18254.037734366837,422.952,5078.304,0.0,498.0243000000001,0.0,0.0,0.0,244.5825,79.5225,0.0,-12200.0,42650.989389989394
19-07-2040 17:00:00,15974.805309418594,27508.318535244984,17708.539989887126,424.965,4897.152,0.0,497.50005000000004,0.0,0.0,0.0,240.30599999999998,84.274,0.0,-12200.0,42602.01086005403
19-07-2040 18:00:00,18702.030008697933,21174.425703991008,17487.132700916583,428.908,4492.483,0.0,501.68595000000005,0.0,0.0,0.0,250.87,89.167,0.0,-12200.0,41942.53790258198
19-07-2040 19:00:00,22050.41925105494,13099.368781002298,16805.817437046993,433.665,3858.1240000000003,0.0,505.5048000000001,0.0,0.0,0.0,253.641,89.695,0.0,-12200.0,41251.09159887773
19-07-2040 20:00:00,23368.554377372384,5048.224629861178,12630.932829495927,436.249,3966.652,0.0,510.80415000000005,0.0,0.0,0.0,265.4665,92.4975,0.0,-8181.611882840953,40500.41693298198
19-07-2040 21:00:00,23039.068838004794,430.8004058393765,7318.80671853738,441.59,4641.521,1544.2603200796948,511.10865,0.0,0.0,0.0,263.7425,92.8715,0.0,0.0,40051.074464538295
19-07-2040 22:00:00,23430.39129968672,6.6519935120444025,5146.542050124175,437.086,4747.509,3250.503459667907,508.7085000000001,0.0,0.0,0.0,263.77,93.975,0.0,0.0,39332.66404161651
19-07-2040 23:00:00,22481.365002924274,1.481826196992005,4920.714508682198,442.73800000000006,3539.667,2848.0995772892384,505.4961000000001,0.0,0.0,0.0,263.4235,93.3235,0.0,0.0,36418.72905928848
20-07-2040 00:00:00,21458.064829624804,1.0708087116949527,4898.771112484741,451.856,3203.23,2253.7144969269684,494.5029,0.0,0.0,0.0,265.0005,93.6135,0.0,0.0,34357.63896960408
20-07-2040 01:00:00,19946.616194898324,2.1199849241637447,4887.159179405047,453.265,2575.725,2333.969884413782,490.4149500000001,0.0,0.0,0.0,263.107,94.046,0.0,0.0,32223.938895613373
20-07-2040 02:00:00,18726.00524856131,1.114073710147274,4886.685580925958,455.673,2378.779,2332.4579555614364,489.95400000000006,0.0,0.0,0.0,263.0205,93.4675,0.0,0.0,30769.62183831831
20-07-2040 03:00:00,17879.378199621937,1.9036599319021383,4875.994533777819,449.14,2185.071,2693.933588922653,489.4420500000001,0.0,0.0,0.0,262.628,92.209,0.0,0.0,30051.80325262961
20-07-2040 04:00:00,16865.39513570477,0.8004024713679445,4574.25968054976,455.57199999999995,2185.077,3466.9770071132225,488.71590000000003,0.0,0.0,0.0,263.16,93.624,0.0,0.0,29473.939478924538
20-07-2040 05:00:00,13016.302504585112,2.7200656304758386,4164.163582990361,453.54400000000004,2228.904,3006.0837100250974,490.74750000000006,0.0,0.0,0.0,267.2055,92.9845,0.0,0.0,29764.856308250717
20-07-2040 06:00:00,15231.430155559901,44.86326776792816,3541.1955101336025,454.651,2631.551,2853.315238256233,494.3632500000001,0.0,0.0,0.0,280.7365,93.4975,0.0,0.0,31624.889506511176
20-07-2040 07:00:00,15750.223390687916,1216.5035939831446,5413.904466062346,459.452,3352.73,1061.512561616919,510.7972500000001,0.0,0.0,0.0,285.8255,93.2625,0.0,0.0,34049.43982348945
20-07-2040 08:00:00,13417.043611170619,6800.327559238186,9650.787026117487,462.39099999999996,4656.957,0.0,516.1600500000001,0.0,0.0,0.0,286.001,92.071,0.0,0.0,36811.881213738285
20-07-2040 09:00:00,12108.049691149781,14276.919493034993,4805.156765610425,449.75,5947.158,0.0,514.4475000000001,0.0,0.0,0.0,284.0735,91.0295,0.0,0.0,39746.97465614099
20-07-2040 10:00:00,10554.52252657598,21186.26783710354,0.0,429.49300000000005,6149.596,0.0,515.7690000000001,0.0,0.0,0.0,281.7765,92.2945,0.0,0.0,41458.16320822829
20-07-2040 11:00:00,4491.234594146617,12572.58209941022,15093.33825287281,448.842,5973.172,0.0,515.2315500000001,0.0,0.0,0.0,277.876,92.23,0.0,0.0,42242.192421893815
20-07-2040 12:00:00,4251.179687716537,13468.272080992989,17909.977209656412,453.527,6372.125,0.0,512.8941000000001,0.0,0.0,0.0,278.5165,92.4985,0.0,-3127.921154691712,43208.86498642001
20-07-2040 13:00:00,10689.015616937,31452.033963500366,18417.271343490225,451.444,6090.576999999999,0.0,513.4707000000001,0.0,0.0,0.0,278.6615,91.6155,0.0,-12200.0,43755.952852015624
20-07-2040 14:00:00,14870.67596393707,34463.27360636588,18602.632525997353,446.241,5506.404,0.0,514.49805,0.0,0.0,0.0,283.8555,91.8915,0.0,-12200.0,43006.834967276605
20-07-2040 15:00:00,19965.32394195088,32737.27244178647,18748.33422105253,449.964,4416.002,0.0,511.0311000000001,0.0,0.0,0.0,284.767,92.20299999999999,0.0,-12200.0,41848.41792697206
20-07-2040 16:00:00,26208.17422594337,28882.69618045287,18949.596033977694,444.569,3623.441,0.0,510.7108500000001,0.0,0.0,0.0,279.962,93.119,0.0,-12200.0,41414.64513004905
20-07-2040 17:00:00,29847.770636639016,23945.66914185007,18436.662570105953,438.45,2988.446,0.0,511.3614,0.0,0.0,0.0,278.077,92.881,0.0,-12200.0,41093.02195487776
20-07-2040 18:00:00,30807.44545022126,18424.918634945658,18315.816024860338,451.945,2798.7540000000004,0.0,513.9163500000001,0.0,0.0,0.0,277.633,92.936,0.0,-12200.0,40406.07115900599
20-07-2040 19:00:00,31649.82993085099,11466.652330949522,17257.446208904323,457.584,2503.754,0.0,514.812,0.0,0.0,0.0,266.9575,93.0955,0.0,-12200.0,39717.885725939675
20-07-2040 20:00:00,29191.15345529507,4409.990475919212,13866.507409708225,462.091,2978.177,0.0,516.2709,0.0,0.0,0.0,269.27,92.126,0.0,-12200.0,39107.4102699296
20-07-2040 21:00:00,27061.24059228527,358.9588759090432,8117.600716245797,452.73,4202.472,0.0,516.9663,0.0,0.0,0.0,287.0095,93.5725,0.0,-4332.097692717802,38605.22056807866
20-07-2040 22:00:00,26225.34233598319,3.472016125798272,5868.367524639616,455.121,3808.15,0.0,512.73765,0.0,0.0,0.0,290.7815,94.2115,0.0,-1023.0180353123214,37754.840857926225
20-07-2040 23:00:00,25172.84932681401,2.076719925711359,5607.467384719028,452.934,3242.5029999999997,0.0,506.6076000000001,0.0,0.0,0.0,290.183,95.109,0.0,-1593.1853208818866,35180.90055638156
21-07-2040 00:00:00,24392.14595135858,1.66570244041436,5555.79252844592,458.476,3297.572,0.0,486.12570000000005,0.0,0.0,0.0,287.4815,93.7295,0.0,-2507.0656117293765,33389.50262160076
21-07-2040 01:00:00,22764.01106089789,8.501572195881126,5375.939120843657,460.527,2839.14,0.0,482.68890000000005,0.0,0.0,0.0,284.9025,93.6495,0.0,-1987.5022737662803,31566.8072477232
21-07-2040 02:00:00,19575.94685239509,1.1248899597603543,5139.727494230727,460.20099999999996,2183.545,566.1290737086565,481.6503000000001,0.0,0.0,0.0,285.375,94.39399999999999,0.0,0.0,29967.002760489027
21-07-2040 03:00:00,16901.503285639657,5.462206054605566,4853.182873702055,461.32099999999997,2177.058,2622.5403585771564,480.07875000000007,0.0,0.0,0.0,284.8175,94.4525,0.0,0.0,29004.27552952268
21-07-2040 04:00:00,15214.534078896755,1.8928436822890575,4714.532533779886,458.74699999999996,2024.84,3949.3950850382425,482.11665000000005,0.0,0.0,0.0,288.4375,95.4805,0.0,0.0,28327.018067792244
21-07-2040 05:00:00,14269.657744096623,7.820148470257077,3819.9576288483804,455.707,2032.908,5535.246093372045,480.7617000000001,0.0,0.0,0.0,286.6315,94.1095,0.0,0.0,27982.307288680397
21-07-2040 06:00:00,13427.838153423003,47.71047704329734,2575.9898311457073,451.62300000000005,2174.812,7750.894114755349,480.4558500000001,0.0,0.0,0.0,284.7615,93.6605,0.0,0.0,28170.21170427215
21-07-2040 07:00:00,12254.826071829857,1545.9557409479585,1820.0805298177274,451.12,2398.243,3305.7952745485527,482.23545,0.0,0.0,0.0,286.568,95.361,0.0,0.0,28390.769837120097
21-07-2040 08:00:00,10218.192595666023,8528.19098617893,1416.4105839718068,453.532,2845.656,0.0,489.66150000000005,0.0,0.0,0.0,291.474,95.344,0.0,0.0,30158.641218912566
21-07-2040 09:00:00,5468.612925345227,11199.681180506755,9169.662717399187,461.06,3910.17,0.0,488.9190000000001,0.0,0.0,0.0,292.515,95.285,0.0,0.0,33028.49083721572
21-07-2040 10:00:00,1890.8834258995844,6685.400248390848,18042.58478379922,461.78,4417.266,0.0,484.58670000000006,0.0,0.0,0.0,288.8155,94.9175,0.0,0.0,35283.014984521644
21-07-2040 11:00:00,4022.727088952505,20861.629125476436,18760.560078086593,458.186,5177.807,0.0,482.1480000000001,0.0,0.0,0.0,289.3895,93.5115,0.0,-12200.0,36365.600228907395
21-07-2040 12:00:00,4757.083593093241,32091.857124615,18809.524898618285,459.536,5402.096,0.0,483.0202500000001,0.0,0.0,0.0,290.436,92.969,0.0,-12200.0,36885.176404947924
21-07-2040 13:00:00,4759.203711094831,33744.10133749427,18770.137291774678,457.751,5230.212,0.0,480.27075,0.0,0.0,0.0,291.251,93.321,0.0,-12200.0,37190.04697811386
21-07-2040 14:00:00,5667.786923291942,33366.80292776066,18811.980594435736,454.19699999999995,4322.149,0.0,478.8525000000001,0.0,0.0,0.0,282.7935,92.6735,0.0,-12200.0,36685.28458845416
21-07-2040 15:00:00,6999.8200394103615,31431.35850484846,18707.315330558748,459.06199999999995,3402.37,0.0,477.3090000000001,0.0,0.0,0.0,276.61,91.57799999999999,0.0,-12200.0,35622.751875737114
21-07-2040 16:00:00,8268.124035200284,28190.985325769936,18563.26245983815,460.295,2777.118,0.0,474.99225,0.0,0.0,0.0,269.871,92.348,0.0,-12200.0,34734.018062558986
21-07-2040 17:00:00,9596.27456342787,23392.43279892274,18608.657751092338,450.485,2693.613,0.0,472.7512500000001,0.0,0.0,0.0,276.5915,91.9955,0.0,-12200.0,34489.40217397674
21-07-2040 18:00:00,10703.753615014273,17137.676903259435,18474.936343489477,453.971,2658.0359999999996,0.0,470.49315,0.0,0.0,0.0,278.936,92.44,0.0,-12200.0,34135.230182931846
21-07-2040 19:00:00,10689.404725808654,10327.809413021172,17885.26238532213,453.379,2680.6290000000004,0.0,471.58455000000004,0.0,0.0,0.0,281.0105,91.1245,0.0,-11657.906289394667,34133.5621765503
21-07-2040 20:00:00,1.343533253000487,0.5233662078567249,13771.40361406562,448.61800000000005,3711.303,8000.0,472.78950000000003,0.0,0.0,0.0,282.164,92.178,0.0,0.0,34218.03010898859
21-07-2040 21:00:00,4997.893895827969,114.50994542859344,8425.127940365244,455.337,5112.17,8000.0,477.93450000000007,0.0,0.0,0.0,284.593,92.698,0.0,0.0,34754.83875506131
21-07-2040 22:00:00,7412.156093510019,6.393378418262536,6222.730120011194,455.71,5071.113,8000.0,478.9929,0.0,0.0,0.0,286.346,94.686,0.0,0.0,34513.919338248306
21-07-2040 23:00:00,9717.675468483683,1.4493774481527641,6131.392680608691,451.384,4096.6759999999995,8000.0,477.16215,0.0,0.0,0.0,286.8385,93.6915,0.0,0.0,32468.347213374702
22-07-2040 00:00:00,10566.155109948633,0.9626462155641495,10188.270697688406,439.341,3602.301,3524.62718325897,470.91465,0.0,0.0,0.0,288.688,93.291,0.0,0.0,30476.59619360924
22-07-2040 01:00:00,11105.085491753229,6.305873524425832,12158.990971544687,426.736,2924.063,0.0,470.38065,0.0,0.0,0.0,289.2255,93.4965,0.0,0.0,28720.901184003775
22-07-2040 02:00:00,10980.230811354962,0.5408124806540165,11168.103127904451,427.458,2563.597,0.0,468.5485500000001,0.0,0.0,0.0,285.2305,93.1775,0.0,0.0,27193.548957011226
22-07-2040 03:00:00,10984.554816456422,5.473022304218647,10540.703892695228,449.715,2247.083,0.0,467.7909,0.0,0.0,0.0,272.5365,94.2855,0.0,0.0,26245.12811708573
22-07-2040 04:00:00,11481.738050617783,0.7895862217548639,9821.976719659036,450.86199999999997,1941.993,0.0,463.54515000000004,0.0,0.0,0.0,271.157,94.837,0.0,0.0,25698.072986673345
22-07-2040 05:00:00,10969.529092110122,7.755250972578597,9793.7639578626,449.483,2157.987,0.0,463.36005000000006,0.0,0.0,0.0,275.297,92.954,0.0,0.0,25379.24829767693
22-07-2040 06:00:00,11837.161214131796,45.14702588499729,9161.97957796761,443.106,2065.081,0.0,463.7208000000001,0.0,0.0,0.0,276.566,92.538,0.0,0.0,25429.260217828156
22-07-2040 07:00:00,11726.334410748726,929.9595092334205,8314.583849566943,440.57199999999995,2046.142,0.0,465.0385500000001,0.0,0.0,0.0,279.506,93.98200000000001,0.0,0.0,25105.450109223082
22-07-2040 08:00:00,10976.281965908998,6024.283281998899,4643.866561106264,443.962,2475.881,0.0,467.05695000000003,0.0,0.0,0.0,276.1625,93.0935,0.0,0.0,26202.98268465757
22-07-2040 09:00:00,9555.959712546448,12874.173345549172,0.0,443.841,2871.815,0.0,469.4770500000001,0.0,0.0,0.0,273.8845,91.8315,0.0,0.0,28061.135841827
22-07-2040 10:00:00,7078.361238769339,16019.963164748475,0.0,448.061,3009.636,0.0,471.71880000000004,0.0,0.0,0.0,275.325,90.391,0.0,0.0,29800.250109139004
22-07-2040 11:00:00,5604.141513387238,18373.90521180726,0.0,446.712,3134.324,0.0,470.6773500000001,0.0,0.0,0.0,271.106,89.719,0.0,0.0,31027.67254368805
22-07-2040 12:00:00,2246.0432856656057,9627.864195549753,15095.89182886036,445.23199999999997,3435.657,0.0,469.4938500000001,0.0,0.0,0.0,275.307,91.024,0.0,-2577.962123588566,31934.847052751895
22-07-2040 13:00:00,6222.764418867037,31044.004387524437,18047.996084939834,444.82599999999996,4174.9490000000005,0.0,465.6490500000001,0.0,0.0,0.0,278.8555,93.1425,0.0,-12200.0,32840.76497716882
22-07-2040 14:00:00,5854.348866364375,33874.95616393168,18193.925808892323,443.12199999999996,4135.142,0.0,466.3200000000001,0.0,0.0,0.0,280.504,93.985,0.0,-12200.0,33118.95600401686
22-07-2040 15:00:00,6681.152006497214,32833.5015314449,18364.517735125875,439.51,3760.137,0.0,465.58920000000006,0.0,0.0,0.0,278.24,93.045,0.0,-12200.0,32350.693616952827
22-07-2040 16:00:00,8306.492661745146,30615.210840214815,18424.164832463517,439.01,2824.435,0.0,464.3065500000001,0.0,0.0,0.0,277.1715,93.5355,0.0,-12200.0,31603.673759865862
22-07-2040 17:00:00,10315.848001383662,26872.090489933435,18500.67729786178,428.78,2447.438,0.0,462.4870500000001,0.0,0.0,0.0,278.5285,93.5325,0.0,-12200.0,31390.81062701973
22-07-2040 18:00:00,12651.76807753028,21028.465574440816,18408.3168240987,438.907,2243.795,0.0,460.9162500000001,0.0,0.0,0.0,280.1625,93.4375,0.0,-12200.0,31332.443423341458
22-07-2040 19:00:00,14175.620295876544,13396.595747297022,17704.54948418378,435.816,2566.415,0.0,462.9516000000001,0.0,0.0,0.0,277.028,92.241,0.0,-12200.0,31809.417362351567
22-07-2040 20:00:00,15205.630805118133,5247.168195942681,14093.229526055133,437.6,3049.0209999999997,0.0,467.04165000000006,0.0,0.0,0.0,273.3055,91.0985,0.0,-9159.096194548254,32121.85422673076
22-07-2040 21:00:00,15429.632060755055,422.1149574000729,8135.527295713226,439.07599999999996,5076.819,1096.9131552775034,464.2377,0.0,0.0,0.0,284.232,92.654,0.0,0.0,33213.40593539402
22-07-2040 22:00:00,15929.44141250487,7.593007228382392,5594.548670650751,436.48400000000004,5989.964,4254.8875725423295,468.6223500000001,0.0,0.0,0.0,283.1365,93.2115,0.0,0.0,34498.79865952476
22-07-2040 23:00:00,15863.738193664469,1.1681549582126758,5327.526831870899,442.62800000000004,4891.615,4229.75044802216,466.1883000000001,0.0,0.0,0.0,270.032,84.125,0.0,0.0,32905.8417774358
23-07-2040 00:00:00,15783.113676361258,0.9950949644033903,5295.480001453048,443.401,3218.8520000000003,3883.0069657360273,466.8186000000001,0.0,0.0,0.0,268.949,83.656,0.0,0.0,30689.684752830744
23-07-2040 01:00:00,15532.886053772601,8.53402094472038,5281.456224266934,448.55699999999996,2145.549,3319.6781059542573,468.22215000000006,0.0,0.0,0.0,269.1925,92.2505,0.0,0.0,28755.301769673802
23-07-2040 02:00:00,14748.999622682824,0.9193812171118281,5271.352790046512,448.379,1870.402,3093.196564825552,467.9548500000001,0.0,0.0,0.0,270.7615,94.0415,0.0,0.0,27420.196577920215
23-07-2040 03:00:00,13773.940339929406,6.500566017461278,5268.993567993311,448.939,1774.6070000000002,3540.5013961605327,466.8960000000001,0.0,0.0,0.0,269.561,92.637,0.0,0.0,26779.264009846356
23-07-2040 04:00:00,11225.156410522284,0.7449893992410882,5671.637495509878,452.463,1952.116,312.06579148163473,465.0358500000001,0.0,0.0,0.0,270.9175,94.8235,0.0,0.0,26568.29616971075
23-07-2040 05:00:00,10878.73658785545,9.464218411445287,6234.840160346419,448.42,2082.89,634.595445644396,468.48165000000006,0.0,0.0,0.0,273.6235,94.8505,0.0,0.0,27198.952866178155
23-07-2040 06:00:00,9949.914765735237,49.10577324338469,9444.249938453966,444.325,2780.695,0.0,474.0498000000001,0.0,0.0,0.0,273.98,94.602,0.0,0.0,29570.706168496214
23-07-2040 07:00:00,9405.592914242417,1509.8619159891095,15068.507412979638,434.301,3508.989,0.0,487.6641000000001,768.8861028874198,0.0,0.0,277.415,92.759,0.0,0.0,32453.06099878146
23-07-2040 08:00:00,7682.589042445597,8483.541507776135,12504.067460593214,437.231,4434.433,0.0,506.1867000000001,0.0,0.0,0.0,277.1685,93.5525,0.0,0.0,35403.24126875232
23-07-2040 09:00:00,6096.004050736987,17605.339088970526,5764.981341011908,441.14300000000003,5840.253000000001,0.0,508.29810000000015,0.0,0.0,0.0,278.8,93.927,0.0,0.0,38597.50920048523
23-07-2040 10:00:00,6339.437735173055,24176.6867199358,0.0,439.019,5813.321,0.0,504.85005000000007,0.0,0.0,0.0,275.9975,92.5175,0.0,0.0,40546.88489755849
23-07-2040 11:00:00,3589.5145413575588,16354.866498088917,11206.233888223767,434.86800000000005,6218.727,0.0,507.40215,0.0,0.0,0.0,275.9585,93.1955,0.0,0.0,41715.58748122817
23-07-2040 12:00:00,2276.108285149455,11622.876651013137,18600.7118210544,431.164,6639.225,0.0,500.3556000000001,0.0,0.0,0.0,276.965,91.602,0.0,-722.2204488710522,42773.33564932451
23-07-2040 13:00:00,6358.35034594323,31882.35882363855,18613.08677390596,436.327,6526.834,0.0,503.5260000000001,0.0,0.0,0.0,276.0305,91.2225,0.0,-12200.0,43609.970674420954
23-07-2040 14:00:00,7466.4418439867895,35725.71377350124,18596.326649951807,441.10699999999997,6004.045,0.0,504.4461000000001,0.0,0.0,0.0,275.04200000000003,91.05799999999999,0.0,-12200.0,42995.247084406175
23-07-2040 15:00:00,8086.608438361966,34770.80532581079,18492.02097010525,434.454,5427.963000000001,0.0,505.6438500000001,0.0,0.0,0.0,273.9575,91.2105,0.0,-12200.0,42135.41769403296
23-07-2040 16:00:00,8724.918702963625,32143.072812708142,18535.556948811893,435.86,5519.906999999999,0.0,503.97975,0.0,0.0,0.0,271.1045,89.8325,0.0,-12200.0,41928.14669765732
23-07-2040 17:00:00,9233.565817800127,27762.448674637697,18424.962933604198,439.254,5871.525,0.0,503.4309,0.0,0.0,0.0,279.0575,90.3165,0.0,-12200.0,41826.38528870904
23-07-2040 18:00:00,9096.886683548477,21533.01109390661,17743.419640837266,446.21,5597.5740000000005,0.0,501.97545,0.0,0.0,0.0,280.2885,89.9955,0.0,-12200.0,41362.864022040914
23-07-2040 19:00:00,9046.100978175822,13430.266692710382,17117.033030198887,450.501,5406.746999999999,0.0,505.3335000000001,0.0,0.0,0.0,280.3535,88.6875,0.0,-8461.627124879044,40724.54617672706
23-07-2040 20:00:00,2562.3931269527593,1476.824618267614,13528.987228143516,448.999,5685.795999999999,8000.0,507.97455000000014,0.0,0.0,0.0,278.9595,90.3665,0.0,0.0,39987.428712565204
23-07-2040 21:00:00,8651.541119086041,335.1769028223076,8468.855503598763,450.501,6225.683000000001,8000.0,515.8482,0.0,0.0,0.0,276.4445,91.6545,0.0,0.0,39813.42075424256
23-07-2040 22:00:00,9887.44101403233,7.56055847954315,6657.0149006751635,453.907,6221.325,8000.0,514.7593500000002,0.0,0.0,0.0,263.0185,90.5085,0.0,0.0,38584.3202695626
23-07-2040 23:00:00,10007.619735425533,1.4710099473789249,10911.930313483728,453.381,5012.36,7217.696190729377,512.3713500000001,0.0,0.0,0.0,263.0875,90.6655,0.0,0.0,35838.57642669282
24-07-2040 00:00:00,9441.04356787387,1.1032574605341934,15068.507412979638,456.841,3989.958,0.0,500.41035000000016,2654.865176545183,0.0,0.0,266.198,91.686,0.0,0.0,33752.19431607029
24-07-2040 01:00:00,9258.816533562343,8.55565344394654,15068.507412979638,457.671,2936.72,0.0,496.4901000000001,1839.5380197324812,0.0,0.0,271.17400000000004,91.541,0.0,0.0,31653.03469625977
24-07-2040 02:00:00,8873.817639269397,0.6489749767848197,15068.507412979638,458.39599999999996,2120.589,0.0,492.36915000000005,1738.5576403155828,0.0,0.0,270.926,91.476,0.0,0.0,30305.831994351476
24-07-2040 03:00:00,8699.198223951222,5.786693542997977,15068.507412979638,455.88,1844.6529999999998,0.0,490.6476000000001,1486.4921068396106,0.0,0.0,267.7695,91.2295,0.0,0.0,29580.934053299967
24-07-2040 04:00:00,8157.467681419027,0.6814237256240607,15068.507412979638,453.827,1790.0970000000002,0.0,490.02720000000005,1747.5333432563675,0.0,0.0,269.2225,93.5455,0.0,0.0,29235.5797302452
24-07-2040 05:00:00,7967.087692944822,7.3009684888292234,15068.507412979638,442.025,1901.38,0.0,492.29160000000013,2164.9859559228753,0.0,0.0,271.2535,93.4465,0.0,0.0,29573.220825752916
24-07-2040 06:00:00,7785.073378025588,46.94252332076863,15068.507412979638,448.906,2781.531,0.0,494.49180000000007,3383.014091717716,0.0,0.0,278.35200000000003,93.34299999999999,0.0,0.0,31457.378366086246
24-07-2040 07:00:00,7159.624217938692,1345.3575756237706,15068.507412979638,444.675,3542.414,0.0,506.55855000000014,4450.27851373603,0.0,0.0,277.4195,93.1365,0.0,0.0,33801.07129253952
24-07-2040 08:00:00,5192.105206142528,8240.132626483375,15068.507412979638,450.626,4872.934,0.0,517.2801000000001,867.4959899237547,0.0,0.0,278.9395,93.4305,0.0,0.0,36576.459075762534
24-07-2040 09:00:00,3375.8103441379567,17350.172944348345,9803.647009756609,448.23400000000004,5954.047,0.0,517.2990000000001,0.0,0.0,0.0,278.8995,93.6435,0.0,0.0,39582.541366920515
24-07-2040 10:00:00,2446.4934659775045,25095.710924774397,3583.026328593476,449.57199999999995,6512.9980000000005,0.0,514.26345,0.0,0.0,0.0,274.5155,91.6195,0.0,0.0,41465.52230061138
24-07-2040 11:00:00,2124.1164161733627,29513.010889029727,0.0,444.546,6665.767,0.0,508.99065,0.0,0.0,0.0,273.0605,91.2435,0.0,0.0,42565.66997079657
24-07-2040 12:00:00,2244.343764708527,30621.950195650043,0.0,449.855,6298.128000000001,0.0,507.6760500000001,0.0,0.0,0.0,271.4285,91.1225,0.0,0.0,43576.44835883717
24-07-2040 13:00:00,2574.808272608516,30898.34804602156,0.0,449.30300000000005,6325.21,0.0,509.63595000000004,0.0,0.0,0.0,267.2,87.39200000000001,0.0,0.0,44222.1874189841
24-07-2040 14:00:00,2976.191870443842,30023.39773808803,0.0,445.218,6225.9890000000005,0.0,512.2387500000001,0.0,0.0,0.0,259.0185,78.4925,0.0,0.0,43613.35318602381
24-07-2040 15:00:00,3000.8724237456927,23155.93887139085,6194.667965633504,436.671,6151.724,0.0,509.6719500000001,0.0,0.0,0.0,264.6365,78.7015,0.0,0.0,42851.55599764644
24-07-2040 16:00:00,3129.944577342145,17560.749191630086,18804.701210405416,439.796,6511.91,0.0,510.59220000000005,0.0,0.0,0.0,263.745,78.903,0.0,-7702.858991612158,42639.347196474104
24-07-2040 17:00:00,6831.6172810548505,25652.863404333777,18762.252754132205,439.411,6555.214,0.0,512.1306000000001,0.0,0.0,0.0,264.1025,79.1555,0.0,-12200.0,42648.29543320639
24-07-2040 18:00:00,9875.546527092747,21355.141007665046,18669.857199000282,435.791,5828.061,0.0,510.9966000000001,0.0,0.0,0.0,268.1205,78.7185,0.0,-12200.0,41790.72105056843
24-07-2040 19:00:00,12634.576532667932,13409.73141503255,18360.264119156345,436.651,5429.198,0.0,509.8521000000001,0.0,0.0,0.0,268.8015,80.0025,0.0,-12200.0,41085.76999582158
24-07-2040 20:00:00,15482.693702227178,5051.980256797393,14313.119545824185,440.71,4902.298,0.0,508.8997500000001,0.0,0.0,0.0,265.4755,79.9485,0.0,-3348.484298503721,40249.444095012164
24-07-2040 21:00:00,10521.946217547147,237.13909409298589,8323.024252681309,444.86400000000003,4672.498,8000.0,510.0613500000001,0.0,0.0,0.0,268.7225,80.1445,0.0,0.0,39926.4888210781
24-07-2040 22:00:00,12514.463196861876,5.507179874889113,5828.429522075883,448.76099999999997,4868.05,8000.0,510.3580500000001,0.0,0.0,0.0,268.8575,79.7635,0.0,0.0,39038.87767588823
24-07-2040 23:00:00,11189.718195855039,0.7031462566737956,5521.602066750078,448.63599999999997,3669.322,8000.0,510.6244500000001,0.0,0.0,0.0,268.006,79.432,0.0,0.0,36074.16186859397
25-07-2040 00:00:00,13857.553402068335,1.092121258513171,6047.471164808903,444.441,3447.88,8000.0,499.8771000000001,0.0,0.0,0.0,267.45599999999996,79.85600000000001,0.0,0.0,33956.3930411023
25-07-2040 01:00:00,13338.836359688883,8.339328451684933,7148.608879378118,449.11400000000003,2815.861,6063.48714203991,496.81245000000007,0.0,0.0,0.0,265.2955,80.1365,0.0,0.0,31917.733619749637
25-07-2040 02:00:00,13153.356652487977,0.6165262279455788,12703.607539960469,448.985,1892.1779999999999,0.0,498.02610000000016,0.0,0.0,0.0,268.78,80.028,0.0,0.0,30258.528538621296
25-07-2040 03:00:00,13061.775152669177,6.013834784872664,12230.727338505907,458.602,1677.99,0.0,496.9918500000001,0.0,0.0,0.0,273.93,80.793,0.0,0.0,29480.23504984357
25-07-2040 04:00:00,12349.281217257228,0.8652999690464263,12417.744624563655,461.727,1772.2479999999998,0.0,497.25315,0.0,0.0,0.0,275.89,80.707,0.0,0.0,29041.78074972889
25-07-2040 05:00:00,11634.803190059012,8.501572195881138,13161.39389461711,450.94,1936.723,0.0,497.3031000000001,0.0,0.0,0.0,273.6145,80.5225,0.0,0.0,29231.234134672264
25-07-2040 06:00:00,11036.520230180204,50.674129437281344,14765.705287045488,440.338,2816.0890000000004,0.0,498.3855000000001,0.0,0.0,0.0,275.392,80.75399999999999,0.0,0.0,31056.316572990097
25-07-2040 07:00:00,10356.019291368666,1256.6318800476727,15068.507412979638,436.82599999999996,3256.7340000000004,0.0,506.82780000000014,1144.5068781048685,0.0,0.0,276.3105,80.6945,0.0,0.0,33311.43144155693
25-07-2040 08:00:00,8313.27496720814,8025.592315407925,13002.802839598226,439.981,4173.405,0.0,512.9524500000001,0.0,0.0,0.0,276.0215,80.2795,0.0,0.0,35852.33264346108
25-07-2040 09:00:00,6166.112494810443,17019.422847429963,6721.496052138836,442.085,5375.142,0.0,510.5616000000001,0.0,0.0,0.0,266.2325,80.6375,0.0,0.0,38670.09016951545
25-07-2040 10:00:00,4557.74503733134,24595.69733766092,1464.2358300040978,444.075,5683.624,0.0,509.43870000000004,0.0,0.0,0.0,261.694,80.225,0.0,0.0,40516.56802599562
25-07-2040 11:00:00,3432.39573236637,27759.228389172647,0.0,445.56,5923.628000000001,0.0,506.52645000000007,0.0,0.0,0.0,261.2295,80.5115,0.0,0.0,41448.70422823956
25-07-2040 12:00:00,2990.5316634368064,28894.078950474515,0.0,437.73900000000003,6204.106,0.0,503.66490000000005,0.0,0.0,0.0,262.1835,80.2835,0.0,0.0,42460.841126383944
25-07-2040 13:00:00,1370.1398906941095,14119.267248482567,16893.319184317486,438.473,6374.079000000001,0.0,502.1365500000001,0.0,0.0,0.0,260.5245,79.5455,0.0,0.0,43141.902937191946
25-07-2040 14:00:00,2292.52051152534,21245.290555361753,18792.036836261075,438.905,6074.496,0.0,501.71940000000006,0.0,0.0,0.0,259.374,78.37,0.0,-10178.662544416617,42594.36384685488
25-07-2040 15:00:00,4793.230180277526,33109.86394564455,18825.399218009727,442.066,5434.931,0.0,498.79965000000004,0.0,0.0,0.0,262.07099999999997,78.04899999999999,0.0,-12200.0,42267.315187055
25-07-2040 16:00:00,6229.775239916686,32080.96724125487,18798.079602040467,455.24699999999996,5286.193,0.0,497.3416500000001,0.0,0.0,0.0,266.0975,78.0075,0.0,-12200.0,42042.021612361175
25-07-2040 17:00:00,7147.755312100992,27824.907103251113,18719.339469722094,448.43199999999996,5309.883000000001,0.0,495.6852,0.0,0.0,0.0,265.2915,79.1425,0.0,-12200.0,41937.42303020328
25-07-2040 18:00:00,8089.69617544686,21592.182575000166,18659.64852067342,445.68199999999996,5338.105,0.0,498.1101000000001,0.0,0.0,0.0,271.7485,78.4075,0.0,-12200.0,41370.67173523044
25-07-2040 19:00:00,9347.05123695022,13462.778186454492,18347.47696022116,446.085,5371.983,0.0,499.8385500000001,0.0,0.0,0.0,268.4395,79.2635,0.0,-10187.969971284872,40650.097070308744
25-07-2040 20:00:00,2417.1568702670556,1185.3794120166624,14747.024596090512,450.39,4682.1990000000005,8000.0,502.4301000000001,0.0,0.0,0.0,261.803,80.20100000000001,0.0,0.0,39890.23572163018
25-07-2040 21:00:00,8879.108599698242,300.45911233444303,9255.693602380044,451.75699999999995,5052.608,8000.0,506.1837000000001,0.0,0.0,0.0,259.012,79.889,0.0,0.0,39685.59432764325
25-07-2040 22:00:00,10809.687873118128,8.155452208262568,7455.684433774,447.37199999999996,4788.928,8000.0,505.90485000000007,0.0,0.0,0.0,265.8645,79.3495,0.0,0.0,38933.7036240889
25-07-2040 23:00:00,10862.504164411068,2.184882421842226,9785.467312354933,450.96,4073.2340000000004,8000.0,505.03860000000014,0.0,0.0,0.0,262.9795,76.8595,0.0,0.0,36193.084325356474
26-07-2040 00:00:00,10393.419228158557,2.271412418746869,15068.507412979638,459.837,3439.763,769.8739152457674,494.13450000000006,1610.7946633405809,0.0,0.0,266.975,80.663,0.0,0.0,33947.01701504378
26-07-2040 01:00:00,10166.354813577618,10.156458386682429,15068.507412979638,467.43300000000005,2893.94,0.0,492.6480000000001,1125.441601695762,0.0,0.0,265.5485,79.5395,0.0,0.0,31869.226402054566
26-07-2040 02:00:00,8721.042571726743,3.3097723816025804,15068.507412979638,467.455,2555.0029999999997,0.0,494.4618000000001,1426.4025658342907,0.0,0.0,261.4755,74.3755,0.0,0.0,30330.568633146915
26-07-2040 03:00:00,7602.540801314228,10.210539634747832,15068.507412979638,468.35,2402.384,0.0,495.29925000000003,1902.1163841292255,0.0,0.0,269.0795,78.9665,0.0,0.0,29536.962146444224
26-07-2040 04:00:00,6680.808336395241,4.7807823289815055,15068.507412979638,471.535,2307.01,0.0,494.7925500000001,2646.039543102652,0.0,0.0,266.0085,78.6685,0.0,0.0,29249.905464803407
26-07-2040 05:00:00,5854.807333257368,11.54093833715671,15068.507412979638,468.827,2422.437,0.0,495.14970000000005,3490.294199751941,0.0,0.0,268.2425,80.8965,0.0,0.0,29390.35279249825
26-07-2040 06:00:00,4708.543748338353,52.837379359897405,15068.507412979638,467.06199999999995,3324.861,0.0,497.0094,5772.620734845892,0.0,0.0,267.3145,81.0045,0.0,0.0,31367.690287895966
26-07-2040 07:00:00,4000.257789268432,1141.2224966761055,15068.507412979638,462.56800000000004,3920.347,0.0,508.2891000000001,7476.042265341115,0.0,0.0,262.8875,80.1955,0.0,0.0,33829.482083661074
26-07-2040 08:00:00,2645.239128006675,6888.079792349107,15068.507412979638,462.30699999999996,4407.245,0.0,515.5494,5082.567101437886,0.0,0.0,261.30400000000003,80.52199999999999,0.0,0.0,36374.60128832173
26-07-2040 09:00:00,1605.8070895209949,15206.33818978776,14079.346458265103,466.149,5664.331,0.0,516.7221000000001,0.0,0.0,0.0,260.3735,79.8325,0.0,0.0,39359.831267766305
26-07-2040 10:00:00,1289.6209848211927,23524.347813485314,7278.58954668608,462.077,5784.347,0.0,513.6643500000001,0.0,0.0,0.0,264.8305,80.1215,0.0,0.0,41214.12502123182
26-07-2040 11:00:00,1178.0322592511918,29760.413262908325,2001.549200218654,455.211,5743.289000000001,0.0,505.09470000000005,0.0,0.0,0.0,257.9905,80.3105,0.0,0.0,42395.07428333427
26-07-2040 12:00:00,1362.098126410194,32202.662854471426,0.0,441.626,5759.556,0.0,506.8020000000001,0.0,0.0,0.0,269.1535,79.1475,0.0,0.0,43406.135012330175
26-07-2040 13:00:00,2021.7403494182652,32299.362027899493,0.0,435.31300000000005,5431.03,0.0,510.62295000000006,0.0,0.0,0.0,271.4805,78.9525,0.0,0.0,44071.41028102863
26-07-2040 14:00:00,3188.727114624201,31008.175575409467,0.0,438.4,4845.932,0.0,510.98865000000006,0.0,0.0,0.0,272.67900000000003,78.824,0.0,0.0,43460.51373152525
26-07-2040 15:00:00,4430.819140272875,29051.55866405212,0.0,451.69,4771.323,0.0,510.3312000000001,0.0,0.0,0.0,273.4185,78.4575,0.0,0.0,42661.13618081652
26-07-2040 16:00:00,4817.527050815027,21850.430153584457,7024.426454597764,452.30199999999996,4472.494000000001,0.0,512.3883000000001,0.0,0.0,0.0,273.0695,78.9155,0.0,0.0,42569.17858725299
26-07-2040 17:00:00,4767.6756506620495,14312.243500057342,19065.487335877348,463.89099999999996,4719.17,0.0,512.15025,0.0,0.0,0.0,272.034,79.094,0.0,-4660.565775407538,42622.52094030647
26-07-2040 18:00:00,9760.306899222336,19033.08356053316,18902.376511544862,467.914,5158.282,0.0,514.2696000000001,0.0,0.0,0.0,274.4895,79.4565,0.0,-12200.0,42022.70673828712
26-07-2040 19:00:00,12298.853371013181,12503.054512549554,18535.43416402102,465.87300000000005,5112.986,0.0,517.2145500000001,0.0,0.0,0.0,274.334,79.292,0.0,-11418.951662564028,41409.767959739474
26-07-2040 20:00:00,14753.765788912697,4576.458865887519,14492.192392970173,471.495,4672.423,0.0,516.74805,0.0,0.0,0.0,277.548,78.5,0.0,-1902.5877422382964,40512.12534084518
26-07-2040 21:00:00,10974.683195962021,199.05576687192598,8839.291240699265,473.466,3889.145,8000.0,518.7369,0.0,0.0,0.0,277.899,78.108,0.0,0.0,40162.846515710764
26-07-2040 22:00:00,12822.308685194272,2.326120352634417,6254.0423023758085,469.95,4221.456,8000.0,519.1123500000001,0.0,0.0,0.0,275.063,78.58800000000001,0.0,0.0,39202.30956609462
26-07-2040 23:00:00,11649.092756776305,1.5818170276493124,5921.143414089891,465.876,3078.655,8000.0,515.66745,0.0,0.0,0.0,272.126,78.90899999999999,0.0,0.0,36383.60197574532
27-07-2040 00:00:00,13811.634216243187,2.704062403270082,6769.772836345535,455.68300000000005,3151.04,8000.0,498.91695000000004,0.0,0.0,0.0,262.17,79.154,0.0,0.0,34356.16067848897
27-07-2040 01:00:00,11332.173112086051,10.45931337584868,11972.62059266494,474.881,3106.56,3241.540610241722,499.51500000000004,0.0,0.0,0.0,266.8725,80.5815,0.0,0.0,32248.827678612666
27-07-2040 02:00:00,9566.134173416312,3.5477298730903475,15068.507412979638,473.189,2631.671,0.0,498.6208500000001,756.6493510556702,0.0,0.0,272.698,80.582,0.0,0.0,30577.96106045165
27-07-2040 03:00:00,7367.6985922261065,12.298075810072334,15068.507412979638,475.16900000000004,2504.258,0.0,497.3274,2353.6766294714726,0.0,0.0,277.421,81.711,0.0,0.0,29846.022079081336
27-07-2040 04:00:00,5797.094628316444,8.999119678082835,15068.507412979638,476.88,2490.0789999999997,0.0,497.73570000000007,3472.1001919313385,0.0,0.0,279.95799999999997,81.61399999999999,0.0,0.0,29380.969326625367
27-07-2040 05:00:00,5014.92929049156,17.80354686313022,15068.507412979638,475.019,2813.6290000000004,0.0,500.4088500000001,4341.468059575756,0.0,0.0,280.656,81.58,0.0,0.0,29737.105056672957
27-07-2040 06:00:00,4317.929062088949,58.926927892061634,15068.507412979638,461.35400000000004,3644.66,0.0,505.27350000000007,6177.334713290704,0.0,0.0,267.6315,79.3505,0.0,0.0,31619.618398030754
27-07-2040 07:00:00,3801.4734509861178,1198.8190258657582,15068.507412979638,446.069,4303.661,0.0,518.6908500000001,7320.449652001549,0.0,0.0,269.7575,78.0595,0.0,0.0,33911.94833404341
27-07-2040 08:00:00,3071.6370836645656,7788.5542051372695,15068.507412979638,435.491,4593.571,0.0,522.2640000000001,3656.524599938679,0.0,0.0,277.528,77.075,0.0,0.0,36525.3479230383
27-07-2040 09:00:00,2157.763633384365,16536.996482187355,12500.71589173632,439.37300000000005,4830.087,0.0,524.1313500000001,0.0,0.0,0.0,277.4585,77.9735,0.0,0.0,39354.917642366316
27-07-2040 10:00:00,2164.589992064216,24123.286819560024,5841.926775963027,448.30800000000005,4908.413,0.0,522.2577,0.0,0.0,0.0,274.74,78.983,0.0,0.0,41286.89756548205
27-07-2040 11:00:00,3406.902547395178,29636.166469244425,0.0,452.61400000000003,5027.3679999999995,0.0,521.4198000000001,0.0,0.0,0.0,256.9645,77.9315,0.0,0.0,42478.66878156565
27-07-2040 12:00:00,5135.062067468198,28994.865398543545,0.0,444.417,5178.601,0.0,517.1083500000001,0.0,0.0,0.0,250.1335,78.4995,0.0,0.0,43747.00461528333
27-07-2040 13:00:00,7680.416001448308,27471.67561570705,0.0,457.056,4723.731,0.0,519.28845,0.0,0.0,0.0,260.6785,78.2485,0.0,0.0,44353.26244052765
27-07-2040 14:00:00,7002.267165311545,18204.520675493706,8744.960530683049,453.9,5140.958,0.0,522.1024500000001,0.0,0.0,0.0,266.311,79.139,0.0,0.0,43558.47525528457
27-07-2040 15:00:00,13146.784903344991,26690.84629817499,19107.77792599087,456.91,4221.162,0.0,517.4455500000001,0.0,0.0,0.0,267.9845,78.5875,0.0,-12200.0,42634.77766248866
27-07-2040 16:00:00,18347.42251748234,31073.28770473662,19110.365176941414,460.467,3768.192,0.0,515.9784000000001,0.0,0.0,0.0,267.2985,79.0465,0.0,-12200.0,42174.26208082564
27-07-2040 17:00:00,19422.291222644344,26617.126988227275,18674.812442346243,457.97,3840.946,0.0,515.91645,0.0,0.0,0.0,267.42900000000003,78.818,0.0,-12200.0,41860.155350111316
27-07-2040 18:00:00,19793.757893134167,20149.517229035246,18474.883721436257,462.536,4547.019,0.0,516.6333000000001,0.0,0.0,0.0,270.7765,77.7865,0.0,-12200.0,41237.60953926899
27-07-2040 19:00:00,19936.516444618712,12389.5059122302,18340.399294061557,460.599,4817.662,0.0,519.3348000000001,0.0,0.0,0.0,274.0695,78.4285,0.0,-12200.0,40744.520218354206
27-07-2040 20:00:00,20711.26043480095,4264.944413160406,13826.698826438776,458.401,5051.472,0.0,526.94145,0.0,0.0,0.0,264.7895,78.9695,0.0,-7845.364737324628,39834.27232197449
27-07-2040 21:00:00,20920.549998685266,244.55540375174624,8169.933348184277,465.389,5021.185,1611.1200362589298,528.2562,0.0,0.0,0.0,267.07099999999997,79.96300000000001,0.0,0.0,39159.541049213076
27-07-2040 22:00:00,20434.548069307726,3.179977386245617,6215.287180908956,466.13300000000004,5369.128000000001,2957.222891536647,523.9969500000001,0.0,0.0,0.0,262.1975,79.9915,0.0,0.0,37864.52380922387
27-07-2040 23:00:00,19944.794543375257,2.0875361753245034,5979.215879771276,469.905,4221.692,2502.455607048585,521.2011000000001,0.0,0.0,0.0,258.6575,80.0635,0.0,0.0,35425.73108360834
28-07-2040 00:00:00,18907.05265715195,2.6067161567523596,5946.10783794662,471.506,4006.492,2510.6311572517116,506.30580000000015,0.0,0.0,0.0,266.961,77.941,0.0,0.0,34064.56161818514
28-07-2040 01:00:00,18439.209228625354,8.934222180404351,5953.062719315349,473.092,3732.145,1349.269360035967,504.4912500000001,0.0,0.0,0.0,269.3475,81.6125,0.0,0.0,32119.07136416604
28-07-2040 02:00:00,17244.60806252743,4.056093604905123,5953.334599923721,471.459,3218.421,1319.104193008432,503.6380500000001,0.0,0.0,0.0,269.366,82.505,0.0,0.0,30335.52578146098
28-07-2040 03:00:00,15697.086086493884,9.19381217111828,5937.109466844064,474.57199999999995,2611.205,2432.4442687038973,503.55315,0.0,0.0,0.0,269.4325,82.9655,0.0,0.0,29261.994419171544
28-07-2040 04:00:00,13996.030988356068,6.305873524425832,5914.157481293019,475.205,2239.5820000000003,3912.010434740425,502.5975000000001,0.0,0.0,0.0,267.421,82.589,0.0,0.0,28627.671754173836
28-07-2040 05:00:00,7819.901061570677,7.107581168845134,5605.827118907326,473.208,2223.576,5135.7420514154055,498.40470000000005,0.0,0.0,0.0,267.231,82.613,0.0,0.0,28301.338432525532
28-07-2040 06:00:00,9965.975502469015,47.063673978184035,5076.181583040065,469.463,2524.3520000000003,3375.45708591105,496.96350000000007,0.0,0.0,0.0,272.5065,83.3795,0.0,0.0,28435.03636062485
28-07-2040 07:00:00,10323.999221391052,1100.3911543867273,6367.216034003091,470.523,2589.254,1031.512655045999,497.5950000000001,0.0,0.0,0.0,274.4555,82.7575,0.0,0.0,28627.62413936188
28-07-2040 08:00:00,8632.624789415091,7909.490692061122,8671.082621913378,472.121,3075.6929999999998,0.0,494.72805000000005,0.0,0.0,0.0,268.842,81.95100000000001,0.0,0.0,30544.624368236386
28-07-2040 09:00:00,6880.312052986026,17248.370402990036,2224.005342889561,475.05,3621.947,0.0,490.47450000000003,0.0,0.0,0.0,267.379,82.671,0.0,0.0,33346.44581191238
28-07-2040 10:00:00,1854.5872359947484,7506.034783701009,17610.81621750613,472.834,4367.719,0.0,489.76035000000013,0.0,0.0,0.0,270.6465,82.2505,0.0,0.0,35662.895626109304
28-07-2040 11:00:00,2021.6322052176379,10087.292410260101,19200.56814652201,469.173,4960.995,0.0,487.302,0.0,0.0,0.0,271.802,81.994,0.0,-3610.8775213109802,37041.882702964765
28-07-2040 12:00:00,5762.015477575662,30715.44383934352,19198.524656788184,468.20599999999996,5008.055,0.0,490.0407000000001,0.0,0.0,0.0,265.4655,75.9635,0.0,-12200.0,37819.28601795329
28-07-2040 13:00:00,6677.206885433517,35663.299125312646,18924.66195108829,469.724,4978.21,0.0,486.58815000000004,0.0,0.0,0.0,260.598,70.21,0.0,-12200.0,38252.07936331455
28-07-2040 14:00:00,7088.203416926102,36141.48867251168,19182.773122187646,471.07800000000003,4986.5509999999995,0.0,482.09445000000005,0.0,0.0,0.0,259.71,69.812,0.0,-12200.0,38038.221527287336
28-07-2040 15:00:00,7783.107219745292,35046.030026083245,19193.358925229317,468.33099999999996,4712.552,0.0,477.8665500000001,0.0,0.0,0.0,265.6025,74.0105,0.0,-12200.0,37304.41106061251
28-07-2040 16:00:00,9119.200868981003,32374.985285463277,19157.146182264027,469.033,4246.94,0.0,471.2347500000001,0.0,0.0,0.0,268.675,75.723,0.0,-12200.0,36478.151228644325
28-07-2040 17:00:00,10023.627734759586,28060.844859851506,18958.559323711437,461.407,3676.312,0.0,469.1649,0.0,0.0,0.0,270.5005,75.2545,0.0,-12200.0,36083.18301550708
28-07-2040 18:00:00,10644.22312182834,21718.574930194416,19101.72638986929,468.29400000000004,3557.3070000000002,0.0,470.2536000000001,0.0,0.0,0.0,270.8535,75.1375,0.0,-12200.0,35761.2075651254
28-07-2040 19:00:00,11474.791795315792,13463.656500598556,18818.786379986966,466.74,3816.441,0.0,467.83455000000004,0.0,0.0,0.0,270.7905,73.4245,0.0,-12200.0,35815.10939221944
28-07-2040 20:00:00,11919.750485021577,4899.360873459648,14901.407789923105,466.733,4281.242,0.0,469.96020000000004,0.0,0.0,0.0,273.45799999999997,74.28399999999999,0.0,-4145.770628881208,35737.1289779109
28-07-2040 21:00:00,5743.787093194919,151.15802934406042,8877.081165198106,468.061,5107.816,8000.0,474.83295000000004,0.0,0.0,0.0,281.3025,81.9005,0.0,0.0,36079.75214511083
28-07-2040 22:00:00,8301.082013721423,2.6330170025491135,6615.71231335656,470.611,5077.085999999999,8000.0,474.93480000000005,0.0,0.0,0.0,274.562,85.01799999999999,0.0,0.0,35866.91914351289
28-07-2040 23:00:00,7273.900848199818,1.7110036014004617,6167.9421989480215,470.31199999999995,4471.295,8000.0,475.9221000000001,0.0,0.0,0.0,272.8345,86.1875,0.0,0.0,33673.10685738367
29-07-2040 00:00:00,10974.087303308059,2.761450696860508,6519.15842897366,473.654,3394.086,8000.0,474.5386500000001,0.0,0.0,0.0,269.0205,86.2435,0.0,0.0,31566.29352854104
29-07-2040 01:00:00,13201.241721505106,11.248899597603543,6686.887643722066,472.91,2981.4629999999997,4050.9353375148694,475.32750000000004,0.0,0.0,0.0,253.513,75.416,0.0,0.0,29522.705230168936
29-07-2040 02:00:00,14760.648910129687,3.5477298730903475,8488.50361890866,464.653,2103.166,0.0,475.6377,0.0,0.0,0.0,258.835,80.579,0.0,0.0,27907.60336861996
29-07-2040 03:00:00,15842.385034303872,10.167274636295508,6890.952770432203,462.47,1708.0,0.0,473.43075000000005,0.0,0.0,0.0,263.35200000000003,85.815,0.0,0.0,26982.751116633954
29-07-2040 04:00:00,16455.067163228054,5.505471053057888,5640.163843066828,464.079,1612.029,0.0,473.7928500000001,0.0,0.0,0.0,260.1675,79.9385,0.0,0.0,26222.898695732634
29-07-2040 05:00:00,16762.64102151309,11.354361917429014,5154.894414870734,464.963,1503.864,0.0,472.7320500000001,0.0,0.0,0.0,251.4765,70.4965,0.0,0.0,25918.45925980938
29-07-2040 06:00:00,16314.189920007932,47.329422719412484,5237.289423209548,463.88800000000003,1690.6960000000001,428.0739245474779,470.4940500000001,0.0,0.0,0.0,252.03599999999997,71.945,0.0,0.0,26095.48183091433
29-07-2040 07:00:00,17014.12215015683,1100.2934139143963,2571.109960997699,462.04900000000004,1695.317,1202.704557395693,468.3531000000001,0.0,0.0,0.0,253.8335,75.5155,0.0,0.0,25696.12970716017
29-07-2040 08:00:00,13901.079226522,6822.399496655168,1947.2089170853142,455.157,1939.513,0.0,469.02270000000004,0.0,0.0,0.0,249.82299999999998,71.39,0.0,0.0,26717.129284171606
29-07-2040 09:00:00,6225.035144063257,8185.585759848885,9262.919704824279,451.42400000000004,2206.183,0.0,467.7670500000001,0.0,0.0,0.0,247.65200000000002,70.737,0.0,0.0,28890.416982410414
29-07-2040 10:00:00,3085.29215064423,6494.72968025541,15662.01571767003,458.05300000000005,2727.113,0.0,465.7684500000001,0.0,0.0,0.0,253.981,78.321,0.0,-1007.5946021942473,30777.12340314657
29-07-2040 11:00:00,12042.935014971772,28453.620297065252,17871.063201291894,453.027,3196.8109999999997,0.0,462.11175000000003,0.0,0.0,0.0,250.28,72.777,0.0,-12200.0,32088.30401184309
29-07-2040 12:00:00,14415.706281250563,34334.11380464298,19174.48514880371,457.091,2860.243,0.0,455.02395000000007,0.0,0.0,0.0,248.0865,69.5005,0.0,-12200.0,32842.30539073391
29-07-2040 13:00:00,15345.531679447839,36134.69761777014,19201.66443929766,452.07,2703.3140000000003,0.0,458.9107500000001,0.0,0.0,0.0,246.12,67.714,0.0,-12200.0,33634.35249234489
29-07-2040 14:00:00,16494.63245240732,36443.359351973944,19162.452239298174,455.45,2969.987,0.0,458.499,0.0,0.0,0.0,236.6655,70.5075,0.0,-12200.0,34243.49064172216
29-07-2040 15:00:00,17863.827317866464,35253.92638445916,19001.33228264624,448.577,2961.467,0.0,456.1506000000001,0.0,0.0,0.0,232.8245,70.4315,0.0,-12200.0,33769.74632612961
29-07-2040 16:00:00,19293.45923281168,32465.23257775191,19180.457751845475,446.129,2344.261,0.0,453.14430000000004,0.0,0.0,0.0,241.4605,82.5815,0.0,-12200.0,33173.634175740284
29-07-2040 17:00:00,19543.207398191236,28031.684527510417,19161.39102789134,441.869,2233.994,0.0,450.3993000000001,0.0,0.0,0.0,245.6005,88.3415,0.0,-12200.0,32788.25960323186
29-07-2040 18:00:00,19642.439066524068,21434.76736668324,19046.034716866212,439.74199999999996,2323.927,0.0,451.04115,0.0,0.0,0.0,249.5925,88.8745,0.0,-12200.0,32776.2554627475
29-07-2040 19:00:00,19550.060836152297,13183.937469623945,18555.816439305956,432.839,2535.705,0.0,453.98535000000015,0.0,0.0,0.0,256.677,91.90299999999999,0.0,-12200.0,33083.68905196354
29-07-2040 20:00:00,19021.542101707106,4719.551539921703,14339.176232515863,440.277,2688.1940000000004,0.0,458.91015000000004,0.0,0.0,0.0,258.35,92.413,0.0,-11218.744204239916,33285.19530817539
29-07-2040 21:00:00,18268.333674611327,281.23330618969925,8312.76714133835,444.63199999999995,4857.394,0.0,462.42930000000007,0.0,0.0,0.0,258.2235,92.6695,0.0,-117.12210116583083,34696.24984491481
29-07-2040 22:00:00,19325.270585269966,4.012828606452802,6251.33328737237,443.694,5557.584,2004.7129595678052,466.40565000000004,0.0,0.0,0.0,258.04200000000003,92.573,0.0,0.0,35958.52408987538
29-07-2040 23:00:00,20137.483504162137,2.2065149210683868,5991.064612090529,442.045,4108.846,1048.0872375306208,466.2493500000001,0.0,0.0,0.0,258.145,92.82799999999999,0.0,0.0,33986.27803144108
30-07-2040 00:00:00,19974.521111541453,2.2822286683599495,5996.230343649397,442.05699999999996,2578.761,160.3533215406751,465.20265,0.0,0.0,0.0,256.42900000000003,92.928,0.0,0.0,31325.6292973609
30-07-2040 01:00:00,18834.634730655707,9.384014964292465,5979.987669885333,442.031,1941.1329999999998,0.0,467.69595000000004,0.0,0.0,0.0,254.6025,92.8085,0.0,0.0,29317.0657850844
30-07-2040 02:00:00,17870.98850100828,3.5728238223035453,5963.043368744868,438.43300000000005,1576.475,0.0,466.6900500000001,0.0,0.0,0.0,252.9255,92.3805,0.0,0.0,27922.622865868067
30-07-2040 03:00:00,18073.675077745644,9.251381684872772,5950.256209809682,441.575,1593.194,0.0,466.1077500000001,0.0,0.0,0.0,253.739,92.641,0.0,-785.2275588074444,27332.501625999368
30-07-2040 04:00:00,17458.04908655576,4.735437941108814,5943.380261520797,444.035,1601.953,0.0,466.60965000000004,0.0,0.0,0.0,254.25900000000001,94.52799999999999,0.0,-496.25402170290545,27001.626297678788
30-07-2040 05:00:00,16168.015880021347,12.265627061233094,5858.3430234990665,445.105,1623.126,1210.7907452412583,468.26295000000005,0.0,0.0,0.0,256.9,94.708,0.0,0.0,27370.83824546133
30-07-2040 06:00:00,15126.982644655522,52.6751356157012,4463.376244049257,445.306,2637.995,5134.946673933007,473.3473500000001,0.0,0.0,0.0,258.0105,95.2635,0.0,0.0,29812.766108851974
30-07-2040 07:00:00,13192.15666964167,1140.3139317086068,1970.239835716202,448.93699999999995,2807.063,8000.0,488.0535000000001,0.0,0.0,0.0,260.3725,94.9345,0.0,0.0,32292.76945422021
30-07-2040 08:00:00,9902.018093842165,8063.0706203172485,1466.2784319203638,449.644,3322.993,8000.0,500.7498000000001,0.0,0.0,0.0,256.9265,94.2315,0.0,0.0,35051.50358496896
30-07-2040 09:00:00,4459.393985136876,11104.350124478962,9715.105507678149,445.119,3390.3590000000004,1324.9851262591837,497.9583000000001,0.0,0.0,0.0,254.49400000000003,93.416,0.0,0.0,38271.89270495135
30-07-2040 10:00:00,2689.886190602063,11951.38495128095,17665.889815743198,442.04900000000004,3804.042,0.0,496.55460000000005,0.0,0.0,0.0,255.9685,92.3295,0.0,0.0,40354.32129821821
30-07-2040 11:00:00,3266.4313877463455,17464.667431634196,18685.93323626244,440.75800000000004,3744.255,0.0,493.63620000000003,0.0,0.0,0.0,254.99099999999999,91.82600000000001,0.0,-5929.677677287687,41599.20051320261
30-07-2040 12:00:00,5378.997154586385,31162.457998339443,18807.94623702133,440.277,3957.828,0.0,491.76450000000006,0.0,0.0,0.0,252.7965,90.7135,0.0,-12200.0,42646.08171644091
30-07-2040 13:00:00,6262.515762608964,35457.74369053772,18829.793159454537,435.38,4105.902,0.0,492.18645000000004,0.0,0.0,0.0,257.2635,88.7035,0.0,-12200.0,43440.979382927326
30-07-2040 14:00:00,7662.917005907499,35730.874412453624,19129.589767055237,444.644,3550.2470000000003,0.0,488.77845,0.0,0.0,0.0,261.0765,89.4895,0.0,-12200.0,43038.89349938329
30-07-2040 15:00:00,9408.530546848642,34557.72232633438,19209.75069481088,449.871,3618.114,0.0,486.70515,0.0,0.0,0.0,260.257,90.90299999999999,0.0,-12200.0,42216.958431507774
30-07-2040 16:00:00,10354.261356478335,31825.8239589629,18839.84397162168,451.251,4314.401,0.0,485.1952500000001,0.0,0.0,0.0,259.8305,90.4145,0.0,-12200.0,41993.558661561605
30-07-2040 17:00:00,11342.25591463722,27536.51639408274,18641.002773145156,450.102,4593.496,0.0,487.0554,0.0,0.0,0.0,261.93,90.494,0.0,-12200.0,41892.50663891343
30-07-2040 18:00:00,12691.36493610628,21243.514433030276,18522.673316112458,452.958,4281.026,0.0,488.6434500000001,0.0,0.0,0.0,264.0775,90.7415,0.0,-12200.0,41414.845261055605
30-07-2040 19:00:00,13888.255741118683,13094.16259763031,18136.751948056568,452.81,3769.423,0.0,486.88845000000003,0.0,0.0,0.0,263.584,90.185,0.0,-12200.0,40687.99250877864
30-07-2040 20:00:00,4657.014093043504,1446.0562746410337,13882.414091223485,459.13599999999997,3311.6459999999997,8000.0,491.208,0.0,0.0,0.0,265.2295,91.1445,0.0,-380.5145991808349,39745.653717099754
30-07-2040 21:00:00,10823.641325912862,183.3944287239088,8550.616655455411,461.655,3937.719,8000.0,496.1800500000001,0.0,0.0,0.0,266.893,92.007,0.0,0.0,39698.45627872435
30-07-2040 22:00:00,12421.327082800206,2.2654195572784963,6714.324411718306,461.602,3809.867,8000.0,495.71895,0.0,0.0,0.0,264.7315,92.7905,0.0,0.0,38861.72974391113
30-07-2040 23:00:00,13401.92506381677,1.1357062093734345,6846.1737926444985,460.962,2926.645,8000.0,492.76245000000006,0.0,0.0,0.0,265.7355,93.1225,0.0,0.0,35940.73735367271
31-07-2040 00:00:00,11370.94605586254,0.9193812171118281,12511.151430366564,464.029,2994.3920000000003,4329.003077233723,480.75495000000006,0.0,0.0,0.0,263.0175,93.5425,0.0,0.0,33889.26285206949
31-07-2040 01:00:00,10004.339989158952,7.982392214453283,15068.507412979638,464.315,2494.499,0.0,480.8190000000001,1495.2924923080755,0.0,0.0,263.4325,94.1605,0.0,0.0,31691.049543750258
31-07-2040 02:00:00,9039.750368131512,1.0491762124687918,15068.507412979638,464.591,1951.734,0.0,477.0504,1491.374775214248,0.0,0.0,261.9155,93.4215,0.0,0.0,30128.81611907946
31-07-2040 03:00:00,7920.993334448247,6.57627976475284,15068.507412979638,468.71,1796.652,0.0,476.1879,2036.4219141602844,0.0,0.0,264.605,94.34200000000001,0.0,0.0,29391.412222064395
31-07-2040 04:00:00,7321.051163309575,1.0491762124687918,15068.507412979638,460.10400000000004,1662.731,0.0,471.4392,2395.8545003491454,0.0,0.0,265.666,94.00399999999999,0.0,0.0,28987.22124304464
31-07-2040 05:00:00,6795.823777993767,9.453402161832209,15068.507412979638,459.656,1500.0910000000001,0.0,475.6693500000001,3237.188985784396,0.0,0.0,268.43,94.522,0.0,0.0,29159.560079013598
31-07-2040 06:00:00,6915.886470627537,49.75474822016951,15068.507412979638,455.219,2465.893,0.0,479.67120000000006,4102.156650953515,0.0,0.0,267.131,92.844,0.0,0.0,31063.704308658493
31-07-2040 07:00:00,6291.9070081601,1035.2881479655969,15068.507412979638,450.94699999999995,2649.0640000000003,0.0,486.83565000000004,5910.612791646428,0.0,0.0,270.3935,95.1455,0.0,0.0,33215.76212460466
31-07-2040 08:00:00,5223.119693538406,7562.819075712284,15068.507412979638,458.38800000000003,3301.855,0.0,492.86310000000014,2078.6318694785077,0.0,0.0,269.856,94.46,0.0,0.0,35559.96765426796
31-07-2040 09:00:00,4434.545700567623,16822.70771571687,10388.987532570467,461.63699999999994,3631.89,0.0,491.1459,0.0,0.0,0.0,270.4585,93.7745,0.0,0.0,38562.30176694686
31-07-2040 10:00:00,3740.9953939454226,24554.0872253994,4241.959381645358,455.598,3797.4440000000004,0.0,490.41555000000005,0.0,0.0,0.0,268.9105,93.2805,0.0,0.0,40686.76977528708
31-07-2040 11:00:00,3605.7280867126624,29697.746208944685,0.0,449.191,4214.149,0.0,487.11420000000004,0.0,0.0,0.0,267.5045,93.6495,0.0,0.0,41964.56607695637
31-07-2040 12:00:00,3240.4161434075927,31161.087406793013,0.0,461.645,4394.505999999999,0.0,483.93510000000015,0.0,0.0,0.0,266.83299999999997,92.287,0.0,0.0,43272.13688772106
31-07-2040 13:00:00,3410.2931696534188,31856.502285239618,0.0,457.75,4355.224,0.0,487.05915000000005,0.0,0.0,0.0,262.737,89.419,0.0,0.0,44101.2424486854
31-07-2040 14:00:00,2904.53368516946,24607.326841136033,7590.099831230647,454.379,4013.119,0.0,486.02475000000004,0.0,0.0,0.0,264.2305,90.0675,0.0,0.0,43571.27396794355
31-07-2040 15:00:00,2025.3421682947528,13336.669397056872,19158.058297853335,444.815,3859.243,0.0,485.69055000000003,0.0,0.0,0.0,263.3015,89.8405,0.0,0.0,42798.58489132998
31-07-2040 16:00:00,5819.410681453778,25151.883681614734,19172.950338917813,446.23,3556.4840000000004,0.0,486.9394500000001,0.0,0.0,0.0,259.3955,90.8385,0.0,-12200.0,42534.83938005148
31-07-2040 17:00:00,9623.415468123763,26380.960534118993,19127.791846903157,445.29900000000004,3407.1459999999997,0.0,485.33460000000014,0.0,0.0,0.0,258.6645,91.2595,0.0,-12200.0,42345.99977979355
31-07-2040 18:00:00,12186.686370608775,20742.005121090457,19033.694845383463,452.251,3548.63,0.0,484.3926000000001,0.0,0.0,0.0,270.087,89.415,0.0,-12200.0,41571.29153756022
31-07-2040 19:00:00,15539.990920898352,12719.566671596169,18607.596539685503,449.595,2811.738,0.0,488.5062000000001,0.0,0.0,0.0,276.418,91.554,0.0,-12200.0,40926.550900501614
31-07-2040 20:00:00,18990.83294605092,4282.763260598253,13942.625209707272,451.13,3282.719,0.0,494.33235000000013,0.0,0.0,0.0,274.7395,92.1905,0.0,-4258.396839343288,40097.82216613511
31-07-2040 21:00:00,20362.14612342285,211.96604366753522,8303.795081262419,456.756,3738.696,4425.11074216347,498.2197500000001,0.0,0.0,0.0,265.3565,91.7995,0.0,0.0,40278.22092500071
31-07-2040 22:00:00,21840.932662369538,6.825053505853688,6209.253185471753,456.069,3616.865,4927.587833505335,496.9288500000001,0.0,0.0,0.0,272.599,92.861,0.0,0.0,39526.970789463514
31-07-2040 23:00:00,21754.40614883661,1.0059112140164708,6031.33802349685,458.103,2508.553,3350.263704355588,493.84740000000005,0.0,0.0,0.0,276.14099999999996,93.742,0.0,0.0,36452.13345381454
01-08-2040 00:00:00,21960.30691769735,3.634259869994991,5962.008468364656,450.62699999999995,1977.7079999999999,1919.9130125715783,485.63265000000007,0.0,0.0,0.0,266.7635,93.3285,0.0,0.0,34509.70245146398
01-08-2040 01:00:00,22043.44664359753,3.075183939271647,5929.8914752091805,437.036,1529.471,0.0,482.10765000000004,0.0,0.0,0.0,271.535,93.044,0.0,0.0,32109.763040418282
01-08-2040 02:00:00,20492.222259292404,1.210738216040425,5893.178822738177,434.89300000000003,1582.2379999999998,0.0,477.4702500000001,0.0,0.0,0.0,280.318,92.374,0.0,0.0,30533.655477921464
01-08-2040 03:00:00,19687.697211900264,5.548954679593389,5885.618787757267,432.16,1486.06,0.0,477.74745,0.0,0.0,0.0,283.2465,92.9305,0.0,0.0,29608.693116682804
01-08-2040 04:00:00,19454.73202617607,2.9116516937521877,5862.096729962912,430.046,1457.319,0.0,475.15755000000007,0.0,0.0,0.0,277.41900000000004,93.52600000000001,0.0,0.0,29298.554782952906
01-08-2040 05:00:00,19658.543858608624,5.062004818921594,5646.434015136765,433.81,1400.7379999999998,167.54560929520085,473.0559,0.0,0.0,0.0,280.57,93.664,0.0,0.0,29391.066642686954
01-08-2040 06:00:00,18704.133827408587,11.043390854955016,3820.5978638293745,437.816,1779.5870000000002,4559.0481173064,473.0160000000001,0.0,0.0,0.0,281.147,90.589,0.0,0.0,31229.393438544466
01-08-2040 07:00:00,16247.208745224108,830.9382179420325,2003.6162609585263,441.876,2187.524,5038.019057069883,478.63890000000004,0.0,0.0,0.0,281.4485,93.7605,0.0,0.0,33539.70317394264
01-08-2040 08:00:00,15630.125889426316,7330.821337761325,2322.041417262013,441.695,2800.9509999999996,1340.6079131018323,481.20555000000013,0.0,0.0,0.0,271.4115,94.7965,0.0,0.0,36708.714051864976
01-08-2040 09:00:00,11883.324050877294,14530.966653132658,6628.409509957448,444.725,3656.672,0.0,478.1373000000001,0.0,0.0,0.0,272.8365,91.1715,0.0,0.0,39705.327319284814
01-08-2040 10:00:00,5985.88920560209,12020.464709839065,15517.673425656656,442.676,4059.317,0.0,476.54265,0.0,0.0,0.0,279.4435,89.3855,0.0,0.0,41598.88655303625
01-08-2040 11:00:00,6176.355966528015,15638.693346048274,18012.14292600492,437.973,4389.077,0.0,479.4309,0.0,0.0,0.0,278.7825,91.2485,0.0,-5249.275675043409,43281.14985083839
01-08-2040 12:00:00,10757.167138801264,30373.177978803935,18558.789585313498,433.11,4815.109,0.0,480.6978000000001,0.0,0.0,0.0,266.34,92.265,0.0,-12200.0,44640.85367283087
01-08-2040 13:00:00,11553.387935684128,34274.21234982548,18623.48839976135,433.17699999999996,5045.9490000000005,0.0,485.99475000000007,0.0,0.0,0.0,263.595,91.624,0.0,-12200.0,45469.40719956903
01-08-2040 14:00:00,11858.116221445383,34588.542119307844,18515.420243108732,433.01599999999996,4679.492,0.0,488.22765000000004,0.0,0.0,0.0,264.9645,90.5285,0.0,-12200.0,45203.18795001285
01-08-2040 15:00:00,13031.839472754556,33305.106267203235,17797.252001292858,430.793,4455.414000000001,0.0,487.3224,0.0,0.0,0.0,263.807,90.441,0.0,-12200.0,44590.481293673496
01-08-2040 16:00:00,14651.037720078968,30513.197003940764,17408.225932096306,430.95099999999996,4238.767,0.0,488.18295000000006,0.0,0.0,0.0,265.5685,90.1005,0.0,-12200.0,44192.37161891898
01-08-2040 17:00:00,15891.639117091147,26058.064895662912,16353.855392185884,430.981,4113.035,0.0,491.6385000000001,0.0,0.0,0.0,273.1065,89.5715,0.0,-12200.0,43819.86420536169
01-08-2040 18:00:00,17111.116968632374,19666.62421939281,15290.968849994155,420.56699999999995,4115.354,0.0,493.4998500000001,0.0,0.0,0.0,282.7065,90.3095,0.0,-12200.0,43288.64285988012
01-08-2040 19:00:00,18324.10483137401,11611.903750696665,13431.884331386827,429.87,4498.840999999999,0.0,492.61620000000005,0.0,0.0,0.0,282.302,90.355,0.0,-9263.161396362699,42395.96110920705
01-08-2040 20:00:00,20063.975417437352,3535.496694777955,9135.776053875335,439.61800000000005,4226.9890000000005,1220.1316486709402,494.88540000000006,0.0,0.0,0.0,282.418,91.535,0.0,0.0,41498.86010879883
01-08-2040 21:00:00,23128.325895009657,139.39982501337929,6410.725486609852,441.03,3905.078,5062.815568296042,497.9170500000001,0.0,0.0,0.0,283.4655,91.4265,0.0,0.0,41679.7041405544
01-08-2040 22:00:00,26234.84895900978,3.482832375411866,5709.308598405914,442.277,3627.837,2591.594488750372,497.7817500000001,0.0,0.0,0.0,271.5325,78.7175,0.0,0.0,41017.98993900366
01-08-2040 23:00:00,26852.16450306057,5.981386036033421,4796.675558873889,438.538,3314.297,686.6720471813387,496.71225000000004,0.0,0.0,0.0,274.0455,80.9285,0.0,0.0,38303.18121627085
02-08-2040 00:00:00,25728.190042828228,3.720789866899633,3889.5415239045396,440.30199999999996,2728.849,690.0439271916548,486.17820000000006,0.0,0.0,0.0,278.572,89.001,0.0,0.0,35500.687585366606
02-08-2040 01:00:00,24112.11827572291,2.660797404817761,3537.692935315892,443.264,1759.4579999999999,1415.335913755087,484.6428000000001,0.0,0.0,0.0,273.4055,85.0745,0.0,0.0,33173.87113382796
02-08-2040 02:00:00,21962.229127478593,1.092441210921113,3006.3417528131977,430.702,1352.194,2802.7416197155762,482.15475000000004,0.0,0.0,0.0,281.20799999999997,90.63,0.0,0.0,31370.006302109032
02-08-2040 03:00:00,20208.4544286807,4.640171084011461,2934.170606806496,436.861,1387.9820000000002,3557.324973551302,482.81745000000006,0.0,0.0,0.0,285.089,89.854,0.0,0.0,30318.521713729944
02-08-2040 04:00:00,17864.928751447478,3.3638536296679824,2399.6007087145117,428.029,1575.66,5703.339812887687,481.9992000000001,0.0,0.0,0.0,288.3575,89.2345,0.0,0.0,29830.67969388962
02-08-2040 05:00:00,16855.432132894966,5.938121037581101,4353.105125471149,427.211,1655.283,0.0,482.84145,0.0,0.0,0.0,282.661,88.25,0.0,0.0,29941.625553676404
02-08-2040 06:00:00,15955.876631528541,10.56747587197948,7048.968175346528,429.26199999999994,1747.5529999999999,0.0,484.58595,0.0,0.0,0.0,281.111,87.47200000000001,0.0,0.0,31786.60093964475
02-08-2040 07:00:00,15478.665814490549,807.9738460971006,8578.253724097383,428.37199999999996,2225.276,0.0,491.98215000000005,0.0,0.0,0.0,277.8195,88.0115,0.0,0.0,33990.74154807175
02-08-2040 08:00:00,14379.45962677139,6644.411321065633,11020.590094912674,422.096,2975.8520000000003,0.0,499.5945000000001,0.0,0.0,0.0,278.824,88.115,0.0,0.0,37164.490099784234
02-08-2040 09:00:00,11965.048112776525,15514.5580387621,6595.068577430573,431.476,3705.401,0.0,499.3311000000001,0.0,0.0,0.0,263.8915,88.7425,0.0,0.0,40321.66274508264
02-08-2040 10:00:00,10954.190090113358,23278.981191012586,1131.458937910813,424.685,4038.225,0.0,495.99195000000003,0.0,0.0,0.0,253.9795,88.2695,0.0,0.0,42560.6741354478
02-08-2040 11:00:00,9783.738459500722,26653.130313737758,0.0,422.801,3814.884,0.0,491.2948500000001,0.0,0.0,0.0,257.70599999999996,87.65799999999999,0.0,0.0,44097.21453318603
02-08-2040 12:00:00,7433.544891292428,23487.445130750697,6207.132456104155,425.39099999999996,4319.71,0.0,490.86435000000006,0.0,0.0,0.0,256.296,87.287,0.0,0.0,45512.75639396211
02-08-2040 13:00:00,4767.590598351463,16922.19156754609,16276.386959487252,424.61699999999996,4722.295999999999,0.0,485.3173500000001,0.0,0.0,0.0,251.868,86.42200000000001,0.0,0.0,46810.154374549355
02-08-2040 14:00:00,7005.015766629045,24718.869708444287,16593.320815756946,424.533,4678.888,0.0,487.7020500000001,0.0,0.0,0.0,254.8575,85.7525,0.0,-10396.864072615379,46750.612796172914
02-08-2040 15:00:00,10058.784148787567,31654.76712636392,16669.40353438715,416.465,4737.022,0.0,483.9585000000001,0.0,0.0,0.0,244.231,73.60300000000001,0.0,-12200.0,46008.72678299125
02-08-2040 16:00:00,11098.978307242178,30084.51658359357,16461.923548838473,413.468,5019.138,0.0,482.85570000000007,0.0,0.0,0.0,240.8435,73.4575,0.0,-12200.0,45596.10351836571
02-08-2040 17:00:00,11955.593530493812,25658.94478187962,15879.520204359258,410.81699999999995,5293.903,0.0,481.90485000000007,0.0,0.0,0.0,239.7575,72.3805,0.0,-12200.0,45221.09223528253
02-08-2040 18:00:00,12600.95880942547,19298.542533418917,15142.486956459936,414.99800000000005,5496.431,0.0,482.60055000000006,0.0,0.0,0.0,242.67,72.89,0.0,-11916.92549691347,44531.65914534655
02-08-2040 19:00:00,12969.659109070953,11102.31046665448,12255.623575508362,410.664,6032.531999999999,0.0,485.15865,0.0,0.0,0.0,246.9665,73.4265,0.0,-2101.865986724393,43845.19788926025
02-08-2040 20:00:00,10272.147260546113,2344.447018356587,8805.218380965765,406.79,5417.763000000001,8000.0,487.86915000000005,0.0,0.0,0.0,253.3315,82.0815,0.0,0.0,42995.201329547825
02-08-2040 21:00:00,14202.480960011453,77.36863348236359,7652.000685478371,411.44,5281.8330000000005,8000.0,492.48660000000007,0.0,0.0,0.0,258.467,86.70200000000001,0.0,0.0,43048.33462381752
02-08-2040 22:00:00,13787.295250139898,4.1534398514228466,7177.090704609109,414.13,5660.569,8000.0,497.6739,0.0,0.0,0.0,259.455,86.436,0.0,0.0,42267.234837059805
02-08-2040 23:00:00,13803.566349837423,6.003018535259583,15068.507412979638,406.67,5016.869000000001,3128.455248283797,494.45115000000004,195.24657189637946,0.0,0.0,261.14799999999997,87.725,0.0,0.0,39575.30651943739
03-08-2040 00:00:00,13297.298063812626,3.8938498607089187,15068.507412979638,417.777,4736.16,0.0,485.66970000000003,1543.4166308757449,0.0,0.0,263.4905,88.6635,0.0,0.0,36864.911094588235
03-08-2040 01:00:00,12876.477223858046,2.95283614437093,15047.506127021452,425.962,4081.203,0.0,488.58675000000005,0.0,0.0,0.0,265.1515,88.6785,0.0,0.0,34139.080286867786
03-08-2040 02:00:00,12158.955375537427,2.3687586652645916,15068.507412979638,423.26,2963.4309999999996,0.0,486.12345000000005,186.86043598645665,0.0,0.0,264.753,88.571,0.0,0.0,32459.148998879617
03-08-2040 03:00:00,11359.308371291623,5.6568985476410125,15068.507412979638,420.458,2273.294,0.0,487.19460000000015,590.9339992484493,0.0,0.0,264.6195,88.2165,0.0,0.0,31343.03660303073
03-08-2040 04:00:00,10251.991773288242,3.2448748839240986,15068.507412979638,415.793,2148.1020000000003,0.0,487.92285000000015,1420.6758661780732,0.0,0.0,264.149,89.006,0.0,0.0,30868.1815231529
03-08-2040 05:00:00,9007.641342771669,5.873223539902618,15068.507412979638,409.86,2258.676,0.0,489.2508000000001,2625.5055800741575,0.0,0.0,267.80400000000003,89.101,0.0,0.0,30943.945244770195
03-08-2040 06:00:00,7595.799530391291,10.762168365014928,15068.507412979638,396.14300000000003,3038.224,0.0,493.47255000000007,4937.634400899202,0.0,0.0,265.4135,88.1335,0.0,0.0,32640.62653082872
03-08-2040 07:00:00,6800.464928371003,745.7263295738233,15068.507412979638,384.163,3348.813,0.0,503.66040000000004,6955.547696321777,0.0,0.0,267.193,88.52799999999999,0.0,0.0,34942.32430910407
03-08-2040 08:00:00,5702.484777876495,6341.340006907123,15068.507412979638,382.075,3932.744,0.0,512.7853500000001,4732.333327890865,0.0,0.0,261.847,87.26700000000001,0.0,0.0,37897.25080865161
03-08-2040 09:00:00,4795.097335248482,15147.335548148407,14009.809220903817,384.95599999999996,4647.376,0.0,511.8589500000001,0.0,0.0,0.0,261.7875,88.1075,0.0,0.0,41060.774823476815
03-08-2040 10:00:00,4461.475975631532,22714.783978695094,7700.690411762903,383.889,4953.97,0.0,506.57340000000005,0.0,0.0,0.0,259.9985,87.4205,0.0,0.0,43225.908485167194
03-08-2040 11:00:00,5245.9038742653165,28241.552227241136,2639.2702431068547,364.11400000000003,4981.536,0.0,500.3244,0.0,0.0,0.0,261.0625,86.2745,0.0,0.0,45119.228900877395
03-08-2040 12:00:00,6474.679862505566,30913.534587407485,0.0,358.727,5060.44,0.0,496.64130000000006,0.0,0.0,0.0,257.937,85.206,0.0,0.0,46606.125649275695
03-08-2040 13:00:00,7632.065522458018,30494.142127047504,0.0,358.85900000000004,4991.6359999999995,0.0,495.58320000000003,0.0,0.0,0.0,257.382,84.696,0.0,0.0,47315.67562527469
03-08-2040 14:00:00,9479.803488617119,29122.691119258834,0.0,356.14599999999996,4121.12,0.0,496.5624,0.0,0.0,0.0,255.00900000000001,83.34100000000001,0.0,0.0,46897.65477532442
03-08-2040 15:00:00,10571.4792445922,27301.063946269795,0.0,336.58099999999996,4010.8720000000003,0.0,492.9291000000001,0.0,0.0,0.0,257.1055,85.3165,0.0,0.0,45961.00855761001
03-08-2040 16:00:00,12405.77113685104,25178.96556217994,0.0,362.02,4056.528,0.0,486.9967500000001,0.0,0.0,0.0,254.419,84.81200000000001,0.0,0.0,45659.32520091974
03-08-2040 17:00:00,15107.024177272853,21775.42383508891,0.0,377.996,4564.309,0.0,485.2578000000001,0.0,0.0,0.0,253.7735,84.6945,0.0,0.0,45374.0529587553
03-08-2040 18:00:00,18582.996035073927,17060.917383881937,0.0,382.20099999999996,5335.956,0.0,488.95590000000004,0.0,0.0,0.0,256.6205,86.2255,0.0,0.0,44683.01472886921
03-08-2040 19:00:00,20596.199336946844,9730.265703178226,0.0,385.02,5544.291,4721.686650749965,492.62190000000004,0.0,0.0,0.0,259.9415,86.8695,0.0,0.0,43932.34006297347
03-08-2040 20:00:00,20005.47758455761,2474.411791485161,3952.1897880131773,378.718,5481.695,8000.0,494.7669000000001,0.0,0.0,0.0,263.505,87.51899999999999,0.0,0.0,42866.339280788336
03-08-2040 21:00:00,20190.82966012314,58.959376640900885,5673.422632046226,385.05300000000005,5555.908,8000.0,498.56955000000005,0.0,0.0,0.0,277.2165,88.7515,0.0,0.0,42118.41213833907
03-08-2040 22:00:00,21518.921913946306,3.969563608000482,8905.315401968026,386.36699999999996,5322.34,3008.3133492500347,501.66585000000015,0.0,0.0,0.0,276.98400000000004,88.844,0.0,0.0,41233.78138278541
03-08-2040 23:00:00,22064.06370200577,5.635266048414851,9881.810931370874,385.629,4752.4529999999995,0.0,494.36430000000007,0.0,0.0,0.0,276.637,87.641,0.0,0.0,38992.25831108928
04-08-2040 00:00:00,22057.399783589117,3.634259869994991,8516.979882136464,388.43699999999995,3813.014,0.0,480.17955000000006,0.0,0.0,0.0,277.9265,89.7055,0.0,0.0,36575.303300600295
04-08-2040 01:00:00,21375.622528423846,2.8446736482401267,6993.714275600389,391.82800000000003,3674.756,0.0,479.95770000000005,0.0,0.0,0.0,280.961,90.11399999999999,0.0,0.0,34172.48840130101
04-08-2040 02:00:00,19459.399831172075,1.1573387085995952,7822.237968653615,391.267,2784.2729999999997,0.0,474.6831000000001,0.0,0.0,0.0,281.307,89.406,0.0,0.0,32140.13905850541
04-08-2040 03:00:00,17477.152902178816,5.116086066986996,9395.894676042764,392.41900000000004,2226.651,0.0,473.0602500000001,0.0,0.0,0.0,285.539,90.304,0.0,0.0,31098.0598834516
04-08-2040 04:00:00,15442.611811310057,7.008929749276053,10944.166644811055,393.591,1916.612,0.0,470.77470000000005,0.0,0.0,0.0,287.2035,90.5035,0.0,0.0,30215.30396111893
04-08-2040 05:00:00,13316.373191863062,5.91648853835494,12580.186675977784,382.98400000000004,1843.225,0.0,469.2048000000001,0.0,0.0,0.0,287.6955,89.5615,0.0,0.0,29634.85224798561
04-08-2040 06:00:00,12316.723547360922,8.382593450137255,13637.957566142511,376.19199999999995,1911.54,0.0,467.35470000000004,0.0,0.0,0.0,285.8885,89.7905,0.0,0.0,29778.00283223143
04-08-2040 07:00:00,11826.637405651416,674.8258133600817,13915.545483034277,377.319,1520.281,0.0,468.45495000000005,0.0,0.0,0.0,287.7685,90.6725,0.0,0.0,29874.20037600388
04-08-2040 08:00:00,10219.886615553718,6033.390564173113,10710.038560130844,380.191,2406.0679999999998,0.0,470.92545,0.0,0.0,0.0,285.9295,90.4955,0.0,0.0,31380.980028303282
04-08-2040 09:00:00,8593.739684504486,14810.57161644515,5168.894098982391,382.63800000000003,3478.325,0.0,471.9453000000001,0.0,0.0,0.0,284.872,90.24,0.0,0.0,34279.54286618211
04-08-2040 10:00:00,7972.725908833749,22054.57281518482,0.0,380.72900000000004,4126.186,0.0,469.0590000000001,0.0,0.0,0.0,280.453,89.315,0.0,0.0,36817.13335069204
04-08-2040 11:00:00,6653.469930832713,24329.827695893997,0.0,378.10400000000004,3591.159,0.0,466.0549500000001,0.0,0.0,0.0,282.077,88.82799999999999,0.0,0.0,37921.28587295205
04-08-2040 12:00:00,6049.655625545931,25261.699311010496,0.0,373.52,3937.863,0.0,462.20445000000007,0.0,0.0,0.0,279.1185,87.6825,0.0,0.0,39022.35533613759
04-08-2040 13:00:00,6191.762425859861,25516.18883575823,0.0,374.542,4401.281,0.0,452.18700000000007,0.0,0.0,0.0,280.0025,87.0985,0.0,0.0,40060.52860864768
04-08-2040 14:00:00,6990.9524448793345,25237.862636245605,0.0,367.65,4251.053,0.0,447.4900500000001,0.0,0.0,0.0,280.17400000000004,86.867,0.0,0.0,40476.17318188847
04-08-2040 15:00:00,8159.146426815396,24505.023618514017,0.0,375.35,3467.13,0.0,449.6722500000001,0.0,0.0,0.0,278.4025,86.6645,0.0,0.0,40118.77119543528
04-08-2040 16:00:00,11574.227402531104,26789.34404331608,0.0,377.782,3705.5959999999995,0.0,445.45740000000006,0.0,0.0,0.0,275.785,87.36,0.0,-6552.667702362409,39458.127211181534
04-08-2040 17:00:00,15580.989591117523,25170.844917682127,0.0,370.785,3467.134,0.0,444.1716000000001,0.0,0.0,0.0,274.943,87.346,0.0,-9147.6682831796,38942.1943122375
04-08-2040 18:00:00,18431.1998099927,18884.97599423332,12885.832402914268,371.561,3086.8459999999995,0.0,446.61585000000014,0.0,0.0,0.0,272.997,87.476,0.0,-12200.0,38460.2688047741
04-08-2040 19:00:00,21485.595182466812,10585.902117538944,11290.438645482704,378.13300000000004,3001.327,0.0,445.88130000000007,0.0,0.0,0.0,271.3525,87.0415,0.0,-11373.37623544332,38402.19100987477
04-08-2040 20:00:00,23499.532358497436,2841.6224725693846,6769.344779380946,381.345,3201.4109999999996,0.0,449.50200000000007,0.0,0.0,0.0,272.595,85.573,0.0,-1065.165630304764,38161.153672003995
04-08-2040 21:00:00,24475.12972010371,59.0567228874186,3830.5522022322693,379.277,4268.823,3584.707904840412,451.7763000000001,0.0,0.0,0.0,275.69599999999997,87.02600000000001,0.0,0.0,38820.397483193534
04-08-2040 22:00:00,24729.34099676616,3.850584862256598,2553.642999206815,381.86400000000003,4033.565,4704.4645660493625,451.77060000000006,0.0,0.0,0.0,281.22,89.00200000000001,0.0,0.0,38418.632627639505
04-08-2040 23:00:00,23812.7602087659,6.219343527521189,1513.5242653798487,384.416,2861.575,5760.959957488754,452.052,0.0,0.0,0.0,278.577,88.698,0.0,0.0,36150.533051054495
05-08-2040 00:00:00,22247.176422514287,3.374669879281063,967.6318555009202,386.566,2829.7859999999996,5962.148792946704,449.56890000000004,0.0,0.0,0.0,279.8695,88.7835,0.0,0.0,34071.32366546511
05-08-2040 01:00:00,21093.54887899672,2.6067161567523596,965.7637726111861,389.279,2029.879,3717.7187786747672,450.6421500000001,0.0,0.0,0.0,285.1905,88.7975,0.0,0.0,32032.405710563155
05-08-2040 02:00:00,20291.608372939503,2.2065149210683868,1583.179319922041,402.72,1356.5539999999999,0.0,452.4333000000001,0.0,0.0,0.0,284.82,89.92200000000001,0.0,0.0,30216.697810340967
05-08-2040 03:00:00,18718.33187993761,6.0246510344857445,2042.33617630343,410.285,1380.989,0.0,454.2232500000001,0.0,0.0,0.0,282.4005,90.8395,0.0,0.0,29090.82735396571
05-08-2040 04:00:00,17737.649069977106,6.944032251597571,4452.185341550397,406.525,1342.3529999999998,0.0,454.31070000000005,0.0,0.0,0.0,282.1685,90.9375,0.0,0.0,28217.32656070807
05-08-2040 05:00:00,16715.04506923422,6.165262279455787,7866.985572977861,408.11199999999997,1308.609,0.0,454.2423000000001,0.0,0.0,0.0,284.8565,90.2435,0.0,0.0,27774.16992592144
05-08-2040 06:00:00,14776.59899692612,7.528109730703909,9560.941203277049,413.74,1496.058,0.0,450.93765,0.0,0.0,0.0,283.782,89.49799999999999,0.0,0.0,27728.172901594477
05-08-2040 07:00:00,13450.220101117222,635.9305797514448,9852.835670561726,415.901,1340.934,0.0,446.57700000000006,0.0,0.0,0.0,284.906,90.29299999999999,0.0,0.0,27179.490311788886
05-08-2040 08:00:00,12067.381610969253,6292.969738637427,6184.597274028496,403.505,1497.015,0.0,447.8928000000001,0.0,0.0,0.0,274.772,89.78399999999999,0.0,0.0,27971.973386521866
05-08-2040 09:00:00,10012.36917931157,15331.384851564582,655.7312149874379,412.032,1961.3970000000002,0.0,446.9502,0.0,0.0,0.0,274.8135,89.8045,0.0,0.0,30151.325649443548
05-08-2040 10:00:00,8172.500032768723,18735.670272830204,0.0,414.015,2160.87,0.0,443.5605000000001,0.0,0.0,0.0,262.44,88.29,0.0,0.0,32188.07713040127
05-08-2040 11:00:00,6566.527909294221,21075.59158809937,0.0,400.724,2588.07,0.0,440.77545000000003,0.0,0.0,0.0,264.0425,87.6275,0.0,0.0,33987.20912420934
05-08-2040 12:00:00,4123.129260822577,18086.452003971935,5362.926220792462,401.158,3570.465,0.0,438.40110000000016,0.0,0.0,0.0,272.768,87.97200000000001,0.0,0.0,35185.002870024604
05-08-2040 13:00:00,3962.5045998897026,21215.909856444378,18221.762875051674,396.277,4005.995,0.0,435.10485000000006,0.0,0.0,0.0,272.07099999999997,87.936,0.0,-12200.0,36452.83168039306
05-08-2040 14:00:00,5895.940104979222,33419.60668664729,18298.117474290222,395.599,4239.3,0.0,432.6826500000001,0.0,0.0,0.0,273.205,87.96700000000001,0.0,-12200.0,37197.81451630583
05-08-2040 15:00:00,6345.02524688621,32539.3430916034,18237.935386078083,396.59,4170.4490000000005,0.0,429.10620000000006,0.0,0.0,0.0,273.381,86.949,0.0,-12200.0,37030.355082590766
05-08-2040 16:00:00,7590.0832916261825,29665.998133892383,18059.941291023337,396.07800000000003,3791.6220000000003,0.0,426.07500000000005,0.0,0.0,0.0,271.6865,86.0195,0.0,-12200.0,36489.515173102234
05-08-2040 17:00:00,9390.60827780996,24995.734018587907,17299.94728723078,392.351,3443.663,0.0,427.8537,0.0,0.0,0.0,269.3615,85.7055,0.0,-12200.0,36077.93497045119
05-08-2040 18:00:00,12247.933204399096,18612.990565551176,16045.788351885625,390.033,2798.248,0.0,429.4902000000001,0.0,0.0,0.0,271.4165,86.2705,0.0,-12200.0,35781.759308338296
05-08-2040 19:00:00,14407.202066262558,10494.05514273651,13482.59445001735,390.329,2996.575,0.0,433.8963000000001,0.0,0.0,0.0,269.421,86.835,0.0,-9270.537461153808,35729.04003973824
05-08-2040 20:00:00,14681.424473190278,2831.9645549447573,8404.908356546279,393.13599999999997,3793.5690000000004,3248.489503021925,435.4977,0.0,0.0,0.0,262.9045,86.7825,0.0,0.0,36018.79923394857
05-08-2040 21:00:00,12788.103474338572,43.40385527587338,4570.3711941026395,398.74800000000005,4378.792,8000.0,439.8579000000001,0.0,0.0,0.0,268.726,86.63799999999999,0.0,0.0,37436.698399907466
05-08-2040 22:00:00,14241.9628161273,3.3993443127838923,4114.320444339868,404.566,4520.4529999999995,8000.0,443.99085000000014,0.0,0.0,0.0,269.1745,87.1295,0.0,0.0,38434.0750783345
05-08-2040 23:00:00,13516.609004431331,4.222639431010258,4006.083709718143,407.11300000000006,4376.532999999999,7177.511724520693,444.4254,0.0,0.0,0.0,264.975,88.848,0.0,0.0,36541.80962830185
06-08-2040 00:00:00,14808.255510124183,3.7532386157388746,12959.818712194856,423.599,3227.605,858.1384733786253,437.1015000000001,0.0,0.0,0.0,263.3315,88.5775,0.0,0.0,34222.089643699044
06-08-2040 01:00:00,13594.447716715133,1.7954974357713347,13785.351932768526,424.523,2257.13,0.0,434.90970000000004,0.0,0.0,0.0,264.473,88.084,0.0,0.0,31865.018443047462
06-08-2040 02:00:00,11501.880643254986,1.1248899597603543,14432.892933387626,424.392,2036.869,0.0,435.05145000000005,0.0,0.0,0.0,269.08299999999997,87.676,0.0,0.0,30143.927498035035
06-08-2040 03:00:00,10088.793455523382,5.310778560022442,15068.507412979638,426.844,1697.101,0.0,433.56930000000006,347.6573495703069,0.0,0.0,275.27299999999997,89.389,0.0,0.0,29298.92082181986
06-08-2040 04:00:00,9104.850237422868,6.176078529068869,15068.507412979638,431.004,1621.281,0.0,437.01900000000006,994.6945943832707,0.0,0.0,275.012,89.421,0.0,0.0,28817.309646513564
06-08-2040 05:00:00,8463.59409267617,6.435668519782796,15068.507412979638,427.63599999999997,1853.229,0.0,441.93375000000003,1701.5886111231412,0.0,0.0,280.0945,90.2025,0.0,0.0,29079.13680165701
06-08-2040 06:00:00,8523.515211671598,7.9283109663878815,15068.507412979638,420.98699999999997,2512.123,0.0,443.5048500000001,2950.374859572563,0.0,0.0,279.343,90.185,0.0,0.0,31015.60070089294
06-08-2040 07:00:00,7834.3701302824575,591.4649775920717,15068.507412979638,422.931,2417.827,0.0,452.1622500000001,5353.655151056588,0.0,0.0,283.6875,90.6655,0.0,0.0,33291.515802472575
06-08-2040 08:00:00,6760.415668240775,5692.137888880428,15068.507412979638,426.284,3045.381,0.0,463.1040000000001,3619.7324999205266,0.0,0.0,280.9345,89.3775,0.0,0.0,36333.226992652926
06-08-2040 09:00:00,5375.685909314081,14417.314413012777,13643.939792951533,417.06699999999995,3852.401,0.0,463.8982500000001,0.0,0.0,0.0,271.1355,88.6805,0.0,0.0,39735.22793323379
06-08-2040 10:00:00,4842.452539597542,22193.51646109191,7726.713487148315,409.712,4033.385,0.0,461.94735000000014,0.0,0.0,0.0,276.39799999999997,87.044,0.0,0.0,42047.0527868282
06-08-2040 11:00:00,4693.792625389373,27911.01845531501,2652.374357284769,405.13199999999995,4699.247,0.0,459.9279,0.0,0.0,0.0,268.3075,85.2835,0.0,0.0,43723.23329240226
06-08-2040 12:00:00,4880.516818937876,31370.360141811896,0.0,400.86699999999996,4855.712,0.0,458.3335500000001,0.0,0.0,0.0,270.767,84.727,0.0,0.0,45135.54404179786
06-08-2040 13:00:00,5155.5189949368105,32058.82482764396,0.0,405.89099999999996,4969.637,0.0,459.18015,0.0,0.0,0.0,268.3525,85.4415,0.0,0.0,46314.80446603854
06-08-2040 14:00:00,5874.356091079085,31778.483755938396,0.0,398.601,4496.918,0.0,460.6675500000001,0.0,0.0,0.0,262.5035,86.2655,0.0,0.0,46290.62432535793
06-08-2040 15:00:00,7027.966211470509,30462.67833364663,0.0,400.086,4037.1020000000003,0.0,458.8911000000001,0.0,0.0,0.0,263.61,86.875,0.0,0.0,45648.12344441508
06-08-2040 16:00:00,9104.13472673971,27896.384069588512,0.0,397.399,3820.665,607.5239478679505,453.9394500000001,0.0,0.0,0.0,258.152,86.525,0.0,0.0,45458.870190478236
06-08-2040 17:00:00,11398.135461822512,22311.813783110167,482.7596204596157,410.786,3873.091,2982.831447033688,455.1405000000001,0.0,0.0,0.0,261.939,86.62899999999999,0.0,0.0,44957.0070964781
06-08-2040 18:00:00,13803.461923953935,15812.080616869098,6208.9877509273465,414.98800000000006,4410.596,0.0,460.9180500000001,0.0,0.0,0.0,266.332,86.061,0.0,0.0,43962.50776625827
06-08-2040 19:00:00,14594.665902138488,8339.955794162492,12504.030024456675,417.718,4138.272,0.0,462.16875000000005,0.0,0.0,0.0,266.575,86.277,0.0,0.0,42962.731003715795
06-08-2040 20:00:00,15309.484280364368,2238.639182419236,15068.507412979638,421.662,4190.590999999999,0.0,468.2208000000001,2481.9217590664957,0.0,0.0,266.7805,87.1365,0.0,0.0,42138.665173005036
06-08-2040 21:00:00,16814.39276068426,61.40384905345704,15068.507412979638,428.81199999999995,4673.795,0.0,473.74680000000006,3429.771746762097,0.0,0.0,256.4965,87.5085,0.0,0.0,42653.278620870755
06-08-2040 22:00:00,14549.399215459182,3.4936486250249463,15068.507412979638,426.543,4436.719,0.0,474.1953000000001,5333.32649655065,0.0,0.0,263.7485,87.5625,0.0,0.0,41888.70377779869
06-08-2040 23:00:00,13137.224787301771,4.813231077820746,15068.507412979638,431.89,2904.7859999999996,0.0,471.06825000000003,5632.255400648679,0.0,0.0,262.142,85.726,0.0,0.0,39135.447954360534
07-08-2040 00:00:00,13713.620855526602,3.9371148591612397,15068.507412979638,422.111,3087.782,0.0,462.1230000000001,2402.5569160960513,0.0,0.0,259.2835,87.5245,0.0,0.0,36470.6213925215
07-08-2040 01:00:00,13836.22844561722,0.8112187209810247,15068.507412979638,420.973,2628.525,0.0,457.89375000000007,290.6508478956057,0.0,0.0,257.0585,86.7295,0.0,0.0,33898.950978340785
07-08-2040 02:00:00,12595.208040496313,0.9734624651772297,15068.507412979638,421.15,2024.9520000000002,0.0,456.4113000000001,342.13894687721404,0.0,0.0,257.363,86.93799999999999,0.0,0.0,32032.947701039924
07-08-2040 03:00:00,13399.7514583901,5.029556070082354,13458.749443923727,415.223,1752.269,0.0,453.82890000000003,0.0,0.0,0.0,253.668,87.53,0.0,0.0,30485.685414823824
07-08-2040 04:00:00,14341.444737556514,5.851591040676459,12250.243693565877,415.27,1584.844,0.0,448.0866000000001,0.0,0.0,0.0,257.6505,87.6155,0.0,0.0,30028.917267658446
07-08-2040 05:00:00,14866.69919624952,5.89485603912878,11858.417098101592,411.583,1601.309,0.0,442.20900000000006,0.0,0.0,0.0,267.488,87.45200000000001,0.0,0.0,30187.827610682107
07-08-2040 06:00:00,15202.718483561379,6.976481000436813,12872.00633783472,412.311,1837.224,0.0,442.83465,0.0,0.0,0.0,268.2375,87.7095,0.0,0.0,31823.139727964444
07-08-2040 07:00:00,14971.322328628356,467.54320577501034,14123.865453521523,410.084,2485.428,0.0,448.8510000000001,0.0,0.0,0.0,264.9865,88.2285,0.0,0.0,34023.50053870127
07-08-2040 08:00:00,12805.370932453483,5209.981929878146,13811.380887830372,412.24,2961.4640000000004,0.0,458.0623500000001,0.0,0.0,0.0,259.2915,88.5925,0.0,0.0,36866.51288662191
07-08-2040 09:00:00,10677.175294597426,13837.671596247803,7925.618834723898,411.801,3987.978,0.0,458.55315,1537.5987589641873,0.0,0.0,265.20599999999996,86.709,0.0,0.0,40184.54919820652
07-08-2040 10:00:00,9909.958328612553,21502.022807078072,3409.0700210134783,410.33099999999996,4718.522,0.0,454.43880000000007,0.0,0.0,0.0,264.4465,87.1565,0.0,0.0,42272.79944621708
07-08-2040 11:00:00,8659.128026161698,26439.581432717012,0.0,412.285,5061.055,0.0,457.458,0.0,0.0,0.0,267.4475,87.4775,0.0,0.0,43667.6671788339
07-08-2040 12:00:00,8354.972702982297,28592.90112813552,0.0,408.121,3753.535,0.0,459.24480000000005,0.0,0.0,0.0,273.5925,87.7935,0.0,0.0,44602.759591317365
07-08-2040 13:00:00,9218.438685716696,28931.015915261014,0.0,384.38300000000004,3480.69,0.0,464.6373000000001,0.0,0.0,0.0,278.5265,87.9575,0.0,0.0,45672.11200987571
07-08-2040 14:00:00,10781.86063476627,27382.436369871306,0.0,383.519,3608.9440000000004,0.0,465.5644500000001,0.0,0.0,0.0,279.775,87.012,0.0,0.0,45819.928101712336
07-08-2040 15:00:00,12814.926158894772,24990.165836606935,0.0,391.961,3284.4590000000003,0.0,471.21870000000007,0.0,0.0,0.0,279.025,88.10600000000001,0.0,0.0,45092.43701336251
07-08-2040 16:00:00,16276.640372529071,21013.354976582996,0.0,407.91,3375.204,0.0,473.00700000000006,0.0,0.0,0.0,282.666,88.64200000000001,0.0,0.0,44677.45383961909
07-08-2040 17:00:00,20442.570479241214,16702.406092884332,0.0,389.709,3172.539,0.0,474.3837000000001,0.0,0.0,0.0,284.2435,89.1105,0.0,0.0,44285.91352095238
07-08-2040 18:00:00,23418.982283025638,13101.444019276074,0.0,390.719,2890.171,0.0,476.11680000000007,0.0,0.0,0.0,283.4345,88.6485,0.0,0.0,43181.426579036495
07-08-2040 19:00:00,25468.42872383967,8715.560878226319,0.0,392.185,3013.945,1589.259883556333,477.17370000000005,0.0,0.0,0.0,279.1595,88.5375,0.0,0.0,42251.28313107128
07-08-2040 20:00:00,27028.41992388672,2725.218987513267,0.0,394.43300000000005,2790.8590000000004,5878.941085839495,478.89390000000003,0.0,0.0,0.0,286.1485,89.9615,0.0,0.0,41457.26633860611
07-08-2040 21:00:00,27123.582844746616,92.85750292829464,0.0,399.12199999999996,2685.202,8000.0,480.3051000000001,0.0,0.0,0.0,289.068,90.228,0.0,0.0,41427.22622813774
07-08-2040 22:00:00,25068.957175620373,3.6775248684473123,0.0,412.32800000000003,2290.375,8000.0,479.95680000000004,0.0,0.0,0.0,282.936,89.70700000000001,0.0,0.0,40258.04638037632
07-08-2040 23:00:00,20647.88628164799,2.5742674079131187,7188.655547814622,419.00699999999995,2139.877,261.799030604172,474.12465000000003,0.0,0.0,0.0,274.779,90.029,0.0,0.0,37621.984000841345
08-08-2040 00:00:00,15714.122976003651,2.996101142823251,9353.671104755747,425.094,2843.239,0.0,464.3917500000001,0.0,0.0,0.0,263.0555,90.6135,0.0,0.0,35119.75792995291
08-08-2040 01:00:00,13404.814179926601,1.4926424466050854,13512.030764574432,426.87699999999995,2828.7709999999997,0.0,463.5568500000001,0.0,0.0,0.0,268.263,90.096,0.0,0.0,32838.8812161706
08-08-2040 02:00:00,13270.298171493056,0.822034970594105,13802.589915629766,437.995,1995.285,0.0,461.3001000000001,0.0,0.0,0.0,271.351,89.476,0.0,0.0,31029.478558626135
08-08-2040 03:00:00,12655.117556615796,5.462206054605566,14039.09680977067,439.542,1631.485,0.0,461.8663500000001,0.0,0.0,0.0,271.1245,90.0075,0.0,0.0,30237.619312327977
08-08-2040 04:00:00,11273.667543955682,6.0246510344857445,14892.22861698514,440.085,1657.275,0.0,458.1445500000001,0.0,0.0,0.0,270.047,89.344,0.0,0.0,29708.15971488899
08-08-2040 05:00:00,10871.256600497472,4.488743589428336,15068.507412979638,436.709,1724.71,0.0,458.92215000000004,228.71565003075375,0.0,0.0,272.29900000000004,89.911,0.0,0.0,29784.615711233317
08-08-2040 06:00:00,11089.858650890581,7.2577034903769,15068.507412979638,430.175,2155.035,0.0,460.0087500000001,1057.3288032216133,0.0,0.0,274.827,90.181,0.0,0.0,31308.117090308453
08-08-2040 07:00:00,10044.907511081306,407.5995504193191,15068.507412979638,429.343,2258.056,0.0,466.2195000000001,3754.81482782093,0.0,0.0,270.1205,89.1915,0.0,0.0,33535.895104957875
08-08-2040 08:00:00,8380.6103239312,5336.770007842674,15068.507412979638,433.406,3335.224,0.0,472.6797,2030.8937191987789,0.0,0.0,264.057,87.928,0.0,0.0,36254.80242142655
08-08-2040 09:00:00,5772.380502557664,14308.264984413701,12461.640499894673,433.37199999999996,4271.947,0.0,470.2195500000001,0.0,0.0,0.0,258.4675,88.3415,0.0,0.0,39179.698854255126
08-08-2040 10:00:00,5345.680872125254,22446.80057828141,5283.460198891563,430.986,4400.13,0.0,471.19095000000004,0.0,0.0,0.0,263.3305,89.1465,0.0,0.0,40961.23382712699
08-08-2040 11:00:00,6431.0875254345165,27732.89279593667,0.0,428.58,4127.688,0.0,469.33590000000004,0.0,0.0,0.0,263.056,88.54799999999999,0.0,0.0,42360.42706781789
08-08-2040 12:00:00,7612.412932787073,27419.166021033456,0.0,429.57599999999996,4302.157,0.0,470.27985000000007,0.0,0.0,0.0,261.695,87.96700000000001,0.0,0.0,43552.82620423422
08-08-2040 13:00:00,9077.882420264074,27056.09601414916,0.0,437.278,4251.895,0.0,473.06520000000006,0.0,0.0,0.0,263.909,86.766,0.0,0.0,44671.90559805344
08-08-2040 14:00:00,10689.892151306582,26267.724788846142,0.0,435.783,3349.414,0.0,473.39625000000007,0.0,0.0,0.0,265.8645,86.6145,0.0,0.0,44523.97567705697
08-08-2040 15:00:00,12841.769357852045,23771.19325699428,0.0,438.029,2897.702,0.0,472.48530000000005,0.0,0.0,0.0,259.959,85.266,0.0,0.0,43646.766136336395
08-08-2040 16:00:00,17214.445349258614,21188.29971620385,0.0,418.82599999999996,2396.301,0.0,466.06905000000006,0.0,0.0,0.0,252.825,87.259,0.0,-1477.5381717500643,43354.86650753204
08-08-2040 17:00:00,27235.467343563196,21296.194058617657,0.0,427.55800000000005,2010.6729999999998,0.0,469.3293000000001,0.0,0.0,0.0,254.34400000000002,87.125,0.0,-11491.65143127364,42944.03437821583
08-08-2040 18:00:00,29671.862223772754,15614.954685071092,0.0,434.251,2013.793,0.0,474.34755000000007,0.0,0.0,0.0,255.5045,87.8835,0.0,-8929.77263550428,42134.24592326986
08-08-2040 19:00:00,31809.02972357186,9280.248603903192,0.0,442.74,1790.3670000000002,0.0,474.5862000000001,0.0,0.0,0.0,255.139,86.14299999999999,0.0,-5417.471272159033,41188.11505820711
08-08-2040 20:00:00,31422.463852162327,2819.57994913778,0.0,439.134,2124.7929999999997,688.0530199169407,479.1472500000001,0.0,0.0,0.0,263.211,88.03299999999999,0.0,0.0,40391.35520618414
08-08-2040 21:00:00,30945.272373250915,92.01383545847436,0.0,439.722,2298.89,4565.525400089016,476.8870500000001,0.0,0.0,0.0,267.2415,88.0455,0.0,0.0,40836.54365427491
08-08-2040 22:00:00,28896.974139138965,2.3687586652645916,0.0,437.356,2165.885,5814.88515792145,469.99815000000007,0.0,0.0,0.0,264.284,89.29799999999999,0.0,0.0,39607.28804946533
08-08-2040 23:00:00,26330.38317189986,5.116086066986996,0.0,435.905,1738.4679999999998,5905.227286090994,471.99615,0.0,0.0,0.0,269.067,89.01899999999999,0.0,0.0,36602.32842629566
09-08-2040 00:00:00,25753.708809787855,1.9382899381066707,4284.8835327614215,441.712,1787.269,0.0,462.57615000000004,0.0,0.0,0.0,279.30400000000003,89.381,0.0,0.0,34334.34677076835
09-08-2040 01:00:00,25090.110166580977,1.767871827935165,3642.6300798012235,443.402,1229.366,0.0,459.33015,0.0,0.0,0.0,275.644,88.96,0.0,0.0,32319.584405159636
09-08-2040 02:00:00,24519.816309724465,0.8032214891913303,2711.009249394905,440.587,1150.857,0.0,457.09515000000005,0.0,0.0,0.0,271.5665,89.5295,0.0,0.0,30584.269279055126
09-08-2040 03:00:00,23160.148716096235,2.9420198947578498,2398.8990813380806,443.2,1313.226,833.2317182715597,453.6336000000001,0.0,0.0,0.0,264.8825,87.4145,0.0,0.0,29843.079632498393
09-08-2040 04:00:00,20542.872519112407,6.392403521330474,2198.2248813406623,444.26300000000003,1342.092,3102.605536342824,453.53325000000007,0.0,0.0,0.0,266.8285,89.6235,0.0,0.0,29301.739023502854
09-08-2040 05:00:00,18697.183704718675,3.0718148901148132,2140.8142212653474,434.32300000000004,1502.5529999999999,4942.800557893093,454.06065000000007,0.0,0.0,0.0,271.0115,89.9885,0.0,0.0,29394.89591514268
09-08-2040 06:00:00,17161.786734045658,6.446484769395876,4619.0523453351525,427.07300000000004,1930.141,437.29696157949,455.45640000000003,0.0,0.0,0.0,274.23900000000003,89.634,0.0,0.0,31191.178088056735
09-08-2040 07:00:00,16976.759539006533,462.3297734615056,6629.788680607104,415.751,2112.6820000000002,0.0,466.25415000000004,0.0,0.0,0.0,279.843,89.391,0.0,0.0,33201.57328263087
09-08-2040 08:00:00,15838.838421890601,5871.417226217235,4014.626522404802,418.031,2845.577,0.0,476.9781000000001,0.0,0.0,0.0,278.132,89.965,0.0,0.0,35686.30723396563
09-08-2040 09:00:00,14514.250236602253,15037.47490082835,2822.289955114804,415.663,3455.821,0.0,480.9714,0.0,0.0,0.0,277.995,89.319,0.0,0.0,38594.223406469115
09-08-2040 10:00:00,10940.011085376316,18010.328639565367,4041.9653339327197,419.066,3270.388,0.0,480.3433500000001,0.0,0.0,0.0,278.731,88.82799999999999,0.0,0.0,40214.189418652575
09-08-2040 11:00:00,5291.477361668676,10494.274725965512,17959.81029406644,420.282,3263.9179999999997,0.0,480.29655000000014,0.0,0.0,0.0,278.54,88.693,0.0,0.0,41306.93558951278
09-08-2040 12:00:00,11364.695599095507,23465.06497375236,18592.99391991383,415.001,3913.187,0.0,477.50250000000005,0.0,0.0,0.0,269.85,88.802,0.0,-12200.0,42193.26150677041
09-08-2040 13:00:00,15856.989859507887,34314.75643725333,18733.889467440546,414.68300000000005,4205.389,0.0,475.1260500000001,0.0,0.0,0.0,249.1685,88.8815,0.0,-12200.0,43053.51050267403
09-08-2040 14:00:00,16448.96120523305,34387.850003939326,18689.52030622438,413.537,3907.905,0.0,473.68785000000014,0.0,0.0,0.0,240.60299999999998,87.412,0.0,-12200.0,42778.66218442198
09-08-2040 15:00:00,17598.09914634214,32689.549104674614,18658.867960217176,438.816,3617.2790000000005,0.0,477.05325000000005,0.0,0.0,0.0,229.92700000000002,85.851,0.0,-12200.0,41577.6317473655
09-08-2040 16:00:00,19110.73523336064,29521.223271521783,18470.42838759601,418.561,2996.703,0.0,482.2252500000001,0.0,0.0,0.0,228.2895,86.1305,0.0,-12200.0,40990.71223161049
09-08-2040 17:00:00,20674.07334224833,24879.709661357796,18169.54425756185,397.115,2562.016,0.0,486.0988500000001,0.0,0.0,0.0,237.0945,86.9125,0.0,-12200.0,40686.302926935445
09-08-2040 18:00:00,23173.700844969746,19421.67941241242,18211.19461269438,393.249,1968.483,0.0,490.8678000000001,0.0,0.0,0.0,243.0905,87.2315,0.0,-12200.0,40023.42997429672
09-08-2040 19:00:00,24851.894438586558,11585.739242347428,17557.30420890049,402.69800000000004,1944.5079999999998,0.0,494.93190000000004,0.0,0.0,0.0,265.7095,88.6425,0.0,-12200.0,39363.17174441799
09-08-2040 20:00:00,25700.52878651421,3281.844825093218,12236.86381353141,405.167,2119.665,0.0,500.78835000000015,0.0,0.0,0.0,276.87,90.346,0.0,-8334.658945814306,38653.96139594493
09-08-2040 21:00:00,25486.857958462606,87.88202810627767,7179.691550478339,405.548,2882.862,485.15180225178483,504.65625000000006,0.0,0.0,0.0,274.9095,89.9545,0.0,0.0,39218.238580649355
09-08-2040 22:00:00,25706.163916662932,2.433656162943074,5783.654789279506,398.50199999999995,2479.996,1416.0347646824812,506.0835000000001,0.0,0.0,0.0,275.686,88.68799999999999,0.0,0.0,38233.09890889645
09-08-2040 23:00:00,25372.206763470695,5.338106390096796,5614.6415246428805,400.509,1711.285,0.0,506.24250000000006,0.0,0.0,0.0,277.7915,89.0625,0.0,0.0,35436.80971118519
10-08-2040 00:00:00,23515.916059827112,2.5086368736331415,5599.179411335092,397.68199999999996,1551.848,0.0,493.0330500000001,0.0,0.0,0.0,274.376,89.92200000000001,0.0,0.0,33302.199747897146
10-08-2040 01:00:00,22898.633803803765,2.4056967469123194,5472.965416659892,397.19699999999995,1429.4170000000001,0.0,490.31265,0.0,0.0,0.0,277.4745,90.1335,0.0,-1309.3328697155885,31048.085906353685
10-08-2040 02:00:00,22243.159485582408,1.0737699242319876,5238.3763033549185,402.467,1321.391,0.0,488.1132,0.0,0.0,0.0,273.732,87.999,0.0,-1642.083136253761,29640.127820354657
10-08-2040 03:00:00,21373.626338082267,5.38746702641133,5214.520972556755,402.066,1262.9589999999998,0.0,486.4480500000001,0.0,0.0,0.0,277.7215,89.3555,0.0,-1486.9788250557904,28823.351147771897
10-08-2040 04:00:00,20974.407717195194,6.140886367503591,4849.166056972084,401.86400000000003,1217.103,0.0,484.47075000000007,0.0,0.0,0.0,278.695,89.74700000000001,0.0,-1226.6498237905107,28223.140775637425
10-08-2040 05:00:00,20357.18009251921,6.035467284098823,4213.798615915584,412.611,1253.572,257.2986772805816,483.31665000000004,0.0,0.0,0.0,267.9605,89.6465,0.0,0.0,28426.591055343884
10-08-2040 06:00:00,18804.7926438402,7.647088476447793,2858.149280571728,408.254,1455.566,4628.2830080621825,484.19460000000015,0.0,0.0,0.0,265.58299999999997,88.735,0.0,0.0,29978.581715582193
10-08-2040 07:00:00,17700.66296909585,451.0916901135151,1619.4086068233592,409.481,1574.095,8000.0,494.00565,0.0,0.0,0.0,274.893,88.919,0.0,0.0,31853.799574969755
10-08-2040 08:00:00,15425.516907420573,5523.015009930304,1315.1391246979765,417.539,1697.9189999999999,8000.0,504.08565000000004,0.0,0.0,0.0,277.6555,88.8565,0.0,0.0,34269.27964226008
10-08-2040 09:00:00,12164.47130377114,13082.966193371163,6815.082113981101,416.18300000000005,1827.743,0.0,506.0955000000001,0.0,0.0,0.0,281.288,90.698,0.0,0.0,36861.31357235014
10-08-2040 10:00:00,5439.178291322742,10245.444898345977,16642.2242438932,415.218,2098.085,0.0,501.46335000000016,0.0,0.0,0.0,279.704,89.68799999999999,0.0,0.0,38562.58559586502
10-08-2040 11:00:00,8413.692690185067,22795.056931673105,18008.143649959355,406.501,2491.678,0.0,500.98170000000005,0.0,0.0,0.0,283.5145,88.6375,0.0,-12200.0,39657.77648972688
10-08-2040 12:00:00,8897.016255956529,31600.013563827804,18223.323995964194,392.199,2767.454,0.0,499.04895000000005,0.0,0.0,0.0,287.057,89.68,0.0,-12200.0,40769.797359663535
10-08-2040 13:00:00,8494.557615002755,33356.40969941307,17910.442037793284,388.124,2825.631,0.0,503.04165000000006,0.0,0.0,0.0,286.1805,90.0485,0.0,-12200.0,41615.32519487525
10-08-2040 14:00:00,8548.379408658862,33493.36796968458,18279.936554898828,388.37699999999995,2886.965,0.0,504.48165000000006,0.0,0.0,0.0,288.06,89.27,0.0,-12200.0,41130.274221395426
10-08-2040 15:00:00,9553.263497809323,32464.765706345086,18377.147027901374,383.89,2951.487,0.0,500.1025500000001,0.0,0.0,0.0,285.2985,89.2785,0.0,-12200.0,40155.69053025994
10-08-2040 16:00:00,11457.878328574629,29591.559908282034,17767.75734045671,387.791,2851.199,0.0,500.7438000000001,0.0,0.0,0.0,283.393,89.661,0.0,-12200.0,39586.319304657074
10-08-2040 17:00:00,12898.913301770295,25272.632287296103,17724.563405096065,392.47,2939.515,0.0,500.98680000000013,0.0,0.0,0.0,278.795,87.516,0.0,-12200.0,39504.89128036996
10-08-2040 18:00:00,15273.04738138761,18312.54875260488,17177.653635521332,388.60400000000004,2476.783,0.0,502.5141000000001,0.0,0.0,0.0,278.4805,86.7855,0.0,-12200.0,39138.497906261124
10-08-2040 19:00:00,17537.634826803824,10369.560136535092,16011.312136676948,397.353,2238.17,0.0,501.67845000000005,0.0,0.0,0.0,281.2165,86.8765,0.0,-11573.364814479442,38622.867063780475
10-08-2040 20:00:00,19126.82659800397,2873.0987522215974,11289.026620387653,419.81199999999995,2235.8070000000002,0.0,502.5393000000001,0.0,0.0,0.0,269.961,86.48100000000001,0.0,-1170.7036466391473,37867.56520533794
10-08-2040 21:00:00,20566.422489651563,71.35479869749093,6968.159666830848,419.292,2583.234,5160.2637185021595,505.4652000000001,0.0,0.0,0.0,273.04,88.413,0.0,0.0,38391.06365151378
10-08-2040 22:00:00,21067.81756778027,2.238963669907628,5579.66539992849,411.884,2719.5490000000004,5091.134623632908,504.4270500000001,0.0,0.0,0.0,273.401,87.85600000000001,0.0,0.0,37248.92008916923
10-08-2040 23:00:00,20405.60662908035,5.505471053057888,5034.097492711153,415.348,2229.978,4581.338075440621,500.41710000000006,0.0,0.0,0.0,270.475,87.492,0.0,0.0,34894.974354534104
11-08-2040 00:00:00,19566.02252583843,3.8289523630304365,4959.014593092346,419.325,2058.126,3653.964670185371,483.7083000000001,0.0,0.0,0.0,265.8775,88.5735,0.0,0.0,32781.78733672155
11-08-2040 01:00:00,18913.743648945805,2.033454927259102,4515.472076748207,416.934,1756.28,3352.0447716763156,481.04595000000006,0.0,0.0,0.0,266.8735,87.2145,0.0,0.0,30966.664205908768
11-08-2040 02:00:00,14493.080773629812,0.8617033231019199,4301.852939185199,418.9,1465.217,1891.2541405626253,479.89425000000006,0.0,0.0,0.0,277.611,85.037,0.0,0.0,29497.55865760176
11-08-2040 03:00:00,13830.084987737928,5.999561552296084,4389.923749871157,416.89300000000003,1373.348,1566.9157559563446,477.28695000000005,0.0,0.0,0.0,266.949,84.51700000000001,0.0,0.0,28468.92657502917
11-08-2040 04:00:00,13334.048239549702,6.273424775586591,5121.090660530421,418.80400000000003,1264.616,707.4912703353275,477.1573500000001,0.0,0.0,0.0,266.7105,84.7315,0.0,0.0,27718.564381336928
11-08-2040 05:00:00,11966.66864778324,6.359954772491234,12036.187138081234,418.14099999999996,1294.94,0.0,472.8448500000001,0.0,0.0,0.0,273.2975,84.2865,0.0,0.0,27536.432145723356
11-08-2040 06:00:00,10503.979165394934,7.181989743085339,13574.302621611854,417.246,1526.0529999999999,0.0,465.8811000000001,0.0,0.0,0.0,272.115,84.514,0.0,0.0,27749.01405358631
11-08-2040 07:00:00,9205.93449263906,445.9431552976889,14772.673645199624,411.14,1589.864,0.0,465.65265,0.0,0.0,0.0,260.6985,83.9645,0.0,0.0,28037.679595084446
11-08-2040 08:00:00,8642.873996498152,5619.701465221629,11315.261212099364,417.014,1817.8270000000002,0.0,467.5851000000001,0.0,0.0,0.0,259.777,85.17399999999999,0.0,0.0,29484.725721796687
11-08-2040 09:00:00,8807.06242634349,14151.580792518622,4353.649083257969,419.014,2481.613,0.0,468.04740000000004,0.0,0.0,0.0,263.6625,87.5385,0.0,0.0,32287.960358212098
11-08-2040 10:00:00,8669.279347458792,19479.581730006652,0.0,418.944,2618.544,0.0,463.9795500000001,0.0,0.0,0.0,265.697,88.14,0.0,0.0,34456.97165115161
11-08-2040 11:00:00,7947.061763687718,21031.310305391435,0.0,409.94300000000004,2681.11,0.0,460.1310000000001,0.0,0.0,0.0,266.3315,89.5285,0.0,0.0,35695.42844638201
11-08-2040 12:00:00,6137.815414006548,18042.75077764743,5276.614801443589,386.241,3096.1409999999996,0.0,456.1567500000001,0.0,0.0,0.0,266.3685,90.3245,0.0,0.0,36684.791700752176
11-08-2040 13:00:00,6304.666362350916,19131.55286313647,17523.196348064434,389.76,3534.5679999999998,0.0,452.79420000000005,0.0,0.0,0.0,265.5145,89.5415,0.0,-12200.0,37484.89500535262
11-08-2040 14:00:00,10375.825678370107,32754.4540748432,17364.891671260353,389.832,3525.426,0.0,448.25250000000005,0.0,0.0,0.0,266.5415,89.2185,0.0,-12200.0,37557.998993333014
11-08-2040 15:00:00,10704.541482101806,32058.54516078963,17011.113607386564,386.61400000000003,2993.1620000000003,0.0,448.7061000000001,0.0,0.0,0.0,269.79,88.95,0.0,-12200.0,36803.5043547495
11-08-2040 16:00:00,11762.991686482988,28931.014277825365,17311.427665177383,388.52099999999996,2379.694,0.0,449.0964,0.0,0.0,0.0,275.525,89.43700000000001,0.0,-12200.0,36128.7172833803
11-08-2040 17:00:00,13281.633367096825,24012.084796231138,16786.610387617577,387.11,2187.259,0.0,447.13425000000007,0.0,0.0,0.0,279.09,89.04,0.0,-12200.0,35616.39492634955
11-08-2040 18:00:00,14266.902769798144,17151.444517441883,16004.330944281595,386.57099999999997,2317.436,0.0,445.5807000000001,0.0,0.0,0.0,277.221,89.023,0.0,-12200.0,35595.0515868878
11-08-2040 19:00:00,13811.224195040215,9658.618828732824,14090.291461416404,387.06300000000005,2920.5809999999997,0.0,447.0238500000001,0.0,0.0,0.0,272.8965,88.5835,0.0,-8903.189485573455,35275.8924782355
11-08-2040 20:00:00,13581.471833785447,2492.399214591713,8969.876260721561,390.216,4059.237,3186.3316055894793,451.35075000000006,0.0,0.0,0.0,272.1375,88.2125,0.0,0.0,35424.109948057325
11-08-2040 21:00:00,10107.929761367148,38.559489634627084,5729.450975812908,404.785,4950.121,8000.0,452.0676000000001,0.0,0.0,0.0,270.97900000000004,88.06700000000001,0.0,0.0,36592.76156899857
11-08-2040 22:00:00,10845.886791955636,3.4385541832101034,5001.325958731672,411.226,4511.612,8000.0,451.39245000000005,0.0,0.0,0.0,264.1835,89.6315,0.0,0.0,35970.91696066051
11-08-2040 23:00:00,9577.889481177863,4.718869187914958,4844.640390022894,412.087,3767.7659999999996,8000.0,451.29375000000005,0.0,0.0,0.0,259.18,89.149,0.0,0.0,33710.686475733564
12-08-2040 00:00:00,12756.847705259486,4.27241859716673,10515.239418949019,414.236,3314.171,2796.9966421251374,450.1243500000001,0.0,0.0,0.0,250.32,90.00299999999999,0.0,0.0,31815.72186104786
12-08-2040 01:00:00,12841.896785922327,1.481826196992005,12142.511121768752,412.384,2765.066,0.0,449.32590000000005,0.0,0.0,0.0,253.02200000000002,89.34700000000001,0.0,0.0,30063.586058636487
12-08-2040 02:00:00,11772.966369164002,1.1032574605341934,12232.840818841625,410.457,2302.512,0.0,449.1964500000001,0.0,0.0,0.0,264.432,89.693,0.0,0.0,28500.159287740895
12-08-2040 03:00:00,11214.23761337518,5.732612294932575,12341.47028979995,409.195,1917.332,0.0,448.3960500000001,0.0,0.0,0.0,261.724,90.632,0.0,0.0,27523.193740035178
12-08-2040 04:00:00,10250.309356276495,6.381587271717394,13062.95557079577,401.82199999999995,1637.566,0.0,447.38430000000005,0.0,0.0,0.0,266.86,90.54,0.0,0.0,26910.638111927525
12-08-2040 05:00:00,9143.51875531587,6.240976026747351,13827.850287181956,399.88199999999995,1777.67,0.0,447.7278000000001,0.0,0.0,0.0,279.233,90.911,0.0,0.0,26617.129995256622
12-08-2040 06:00:00,8953.633822881904,7.008929749276053,14099.596225723184,402.032,1795.276,0.0,446.3697,0.0,0.0,0.0,282.934,90.691,0.0,0.0,26679.72003757075
12-08-2040 07:00:00,9106.818858707878,392.04578347570964,13380.829676114228,401.89099999999996,1667.099,0.0,445.03950000000003,0.0,0.0,0.0,272.9645,90.4965,0.0,0.0,26374.935766251503
12-08-2040 08:00:00,8678.220224246117,5462.681969588542,9228.65911561705,406.269,1740.9379999999999,0.0,446.77935000000014,0.0,0.0,0.0,270.0085,90.6115,0.0,0.0,26996.378252622926
12-08-2040 09:00:00,7604.799494497815,14749.697763622735,2241.88038508879,407.79400000000004,2059.556,0.0,447.03540000000004,0.0,0.0,0.0,280.3995,90.5705,0.0,0.0,28924.01034822143
12-08-2040 10:00:00,5995.11508186546,19280.35719805396,0.0,418.292,2086.806,0.0,444.8748000000001,0.0,0.0,0.0,278.584,89.727,0.0,0.0,30972.258574323518
12-08-2040 11:00:00,5471.271579306662,20389.08867613778,0.0,440.67,2435.37,0.0,444.42750000000007,0.0,0.0,0.0,278.123,90.09299999999999,0.0,0.0,32333.310862670416
12-08-2040 12:00:00,5812.594129182334,20498.051318836107,0.0,436.31699999999995,2844.967,0.0,441.1296000000001,0.0,0.0,0.0,274.6995,88.4935,0.0,0.0,33264.744746437944
12-08-2040 13:00:00,7433.380847973249,19963.431284789433,0.0,437.597,2716.3,0.0,438.52920000000006,0.0,0.0,0.0,276.868,89.113,0.0,0.0,34287.22001062947
12-08-2040 14:00:00,17674.395580086504,30416.19080646706,0.0,431.42400000000004,1871.8210000000001,0.0,437.26470000000006,0.0,0.0,0.0,269.1855,89.1505,0.0,-12200.0,34785.60908330997
12-08-2040 15:00:00,23246.51810369819,27414.367986079975,11486.021205446712,423.99699999999996,1491.332,0.0,437.17560000000014,0.0,0.0,0.0,268.2955,89.2105,0.0,-12200.0,34313.008267185956
12-08-2040 16:00:00,24448.45725282515,24399.035302338078,16479.674721461808,408.217,1519.891,0.0,437.6748000000001,0.0,0.0,0.0,271.9145,88.8755,0.0,-12200.0,33686.72618156754
12-08-2040 17:00:00,25208.7392640578,20955.2875258519,16401.47835036018,398.85,1468.476,0.0,434.24115000000006,0.0,0.0,0.0,272.2275,89.3235,0.0,-12200.0,33246.449126932435
12-08-2040 18:00:00,25990.60564374587,14901.924068655662,16669.991147314897,402.978,1374.879,0.0,435.41670000000005,0.0,0.0,0.0,268.3595,89.7935,0.0,-12200.0,33190.35553052532
12-08-2040 19:00:00,22393.956540466563,7626.688985283284,14214.86540209921,404.069,1868.4720000000002,0.0,436.31145000000004,0.0,0.0,0.0,266.5345,89.4735,0.0,-12200.0,33102.74948438617
12-08-2040 20:00:00,19611.532867593894,1866.7440714664338,9342.878914709174,404.835,2239.258,0.0,439.13595000000004,0.0,0.0,0.0,271.2995,87.2345,0.0,-3000.6860870074124,33206.98723554718
12-08-2040 21:00:00,18437.503605861715,35.61790997587353,6078.233043268119,405.327,3391.685,4275.730162257943,444.3325500000001,0.0,0.0,0.0,265.7505,89.7805,0.0,0.0,35030.295650128704
12-08-2040 22:00:00,18585.823169042225,3.774871114965035,5302.768155825586,404.63199999999995,3450.275,5317.1894081841165,446.24085000000014,0.0,0.0,0.0,270.3975,90.3705,0.0,0.0,35334.54946268347
12-08-2040 23:00:00,17511.93058900557,2.8014086497878052,5215.275221986405,402.805,2860.8340000000003,5242.6218658700855,448.8489,0.0,0.0,0.0,267.10200000000003,88.774,0.0,0.0,33413.77352801669
13-08-2040 00:00:00,15764.58001585483,4.023644856065883,4762.4887649579905,401.022,1892.046,6460.4675195289055,446.17215000000004,0.0,0.0,0.0,263.4915,90.1345,0.0,0.0,31324.873412220993
13-08-2040 01:00:00,13384.055431532268,1.9325865645891165,4677.968795381043,403.785,1395.1670000000001,2433.991044158949,446.56950000000006,0.0,0.0,0.0,263.556,90.542,0.0,0.0,29228.47656747641
13-08-2040 02:00:00,12560.414883168303,1.2222362062780772,5919.713768810792,406.686,1332.64,872.6099489822627,445.6668000000001,0.0,0.0,0.0,260.808,89.773,0.0,0.0,27917.710356440228
13-08-2040 03:00:00,10660.378197857144,5.408124806540164,7970.895700199837,407.58099999999996,1422.2279999999998,0.0,445.1829000000001,0.0,0.0,0.0,261.30400000000003,89.99700000000001,0.0,0.0,27184.32656311944
13-08-2040 04:00:00,9249.526497557245,6.359954772491234,13961.973682959751,412.94699999999995,1500.361,0.0,445.9938000000001,0.0,0.0,0.0,271.3485,90.1695,0.0,0.0,26780.632191708813
13-08-2040 05:00:00,8302.925201866903,5.8299585414502975,15068.507412979638,414.965,1577.28,0.0,446.7295500000001,229.1973084712663,0.0,0.0,281.45,89.785,0.0,0.0,27052.28659765225
13-08-2040 06:00:00,7483.947806299914,8.847692183499708,15068.507412979638,417.843,1952.483,0.0,453.06765,2213.057618817471,0.0,0.0,284.14799999999997,90.781,0.0,0.0,28624.407163628723
13-08-2040 07:00:00,7288.87638831939,405.5660954920601,15068.507412979638,416.80400000000003,2619.0389999999998,0.0,465.66540000000003,3374.8851447054403,0.0,0.0,287.14,89.98,0.0,0.0,30742.203890424287
13-08-2040 08:00:00,6198.879016473727,5496.1258133921865,15068.507412979638,424.561,2453.87,0.0,479.9496000000001,1744.772897454557,0.0,0.0,283.5745,87.9145,0.0,0.0,33069.76841529773
13-08-2040 09:00:00,4924.910311299762,14646.93257604886,10734.627060106357,426.63199999999995,3075.967,0.0,484.5048000000001,0.0,0.0,0.0,267.399,86.51299999999999,0.0,0.0,35859.400095120895
13-08-2040 10:00:00,3786.8770330497114,23269.917173836828,3879.9583990642736,427.67699999999996,3227.803,0.0,486.4732500000001,0.0,0.0,0.0,266.464,88.78299999999999,0.0,0.0,37822.4397552643
13-08-2040 11:00:00,3019.4059371590893,28306.762924618004,0.0,420.70099999999996,3507.742,0.0,483.1654500000001,0.0,0.0,0.0,273.939,88.42,0.0,0.0,39021.78656232906
13-08-2040 12:00:00,3264.971397781525,29077.00068169427,0.0,421.68800000000005,3526.948,0.0,482.3320500000001,0.0,0.0,0.0,279.3735,88.5195,0.0,0.0,40203.93735445213
13-08-2040 13:00:00,3971.33327461074,29409.229916274286,0.0,422.092,3437.539,0.0,479.4679500000001,0.0,0.0,0.0,281.7095,88.1255,0.0,0.0,41206.082209908214
13-08-2040 14:00:00,5193.9459647105305,28672.067069980207,0.0,430.29900000000004,2857.837,0.0,478.8838500000001,0.0,0.0,0.0,279.0095,89.1145,0.0,0.0,41107.88261208911
13-08-2040 15:00:00,3548.0827933465384,14728.533724682602,14949.629534448002,430.139,2691.138,0.0,476.66730000000007,0.0,0.0,0.0,271.095,88.42200000000001,0.0,0.0,40230.68088317358
13-08-2040 16:00:00,8293.510377056342,24755.53981167515,18609.946991396486,418.019,2377.14,0.0,478.45710000000014,0.0,0.0,0.0,266.173,88.49,0.0,-12200.0,39882.172450817074
13-08-2040 17:00:00,12783.298392685432,25933.95521883432,18325.761592921044,417.228,2279.041,0.0,478.5727500000001,0.0,0.0,0.0,262.08299999999997,89.133,0.0,-12200.0,39754.673748040725
13-08-2040 18:00:00,16280.147483521496,19638.258723257026,18108.607919920032,417.406,2365.71,0.0,482.8795500000001,0.0,0.0,0.0,263.164,89.07799999999999,0.0,-12200.0,39175.8026234701
13-08-2040 19:00:00,19998.40668819792,11351.588521153999,16980.91731917404,419.276,2050.12,0.0,487.71900000000005,0.0,0.0,0.0,262.137,89.087,0.0,-12200.0,38678.730769923604
13-08-2040 20:00:00,21223.35781974378,2965.599843483372,11552.321063730284,425.42900000000003,2046.101,0.0,489.0925500000001,0.0,0.0,0.0,262.10200000000003,89.646,0.0,-3417.9107399932473,37929.77246920277
13-08-2040 21:00:00,21661.888683691737,55.162873026709676,6896.260401432548,428.45,2536.5170000000003,4455.261211522025,492.06495000000007,0.0,0.0,0.0,273.012,89.391,0.0,0.0,38672.40618372851
13-08-2040 22:00:00,22891.557608514988,3.8722173614827575,5535.690904111572,420.157,2419.174,3718.6395447706564,494.0565000000001,0.0,0.0,0.0,275.012,88.265,0.0,0.0,37384.57208451258
13-08-2040 23:00:00,24016.75423834666,5.624449798801772,5425.780975595873,425.649,1765.2320000000002,880.5758834980188,486.86175000000003,0.0,0.0,0.0,274.548,89.523,0.0,0.0,34799.27155841721
14-08-2040 00:00:00,22689.923786635383,3.4412523119370544,5418.14200753512,433.459,1679.0379999999998,0.0,477.59670000000006,0.0,0.0,0.0,269.902,88.685,0.0,0.0,32405.504589362743
14-08-2040 01:00:00,21016.53062517453,1.706142447464896,5415.212713238579,433.68199999999996,1330.6170000000002,0.0,474.2058000000001,0.0,0.0,0.0,265.3755,86.6105,0.0,0.0,30305.355474241143
14-08-2040 02:00:00,19729.507569863566,0.8396531694418613,5412.7043953679095,435.843,1054.483,0.0,471.9606000000001,0.0,0.0,0.0,268.3985,87.3815,0.0,0.0,28703.443287596227
14-08-2040 03:00:00,19244.673626172178,4.613387127993438,5388.901686622965,437.837,908.8810000000001,0.0,471.25515,0.0,0.0,0.0,269.6305,87.7465,0.0,0.0,28032.01975630323
14-08-2040 04:00:00,20461.062211062286,6.058626123219155,5316.08153529308,436.23199999999997,1035.156,0.0,469.13565000000006,0.0,0.0,0.0,272.3975,87.2785,0.0,-1803.7462025219684,27481.328044627295
14-08-2040 05:00:00,21659.14142544826,5.900653420599169,4519.006524656928,434.49,976.6080000000001,0.0,470.28240000000005,0.0,0.0,0.0,268.0255,86.3265,0.0,-1924.9625889308409,27615.32691321784
14-08-2040 06:00:00,22376.90044318333,7.57137472915623,2968.2960083269863,430.736,1122.58,427.6314268195965,471.78975,0.0,0.0,0.0,263.0625,85.8855,0.0,0.0,29146.787405704927
14-08-2040 07:00:00,22367.21204177085,478.73802412454853,1346.256298842054,428.472,1998.526,2573.6382096632515,475.87545,0.0,0.0,0.0,260.6165,83.4075,0.0,0.0,30878.903411630774
14-08-2040 08:00:00,21419.091460522,6011.9899623802385,1326.4177847738902,418.94699999999995,2130.774,0.0,484.93065,0.0,0.0,0.0,265.0665,83.3115,0.0,0.0,33093.41772522317
14-08-2040 09:00:00,19087.869436700606,13802.280535583464,7558.333534503909,411.224,2842.264,0.0,486.56565,0.0,0.0,0.0,264.048,83.979,0.0,-10465.73583292216,35826.4461813549
14-08-2040 10:00:00,20349.379608865267,23100.037843909868,17194.9575206922,415.091,2325.685,0.0,486.5436000000001,0.0,0.0,0.0,267.795,86.415,0.0,-12200.0,37521.16521637359
14-08-2040 11:00:00,18858.35100824395,28813.326954087814,18548.75631383076,415.19199999999995,2733.362,0.0,483.4990500000001,0.0,0.0,0.0,268.0755,82.6615,0.0,-12200.0,38671.38841712284
14-08-2040 12:00:00,18729.905159312784,32701.838395692597,18737.336211927177,416.37199999999996,3127.489,0.0,484.6758000000001,0.0,0.0,0.0,262.393,80.725,0.0,-12200.0,39480.096611022425
14-08-2040 13:00:00,19297.8156580255,34921.17732789945,18761.95456249721,428.74300000000005,2992.2509999999997,0.0,485.5803000000001,0.0,0.0,0.0,261.599,81.079,0.0,-12200.0,40350.05270472398
14-08-2040 14:00:00,20357.341890292533,35145.36855356843,18769.076080367842,429.839,2971.2340000000004,0.0,485.46915,0.0,0.0,0.0,262.8935,83.1865,0.0,-12200.0,40223.42334425663
14-08-2040 15:00:00,20850.8476286531,34038.57524516837,18745.817132839642,428.087,2667.941,0.0,483.03015,0.0,0.0,0.0,256.3855,86.4425,0.0,-12200.0,39454.59925120774
14-08-2040 16:00:00,21378.39561462778,30884.924652275957,18502.28227048533,428.405,2726.535,0.0,483.89460000000014,0.0,0.0,0.0,254.4915,88.5095,0.0,-12200.0,39019.13836040444
14-08-2040 17:00:00,23228.36202371355,26750.034670535806,17899.34755490371,427.714,2258.601,0.0,485.67585000000014,0.0,0.0,0.0,249.3245,86.1095,0.0,-12200.0,38820.10249455381
14-08-2040 18:00:00,24665.122946044,20198.805339944844,17456.506665936,431.629,2005.0120000000002,0.0,489.3592500000001,0.0,0.0,0.0,250.6165,88.1295,0.0,-12200.0,38402.998973715235
14-08-2040 19:00:00,26519.308933255725,11469.453743463806,16598.69703552875,433.60699999999997,2145.657,0.0,490.00515,0.0,0.0,0.0,245.855,88.663,0.0,-12200.0,37863.733328947186
14-08-2040 20:00:00,27543.251132357513,2885.4509092814387,11626.50061810197,430.648,2693.296,0.0,492.11070000000007,0.0,0.0,0.0,258.4255,88.7835,0.0,-11034.078073545465,37254.42852772805
14-08-2040 21:00:00,27376.14264539983,43.65438343839221,7094.022847817832,430.82599999999996,3783.8909999999996,0.0,493.06035000000014,0.0,0.0,0.0,259.1135,89.7205,0.0,-3471.6867638646145,37865.56649920769
14-08-2040 22:00:00,27532.46045773044,2.606716156752359,5791.039417416294,433.251,3553.048,0.0,494.86815,0.0,0.0,0.0,261.0155,89.8985,0.0,-3195.4968707302105,36490.36665985675
14-08-2040 23:00:00,27734.157117874474,5.548736051510208,5628.735464566649,431.671,2084.29,0.0,492.1575000000001,0.0,0.0,0.0,260.3435,90.0165,0.0,-4253.869468572182,33893.314946965555
15-08-2040 00:00:00,27505.700358180362,3.8830336110958377,5622.947038711223,433.12699999999995,1616.751,0.0,476.3526000000001,0.0,0.0,0.0,260.543,89.624,0.0,-5362.653131184175,31992.658130306125
15-08-2040 01:00:00,26686.432890714797,1.427744948926603,5623.482029585721,428.371,1488.156,0.0,473.64390000000003,0.0,0.0,0.0,259.8675,89.4475,0.0,-6291.809157920521,30048.313979690545
15-08-2040 02:00:00,25024.262897487584,1.0059112140164703,5428.201590044511,426.755,1133.388,0.0,472.8298500000001,0.0,0.0,0.0,263.949,89.462,0.0,-5527.865835254252,28541.450257488774
15-08-2040 03:00:00,24310.531321975042,6.013834784872662,5123.633916284161,426.365,1265.705,0.0,468.8958000000001,0.0,0.0,0.0,270.485,89.51899999999999,0.0,-5581.148825068525,27552.68107229593
15-08-2040 04:00:00,23181.16539205448,5.992202285646501,5023.108253928018,426.597,1255.983,0.0,467.54220000000004,0.0,0.0,0.0,271.9655,89.1125,0.0,-4973.728188248533,26896.859203725446
15-08-2040 05:00:00,22012.519859441247,6.24097602674735,4785.239032638288,425.01099999999997,1226.749,0.0,470.50965,0.0,0.0,0.0,272.737,89.13799999999999,0.0,-3848.280680962187,26563.753419057037
15-08-2040 06:00:00,20005.72898020305,7.160357243859178,2946.9753064261167,425.293,1387.999,271.97460270492957,469.68360000000007,0.0,0.0,0.0,273.374,90.065,0.0,0.0,26810.153003134234
15-08-2040 07:00:00,18288.259680231076,441.2272704663859,1185.6362516958325,439.829,1378.0379999999998,3482.067812340134,474.00270000000006,0.0,0.0,0.0,276.361,90.103,0.0,0.0,26811.530484764655
15-08-2040 08:00:00,15806.574691518186,5711.239385697128,1113.0178182366944,450.926,1450.533,1371.5120275509234,478.22115,0.0,0.0,0.0,273.3315,88.9145,0.0,0.0,27553.050459079353
15-08-2040 09:00:00,10784.967490730518,11724.630712305507,5730.64684099119,449.43300000000005,1688.112,0.0,476.18820000000005,0.0,0.0,0.0,276.5115,89.2075,0.0,-3044.7312599375437,29591.541368636546
15-08-2040 10:00:00,10018.650454949811,22084.252573806847,14617.275013500883,453.92400000000004,1901.385,0.0,474.2152500000001,0.0,0.0,0.0,275.6005,88.4345,0.0,-12200.0,31125.821550769495
15-08-2040 11:00:00,7991.366662475069,28242.137799309283,16749.853883435542,458.101,2258.236,0.0,471.3391500000001,0.0,0.0,0.0,279.837,88.655,0.0,-12200.0,32430.4551228213
15-08-2040 12:00:00,6667.187240752034,31806.54812003626,17983.420055282855,456.98199999999997,2892.445,0.0,469.20345000000003,0.0,0.0,0.0,280.4285,89.0665,0.0,-12200.0,33108.34087687518
15-08-2040 13:00:00,5945.3681062108335,33748.58074072215,18080.4375807569,455.849,3434.2990000000004,0.0,465.6640500000001,0.0,0.0,0.0,279.1505,88.1975,0.0,-12200.0,34002.89411285276
15-08-2040 14:00:00,6113.847930613571,33931.22737214995,18100.495353380218,452.00199999999995,3627.3979999999997,0.0,464.7585,0.0,0.0,0.0,279.087,87.927,0.0,-12200.0,34569.457180522055
15-08-2040 15:00:00,6860.904220106411,32184.929277179206,17758.28537087509,456.407,3244.684,0.0,463.5019500000001,0.0,0.0,0.0,262.711,88.23700000000001,0.0,-12200.0,33998.67499412412
15-08-2040 16:00:00,7721.238216104666,29184.469580426627,17877.59710623478,457.019,2852.4840000000004,0.0,462.21870000000007,0.0,0.0,0.0,255.545,88.905,0.0,-12200.0,33490.14657043082
15-08-2040 17:00:00,9236.643437168213,24027.909129257325,17551.173739699036,458.17400000000004,2551.469,0.0,461.8212000000001,0.0,0.0,0.0,265.46299999999997,87.65899999999999,0.0,-12200.0,33087.51981238215
15-08-2040 18:00:00,11042.112816346837,17148.75274399465,16999.843717652868,454.657,2267.8920000000003,0.0,457.5660000000001,0.0,0.0,0.0,272.464,88.413,0.0,-12200.0,33101.78119254605
15-08-2040 19:00:00,11512.77961138839,9470.264694976968,15787.387759493518,455.015,2973.592,0.0,457.34685000000013,0.0,0.0,0.0,272.555,88.274,0.0,-10517.021860438213,33158.51163706316
15-08-2040 20:00:00,12612.078622117562,2334.125034003509,9972.282523066126,458.411,3764.2270000000003,1331.1122874487191,459.96900000000005,0.0,0.0,0.0,271.45599999999996,88.82600000000001,0.0,0.0,33307.65759571824
15-08-2040 21:00:00,9148.58605460104,20.05604775897637,6016.087489528751,449.69,4043.635,8000.0,461.2926000000001,0.0,0.0,0.0,272.373,88.133,0.0,0.0,35078.02987111086
15-08-2040 22:00:00,9972.86120349363,2.622871020787447,5031.416890423599,460.035,4148.593,8000.0,464.84370000000007,0.0,0.0,0.0,271.3605,89.7705,0.0,0.0,34828.00077359376
15-08-2040 23:00:00,8618.02867134513,2.886082295094756,4935.191616490223,459.233,3816.617,8000.0,464.71230000000014,0.0,0.0,0.0,267.5615,88.7595,0.0,0.0,32950.93598028908
16-08-2040 00:00:00,11451.08325237614,3.2124261350848577,7099.109293548607,457.335,3051.67,7224.459926699918,462.7182000000001,0.0,0.0,0.0,264.249,88.79899999999999,0.0,0.0,31318.670095000154
16-08-2040 01:00:00,11413.188259546014,1.5791724435097279,12882.822455061641,452.76800000000003,2616.959,0.0,464.65935000000013,0.0,0.0,0.0,261.527,88.845,0.0,0.0,29337.559869735927
16-08-2040 02:00:00,10464.900679218612,1.243868705504238,13421.798345451458,445.76199999999994,1671.059,0.0,463.78770000000003,0.0,0.0,0.0,254.143,88.156,0.0,0.0,27934.018057546327
16-08-2040 03:00:00,9154.100578175967,5.2026160638916386,14111.86368483624,446.57199999999995,1523.22,0.0,462.05745,0.0,0.0,0.0,256.1245,89.2175,0.0,0.0,27140.577850694764
16-08-2040 04:00:00,8240.695110558805,5.819142291837217,14685.656346347401,440.457,1602.644,0.0,461.0278500000001,0.0,0.0,0.0,254.9075,89.8295,0.0,0.0,26766.946281186345
16-08-2040 05:00:00,7602.362890549766,5.537919801897129,15068.507412979638,439.523,1827.3329999999999,0.0,461.83860000000016,448.0838678604214,0.0,0.0,253.4555,87.7425,0.0,0.0,27100.781167662895
16-08-2040 06:00:00,7787.463570469863,5.126902316600075,15068.507412979638,444.81199999999995,2649.6679999999997,0.0,463.0785000000001,1256.4737810821134,0.0,0.0,249.918,88.71700000000001,0.0,0.0,28768.41518648058
16-08-2040 07:00:00,8106.620011411097,278.2372050468784,15068.507412979638,443.164,2844.4040000000005,0.0,470.3130000000001,2434.607283273501,0.0,0.0,247.264,89.836,0.0,0.0,30702.174341202666
16-08-2040 08:00:00,8133.248611700486,4040.0639229785384,15068.507412979638,446.985,2761.9040000000005,0.0,476.7744,803.8900740804729,0.0,0.0,248.3425,90.5285,0.0,0.0,32875.643570912085
16-08-2040 09:00:00,7423.241559365673,11390.484305038764,10511.502605453265,446.36300000000006,3644.9759999999997,0.0,480.5524500000001,0.0,0.0,0.0,245.33599999999998,90.083,0.0,0.0,35404.36951660138
16-08-2040 10:00:00,7107.740024346513,17966.439582303214,5038.487822478532,445.291,3719.468,0.0,479.1573000000001,0.0,0.0,0.0,248.7725,89.9635,0.0,0.0,37136.3757852653
16-08-2040 11:00:00,6982.5914044243555,22994.178522450573,707.8691506052992,436.19800000000004,4100.375,0.0,475.99350000000004,0.0,0.0,0.0,245.8225,89.3745,0.0,0.0,38266.501443468864
16-08-2040 12:00:00,5681.4887601325945,25441.683836555072,0.0,423.519,4311.891,0.0,467.68455000000006,0.0,0.0,0.0,243.662,89.29899999999999,0.0,0.0,39130.89255602241
16-08-2040 13:00:00,5551.193535559334,26280.568905173466,0.0,435.716,4057.242,0.0,470.7084,0.0,0.0,0.0,246.0125,88.4375,0.0,0.0,39718.20563795752
16-08-2040 14:00:00,6273.021050507741,25457.642520842957,0.0,437.839,3728.656,0.0,476.81100000000004,0.0,0.0,0.0,251.5975,89.1235,0.0,0.0,39335.98368678798
16-08-2040 15:00:00,7594.586752162785,23854.717293639158,0.0,445.164,3159.532,0.0,476.09625000000005,0.0,0.0,0.0,255.361,89.069,0.0,0.0,38510.331687653736
16-08-2040 16:00:00,10556.602993430051,20779.711008059498,0.0,446.934,2615.075,0.0,480.90090000000004,0.0,0.0,0.0,257.4395,89.1565,0.0,0.0,37876.44053188942
16-08-2040 17:00:00,13205.749783710999,14342.996053036193,4027.1154060295084,446.832,2189.161,0.0,483.67815,0.0,0.0,0.0,256.7975,88.3805,0.0,0.0,37568.21460244308
16-08-2040 18:00:00,10671.963221517344,6675.908395239089,13563.518397544802,448.421,2378.813,0.0,483.32970000000006,0.0,0.0,0.0,261.3725,88.8045,0.0,0.0,37024.32399707251
16-08-2040 19:00:00,16343.462172461292,4950.276458465457,12457.48177170349,451.439,2562.9320000000002,0.0,484.09005000000013,0.0,0.0,0.0,262.7035,88.3915,0.0,-3359.3022042745215,36576.07704129468
16-08-2040 20:00:00,24401.531766662913,1488.078900350037,8648.197649318841,452.04,2556.768,0.0,488.4835500000001,0.0,0.0,0.0,262.35900000000004,89.15299999999999,0.0,-4087.7672297562312,36211.13591895065
16-08-2040 21:00:00,28386.195400356424,20.267276479617035,5485.761345937295,461.642,2419.549,0.0,488.77125000000007,0.0,0.0,0.0,263.7415,88.8215,0.0,-1783.6420104478493,37398.66755681607
16-08-2040 22:00:00,28515.131346097456,2.913195668602155,4756.7003391025355,459.68199999999996,2044.45,0.0,490.43925,0.0,0.0,0.0,264.07099999999997,90.051,0.0,-2093.93136981922,35920.636835201316
16-08-2040 23:00:00,26702.320064538744,2.1945415674554294,4065.965727704548,453.376,1888.132,0.0,484.10730000000007,0.0,0.0,0.0,260.9865,89.1055,0.0,-1680.0781741454157,33484.32082378918
17-08-2040 00:00:00,23960.46868714674,1.7954974357713347,3250.1660364602576,453.809,1594.596,196.6295029102148,475.9341000000001,0.0,0.0,0.0,260.3775,90.0265,0.0,0.0,31330.897429915574
17-08-2040 01:00:00,22148.196155469108,1.7522324373190132,3193.2815969172516,459.185,1387.655,330.1168198886953,474.0477,0.0,0.0,0.0,259.066,89.874,0.0,0.0,29327.11771827833
17-08-2040 02:00:00,20883.327972659838,0.7138724744633017,2725.1382706875156,456.856,1344.84,827.1904195273455,468.13245000000006,0.0,0.0,0.0,258.988,89.065,0.0,0.0,27950.03002603126
17-08-2040 03:00:00,21020.33473179583,4.120991102583606,2355.8016197416873,457.233,1286.427,369.7005000206882,466.30065,0.0,0.0,0.0,259.8365,89.4055,0.0,0.0,27143.887080126093
17-08-2040 04:00:00,20713.5392213593,6.057099783324984,1569.4878189912997,457.29400000000004,1338.695,1179.220091259278,467.7939,0.0,0.0,0.0,261.501,90.345,0.0,0.0,26822.106924871616
17-08-2040 05:00:00,20231.741400698476,1.6224374419620493,357.680866155104,455.124,1367.8110000000001,3033.162122990634,470.8339500000001,0.0,0.0,0.0,264.518,89.79,0.0,0.0,26882.56620435046
17-08-2040 06:00:00,19639.491936310074,5.462206054605566,260.5405558901839,452.80199999999996,1512.457,4968.6762518500545,473.8240500000001,0.0,0.0,0.0,264.592,89.906,0.0,0.0,28313.47686165925
17-08-2040 07:00:00,19600.471464513466,279.92453998651894,279.8791604526923,455.6,2360.047,5431.69074711018,485.1355500000001,0.0,0.0,0.0,269.596,90.225,0.0,0.0,29965.962674440238
17-08-2040 08:00:00,18654.19504934953,4588.664103353974,282.3523969545495,461.62199999999996,2939.949,3674.201667515401,495.28665,0.0,0.0,0.0,268.0195,90.9425,0.0,0.0,32259.32265275228
17-08-2040 09:00:00,15700.281136124922,10735.298560006933,2400.819786281034,454.57,3565.116,0.0,494.12715000000003,0.0,0.0,0.0,267.8035,90.3285,0.0,0.0,34844.138102950805
17-08-2040 10:00:00,12016.266461904801,11803.179577634575,12854.708110861888,458.102,2356.651,0.0,487.14240000000007,0.0,0.0,0.0,270.2135,88.2925,0.0,-6239.130085643697,36470.84830685972
17-08-2040 11:00:00,20645.480107093972,25782.054315201272,16600.617740471673,461.92400000000004,2282.46,0.0,488.1607500000001,0.0,0.0,0.0,268.2765,87.4255,0.0,-12200.0,37526.8008757581
17-08-2040 12:00:00,21368.261861078114,30037.316957316918,18018.18569178431,451.98400000000004,2467.203,0.0,488.33565000000004,0.0,0.0,0.0,266.6835,86.9565,0.0,-12200.0,38159.35993275966
17-08-2040 13:00:00,21925.99363412094,31776.747449411516,17869.028481900285,455.255,2397.02,0.0,489.49815000000007,0.0,0.0,0.0,267.7495,89.5025,0.0,-12200.0,38602.50949972261
17-08-2040 14:00:00,24044.023712178263,32331.40281982018,17673.598946541577,460.63300000000004,2058.776,0.0,488.4285000000001,0.0,0.0,0.0,268.065,89.62700000000001,0.0,-12200.0,37974.87745978691
17-08-2040 15:00:00,27162.427778226567,30339.098259719878,16343.988757204992,462.651,1735.219,0.0,482.70435000000015,0.0,0.0,0.0,267.16200000000003,87.431,0.0,-12200.0,36742.81406903451
17-08-2040 16:00:00,29533.35296810045,26286.287754587163,15233.189835546247,459.06,1751.148,0.0,477.2830500000001,0.0,0.0,0.0,265.0345,86.7895,0.0,-12200.0,36322.20230373022
17-08-2040 17:00:00,32788.12620720225,20930.719311687277,14345.131294873194,461.825,1781.114,0.0,475.8411000000001,0.0,0.0,0.0,264.976,84.70700000000001,0.0,-12200.0,36183.769677766504
17-08-2040 18:00:00,36203.784705521575,14433.387359730714,12295.423388435593,463.96,2428.062,0.0,477.98625000000004,0.0,0.0,0.0,262.183,83.95100000000001,0.0,-12200.0,35883.27483142166
17-08-2040 19:00:00,36822.91803396541,7434.148970310199,9368.42692155295,467.504,3072.612,0.0,483.42525000000006,0.0,0.0,0.0,266.712,86.42299999999999,0.0,-12200.0,35537.98969864053
17-08-2040 20:00:00,37674.75090660095,1521.4028543262202,6870.080929949996,468.49800000000005,2891.8579999999997,0.0,486.83700000000005,0.0,0.0,0.0,266.5255,86.4305,0.0,-12200.0,35504.32081871369
17-08-2040 21:00:00,35028.77692978565,15.726826937418776,4925.757455450192,470.26,3584.0759999999996,0.0,489.66195000000005,0.0,0.0,0.0,266.814,86.389,0.0,-9670.330479152632,36640.8506691261
17-08-2040 22:00:00,35203.09080270403,1.925292431128299,4055.6868866400328,461.01800000000003,2725.3779999999997,0.0,492.08220000000006,0.0,0.0,0.0,270.23400000000004,89.166,0.0,-9508.40338536333,35048.00166434547
17-08-2040 23:00:00,36538.38844248785,4.867312325886148,3489.2104836054787,461.411,1620.3270000000002,0.0,482.3244,0.0,0.0,0.0,269.8605,90.3595,0.0,-11393.469227939513,32672.394166193568
18-08-2040 00:00:00,35633.75861670898,3.7316061165127135,3173.9342220125545,463.80800000000005,1620.455,0.0,469.59465000000006,0.0,0.0,0.0,263.2965,86.5145,0.0,-11799.30521187566,30922.552802533613
18-08-2040 01:00:00,34940.91608551931,2.0118224280329415,2528.4370357090374,460.38699999999994,1690.3429999999998,0.0,467.3497500000001,0.0,0.0,0.0,259.0535,85.7665,0.0,-12200.0,29021.85953078376
18-08-2040 02:00:00,33639.730901008166,1.0491762124687918,1580.7577087249956,462.63699999999994,1545.406,0.0,465.7387500000001,0.0,0.0,0.0,261.7805,87.7135,0.0,-11550.313415793986,27233.890234454906
18-08-2040 03:00:00,32810.074991948226,4.59690608555914,612.6610250872036,462.819,1355.114,0.0,462.8652000000001,0.0,0.0,0.0,265.731,89.94,0.0,-10186.922320381418,26485.576221658448
18-08-2040 04:00:00,32421.92398302407,5.89485603912878,560.696747521346,461.38599999999997,1137.07,0.0,464.9379,0.0,0.0,0.0,267.599,89.694,0.0,-9994.06463432885,26010.66869108932
18-08-2040 05:00:00,31769.03788895709,5.083637318147754,560.1529863046017,459.967,1125.846,0.0,461.5116000000001,0.0,0.0,0.0,266.2905,88.8995,0.0,-9730.645437550254,25606.284648886693
18-08-2040 06:00:00,31743.051314469878,6.93321600198449,491.6653840241197,447.004,1314.46,0.0,459.8211000000001,0.0,0.0,0.0,265.9155,88.1015,0.0,-9303.228523745016,26136.458096514405
18-08-2040 07:00:00,31779.37991904769,323.51402592723264,300.38422052847454,447.379,1256.612,0.0,464.8923000000001,0.0,0.0,0.0,268.6725,88.0535,0.0,-9241.90825705093,26319.430287170235
18-08-2040 08:00:00,30505.283582238346,4901.87024339994,313.7677627336234,459.832,1522.582,0.0,469.2576000000001,0.0,0.0,0.0,267.421,89.18700000000001,0.0,-11927.853504342092,27302.9577511494
18-08-2040 09:00:00,30089.378494058325,14061.438168243207,1717.8907794456754,458.98199999999997,1672.739,0.0,466.79925000000003,0.0,0.0,0.0,268.6655,90.2205,0.0,-12200.0,29797.630178508978
18-08-2040 10:00:00,28022.94883247264,21972.681092741648,12299.589300983062,455.31,1456.91,0.0,463.74870000000004,0.0,0.0,0.0,268.79400000000004,89.26299999999999,0.0,-12200.0,31883.387716715228
18-08-2040 11:00:00,24597.27706278192,27262.822248502333,16962.946887995553,450.65,1574.776,0.0,462.6711000000001,0.0,0.0,0.0,269.107,90.024,0.0,-12200.0,32958.67524718644
18-08-2040 12:00:00,22578.786616967765,30378.853967035415,17435.75603627847,448.89099999999996,1894.445,0.0,460.45695,0.0,0.0,0.0,269.611,89.795,0.0,-12200.0,33582.75998363099
18-08-2040 13:00:00,20804.467092499974,32616.552135738315,17593.017042360094,446.67900000000003,2283.982,0.0,460.76880000000006,0.0,0.0,0.0,268.274,88.609,0.0,-12200.0,34202.189628224885
18-08-2040 14:00:00,19863.431309637002,33168.47290474496,17473.854402817902,463.478,2508.835,0.0,454.6417500000001,0.0,0.0,0.0,269.8155,89.9355,0.0,-12200.0,34164.70151959171
18-08-2040 15:00:00,19695.15093220907,31514.88466389724,17302.613471261167,454.673,2446.5789999999997,0.0,453.3714,0.0,0.0,0.0,268.5855,89.7065,0.0,-12200.0,33140.98566635415
18-08-2040 16:00:00,20165.488979063437,27795.890294433386,16675.998831725476,458.74699999999996,2258.407,0.0,452.3565000000001,0.0,0.0,0.0,270.58299999999997,89.89,0.0,-12200.0,32575.947760630494
18-08-2040 17:00:00,21682.402568359117,22561.582619175417,15054.651979274757,452.86199999999997,2303.221,0.0,450.82425000000006,0.0,0.0,0.0,267.599,89.37899999999999,0.0,-12200.0,32240.8960925139
18-08-2040 18:00:00,23459.638282313932,15990.018739253881,14452.138240118977,453.874,2772.926,0.0,450.58995000000004,0.0,0.0,0.0,268.715,88.493,0.0,-12200.0,32120.336132608754
18-08-2040 19:00:00,25504.153978868435,8971.916810305938,13161.573614280001,453.767,3847.699,0.0,449.28780000000006,0.0,0.0,0.0,270.157,88.527,0.0,-12200.0,32162.18583241575
18-08-2040 20:00:00,26208.131403338157,1946.0163653869606,8656.020794565877,456.70099999999996,4328.338,0.0,450.59220000000005,0.0,0.0,0.0,269.065,89.926,0.0,-11697.291322635396,32542.67839873526
18-08-2040 21:00:00,27449.805437137195,15.0670357110209,5415.852948219574,454.315,4404.457,0.0,453.2193000000001,0.0,0.0,0.0,268.5335,89.1345,0.0,-5676.66725567108,34356.482078469686
18-08-2040 22:00:00,28149.284813366314,2.476921161395395,4848.753850888432,451.292,4172.531,0.0,455.8219500000001,0.0,0.0,0.0,268.8445,89.4065,0.0,-6441.420164050072,33332.655000007326
18-08-2040 23:00:00,27658.1737509485,4.943026073177711,4652.096467620984,445.05199999999996,2766.395,0.0,454.31115000000005,0.0,0.0,0.0,268.082,90.065,0.0,-6210.733439407071,31362.112659063532
19-08-2040 00:00:00,26586.798994991495,3.8397686126435167,4223.831887398352,445.11800000000005,1574.215,0.0,449.3713500000001,0.0,0.0,0.0,268.2125,90.2265,0.0,-5258.617005117685,29498.431347827252
19-08-2040 01:00:00,25497.215459054474,2.001006178419861,3841.7256182017154,444.039,1425.8120000000001,0.0,448.13145000000003,0.0,0.0,0.0,266.2165,90.3725,0.0,-5197.006705717173,27836.00073517922
19-08-2040 02:00:00,24853.58845999007,0.9842787147903099,3178.1352159288654,447.05,1297.0739999999998,0.0,446.9413500000001,0.0,0.0,0.0,266.941,89.833,0.0,-5143.806715708724,26344.385656508126
19-08-2040 03:00:00,24560.84789994594,5.624449798801772,1873.5117315349344,446.986,1325.529,0.0,446.91735000000006,0.0,0.0,0.0,266.7095,90.5975,0.0,-4417.411658640322,25337.782492291397
19-08-2040 04:00:00,24265.10993028317,5.8299585414502975,1105.9226113926852,447.958,1372.469,0.0,446.8026000000001,0.0,0.0,0.0,268.1115,90.5765,0.0,-3885.4119965022583,24758.645766347796
19-08-2040 05:00:00,23467.95754436513,6.057099783324984,780.6218486592115,446.23,1340.585,0.0,445.65825000000007,0.0,0.0,0.0,267.94599999999997,89.811,0.0,-2960.443789066143,24490.725403236152
19-08-2040 06:00:00,23492.466685982243,6.93321600198449,296.25338934981846,448.839,1470.275,0.0,447.9213000000001,0.0,0.0,0.0,270.439,90.365,0.0,-2357.9803464811303,24732.42153666926
19-08-2040 07:00:00,23143.100223710524,329.49541196326606,276.10791330444044,443.374,1486.6960000000001,0.0,441.51990000000006,0.0,0.0,0.0,267.6855,90.3595,0.0,-2469.231855282822,24590.093795892644
19-08-2040 08:00:00,21611.7139804885,4975.777677006118,281.0719269925903,443.219,1536.54,0.0,437.1193500000001,0.0,0.0,0.0,267.539,90.88600000000001,0.0,-5248.05525175752,25028.88363163537
19-08-2040 09:00:00,19034.59146951839,14292.073058742919,1615.733833439357,442.585,1948.193,0.0,435.70770000000005,0.0,0.0,0.0,265.5305,89.5265,0.0,-11885.87677537833,27101.922063196384
19-08-2040 10:00:00,17559.2509847268,22494.727380316966,12014.956615055155,438.603,1701.152,0.0,431.3700000000001,0.0,0.0,0.0,268.0965,89.8105,0.0,-12200.0,28687.915651026713
19-08-2040 11:00:00,17029.865902198053,28308.95909482985,17097.361152632628,437.00699999999995,1878.725,0.0,433.4593500000001,0.0,0.0,0.0,267.5105,89.8845,0.0,-12200.0,30077.257089530227
19-08-2040 12:00:00,17020.81565896244,31801.48282989503,17751.654992167954,438.309,2011.53,0.0,434.7430500000001,0.0,0.0,0.0,266.16,88.696,0.0,-12200.0,30860.002191235646
19-08-2040 13:00:00,16071.843508954396,33440.95586499768,17995.531897868263,443.986,2378.384,0.0,436.15935000000013,0.0,0.0,0.0,263.683,87.824,0.0,-12200.0,31727.417216339472
19-08-2040 14:00:00,15472.001896073898,33265.60282627042,17735.70173969667,440.788,2840.8790000000004,0.0,434.2017000000001,0.0,0.0,0.0,265.3595,88.6685,0.0,-12200.0,32324.25102872257
19-08-2040 15:00:00,16138.85398515105,32431.51855360735,17425.88063095539,440.54400000000004,2631.5640000000003,0.0,433.51200000000006,0.0,0.0,0.0,267.911,89.85700000000001,0.0,-12200.0,31806.82607500684
19-08-2040 16:00:00,17550.397990382222,29691.264979131898,16934.294180011144,441.592,2731.8140000000003,0.0,433.04865000000007,0.0,0.0,0.0,266.9165,89.5855,0.0,-12200.0,31103.050510930327
19-08-2040 17:00:00,19751.45582153557,25083.25060522013,17232.748925254447,446.08099999999996,2701.688,0.0,433.93230000000005,0.0,0.0,0.0,264.759,88.56200000000001,0.0,-12200.0,30813.31661208882
19-08-2040 18:00:00,21656.941990914664,18533.297592025523,16787.934709290566,442.749,2809.888,0.0,433.3620000000001,0.0,0.0,0.0,266.7825,88.2825,0.0,-12200.0,30713.265988454667
19-08-2040 19:00:00,23518.88643450466,10060.10723512911,14883.08654505643,434.08,2797.179,0.0,439.8165000000001,0.0,0.0,0.0,267.6945,88.6965,0.0,-12200.0,31020.545201522575
19-08-2040 20:00:00,25638.383783028723,1907.1427642775498,8980.163872128265,442.148,3208.947,0.0,440.28075000000007,0.0,0.0,0.0,265.066,87.76899999999999,0.0,-11352.1614044692,31456.039571490564
19-08-2040 21:00:00,28101.86772701222,14.017859498552106,5948.256571786886,435.014,3880.901,0.0,446.7763500000001,0.0,0.0,0.0,261.1545,83.2665,0.0,-7035.518066343804,33659.26880265735
19-08-2040 22:00:00,29766.795337088566,3.2124261350848577,5419.948698029417,431.236,3561.704,0.0,443.0835000000001,0.0,0.0,0.0,258.644,84.023,0.0,-7591.057594999289,33776.724500017
19-08-2040 23:00:00,30164.425895658223,5.58118480034945,5296.523672175477,436.99699999999996,2655.165,0.0,444.00225000000006,0.0,0.0,0.0,254.1165,83.5835,0.0,-8589.979604475346,32056.25961538371
20-08-2040 00:00:00,29393.174996470472,1.7738649365451737,5017.600479023153,429.851,1587.283,0.0,440.6532000000001,0.0,0.0,0.0,250.52200000000002,84.944,0.0,-8533.945529541932,29871.66228333188
20-08-2040 01:00:00,28379.37371094308,1.3628474512481215,4503.860143668513,421.78,1452.4389999999999,0.0,439.4094,0.0,0.0,0.0,251.33900000000003,85.60700000000001,0.0,-8630.062866915421,27993.550708145518
20-08-2040 02:00:00,27302.731249307908,7.647088476447793,3547.25260831957,414.606,1202.813,0.0,437.4204000000001,0.0,0.0,0.0,254.332,87.538,0.0,-7484.07087943759,26717.650443168153
20-08-2040 03:00:00,26334.533133862165,2.725694902496243,1648.648927735514,425.111,1183.598,0.0,439.17660000000006,0.0,0.0,0.0,256.3335,89.5215,0.0,-4987.618415209527,26107.280260531395
20-08-2040 04:00:00,25487.37235262942,6.489749767848197,681.2626418163709,418.994,1204.325,0.0,441.8170500000001,0.0,0.0,0.0,250.0665,90.0505,0.0,-3357.128003422291,25824.1499409238
20-08-2040 05:00:00,24499.32558407036,1.5791724435097279,306.2428091215552,417.431,1262.5430000000001,0.0,444.5262,0.0,0.0,0.0,247.2405,89.7115,0.0,-1785.9481241738722,26056.069786285345
20-08-2040 06:00:00,24219.178012049793,5.0079235708561916,308.4090836462274,423.874,1696.075,0.0,455.9367000000001,0.0,0.0,0.0,251.71900000000002,89.805,0.0,-213.03869929910798,27863.270630767307
20-08-2040 07:00:00,23562.629276810105,344.3785714308646,303.9976015170105,429.926,3160.7670000000003,864.9994082499688,469.6632,0.0,0.0,0.0,247.6865,90.5165,0.0,0.0,30171.93951510642
20-08-2040 08:00:00,21256.571066966677,5558.822774536579,318.372192391369,433.838,3505.3579999999997,0.0,479.26530000000014,0.0,0.0,0.0,244.4575,89.9325,0.0,0.0,32679.45417803903
20-08-2040 09:00:00,17993.99317414102,15471.4254643467,2215.8181878043106,432.077,3697.3459999999995,0.0,475.3140000000001,0.0,0.0,0.0,243.8955,89.8815,0.0,-6011.325089018601,35709.609848541455
20-08-2040 10:00:00,16698.654723012685,24293.77216817708,10779.531130660354,432.289,4047.482,0.0,475.0429500000001,0.0,0.0,0.0,239.75900000000001,88.175,0.0,-12200.0,37585.5151467767
20-08-2040 11:00:00,15620.6393840555,30091.28330454884,14361.058236317855,418.509,4178.49,0.0,468.4404,0.0,0.0,0.0,237.7165,88.3605,0.0,-12200.0,38832.99085697591
20-08-2040 12:00:00,15212.630040686798,33699.22272121679,15397.335560258973,417.04400000000004,3957.3540000000003,0.0,466.8507,0.0,0.0,0.0,239.6605,87.4025,0.0,-12200.0,39943.448621913645
20-08-2040 13:00:00,15026.371058909186,35467.40548338092,15145.20576254357,420.655,4415.789000000001,0.0,469.87905000000006,0.0,0.0,0.0,244.4815,88.1495,0.0,-12200.0,40762.353081405934
20-08-2040 14:00:00,14787.69504015071,35415.267123130754,16531.253103970666,424.606,4320.55,0.0,471.96450000000004,0.0,0.0,0.0,247.3625,87.2435,0.0,-12200.0,40481.98962876218
20-08-2040 15:00:00,15049.239497701603,33616.40622649484,16813.456405107747,428.962,4236.359,0.0,469.03155000000004,0.0,0.0,0.0,256.08799999999997,86.37899999999999,0.0,-12200.0,39706.94175900289
20-08-2040 16:00:00,15537.531071119107,30826.27894722852,16840.793561761384,429.781,4490.201,0.0,465.54795,0.0,0.0,0.0,253.22099999999998,87.785,0.0,-12200.0,39403.84558156397
20-08-2040 17:00:00,17103.69113415341,25564.573712934645,16369.19472070277,428.652,4369.214,0.0,466.93620000000004,0.0,0.0,0.0,255.0755,87.9655,0.0,-12200.0,39226.066009346956
20-08-2040 18:00:00,18661.825874091523,18739.249800904938,14588.631075858662,428.788,4745.571,0.0,469.1700000000001,0.0,0.0,0.0,257.8545,87.4645,0.0,-12200.0,38723.14832166004
20-08-2040 19:00:00,20411.481551932608,9500.279787655178,11552.233360308222,433.144,5556.894,0.0,473.4385500000001,0.0,0.0,0.0,260.45799999999997,88.64200000000001,0.0,-12200.0,38263.43475198596
20-08-2040 20:00:00,22452.087079294535,1580.1675384741307,7240.022734507977,432.43699999999995,5614.215,0.0,475.57935000000015,0.0,0.0,0.0,259.9165,88.4505,0.0,-1680.9868508576437,38206.94944935231
20-08-2040 21:00:00,25006.06958800883,10.740535865788766,5550.986380917457,441.125,4714.058,1139.7971571650014,479.26965000000007,0.0,0.0,0.0,260.404,88.031,0.0,0.0,39259.96515152853
20-08-2040 22:00:00,25081.299586650384,3.9278608302454607,5175.571882823424,444.10900000000004,4637.704000000001,0.0,483.6528000000001,0.0,0.0,0.0,255.6265,88.4215,0.0,0.0,37599.456614922754
20-08-2040 23:00:00,25501.039507329966,8.019555077301908,5052.041612863017,444.27099999999996,3817.5290000000005,0.0,480.711,0.0,0.0,0.0,252.618,88.755,0.0,-2162.295104084267,34799.07403134569
21-08-2040 00:00:00,25349.468356990987,0.4841192108359439,4352.913783974625,440.148,2302.4339999999997,0.0,468.42255000000006,0.0,0.0,0.0,248.61599999999999,90.126,0.0,-2037.7901643813893,32373.41481003571
21-08-2040 01:00:00,24511.582826687758,4.245102093104449,2932.8725961601303,443.457,1603.839,0.0,468.64470000000006,0.0,0.0,0.0,246.7135,90.0435,0.0,-1015.3979580829473,30224.694866806185
21-08-2040 02:00:00,22273.197805629316,1.9361086807413788,2482.19102126098,444.909,1379.276,666.298992458389,469.74015,0.0,0.0,0.0,245.3135,89.5645,0.0,0.0,28906.376500204038
21-08-2040 03:00:00,20603.91138182368,1.114073710147274,1477.995609106525,440.288,1260.2269999999999,2762.6425807899686,467.2101000000001,0.0,0.0,0.0,250.2745,89.4575,0.0,0.0,28075.129388673624
21-08-2040 04:00:00,18871.296461120666,3.7099736172865527,726.0264684317517,442.866,1462.595,4690.725248695748,466.8760500000001,0.0,0.0,0.0,253.88299999999998,89.794,0.0,0.0,27637.966640333383
21-08-2040 05:00:00,17203.572557942036,3.147528637406376,646.5496273681347,443.05,1527.265,6682.054003914778,466.6464,0.0,0.0,0.0,255.8345,90.0925,0.0,0.0,27950.380441288034
21-08-2040 06:00:00,14859.660118177382,10.437680876622517,145.57891026430298,443.38300000000004,2622.745,8000.0,465.9115500000001,0.0,0.0,0.0,254.076,89.369,0.0,0.0,29567.07442311197
21-08-2040 07:00:00,12822.69789386183,309.4853501790675,7221.494895246378,443.724,3560.764,920.4010266787991,476.96145000000007,0.0,0.0,0.0,252.9305,90.0155,0.0,0.0,31786.098752174854
21-08-2040 08:00:00,10735.924523122598,5359.505764529368,7158.460440049239,448.971,3621.679,0.0,479.1550500000001,0.0,0.0,0.0,252.5635,90.0855,0.0,0.0,33926.698138020634
21-08-2040 09:00:00,8624.823789156022,15510.631740152552,2947.7184137199274,443.79,4308.678,0.0,478.06380000000007,0.0,0.0,0.0,254.6835,88.2165,0.0,0.0,36804.52137737374
21-08-2040 10:00:00,7557.6554232406725,23233.326242076862,0.0,443.48,4359.982,0.0,475.6648500000001,0.0,0.0,0.0,252.87400000000002,87.484,0.0,0.0,38846.00234832585
21-08-2040 11:00:00,2934.3817435576184,11370.712325939467,17155.907238010434,443.023,4519.034000000001,0.0,469.6383000000001,0.0,0.0,0.0,249.4765,84.7955,0.0,0.0,40152.139878852344
21-08-2040 12:00:00,3400.580262963658,15510.424237117715,18390.34639292024,438.602,5121.7390000000005,0.0,467.74665000000005,0.0,0.0,0.0,253.2175,87.0475,0.0,-5235.72621171466,41468.54286524519
21-08-2040 13:00:00,6608.734924000622,32635.3621122834,18477.52359444002,442.957,4946.0740000000005,0.0,470.33445000000006,0.0,0.0,0.0,255.8035,87.2975,0.0,-12200.0,42240.152424793814
21-08-2040 14:00:00,7154.926264906668,35239.093085812514,18448.248192159022,442.444,4391.678,0.0,475.46340000000004,0.0,0.0,0.0,258.096,86.899,0.0,-12200.0,41845.533510941204
21-08-2040 15:00:00,7936.961284775502,33464.68144952767,17870.04584159609,444.70300000000003,3450.823,0.0,473.60715000000005,0.0,0.0,0.0,256.8855,86.3495,0.0,-12200.0,40849.53729007036
21-08-2040 16:00:00,9836.13329255838,29846.639860535095,17937.463462127547,441.344,3216.6620000000003,0.0,473.4559500000001,0.0,0.0,0.0,255.9855,86.3185,0.0,-12200.0,40535.753447299656
21-08-2040 17:00:00,11766.531899954467,24693.62218777085,17196.8080628975,437.815,3915.836,0.0,473.5762500000001,0.0,0.0,0.0,253.62900000000002,85.507,0.0,-12200.0,40467.96111478799
21-08-2040 18:00:00,12970.553228570658,17834.621792295944,16131.965734394034,437.289,3591.506,0.0,478.5877500000001,0.0,0.0,0.0,254.445,85.916,0.0,-12200.0,39883.38179264276
21-08-2040 19:00:00,14087.368794596807,8787.002186222642,13573.5955207386,435.92800000000005,3534.5820000000003,0.0,481.1380500000001,0.0,0.0,0.0,249.9605,86.7585,0.0,-4552.901947208893,39145.528530839794
21-08-2040 20:00:00,9226.258591912801,860.0331947238494,8299.981656652188,451.51599999999996,4063.672,8000.0,482.3457000000001,0.0,0.0,0.0,250.525,86.302,0.0,0.0,38557.11584434093
21-08-2040 21:00:00,13670.043993065705,8.468361399013986,5553.175394851591,454.978,4951.3859999999995,8000.0,484.44180000000006,0.0,0.0,0.0,249.2245,86.4185,0.0,0.0,39990.10369782156
21-08-2040 22:00:00,13772.02242969132,1.6038949004746923,4753.359162360921,442.661,3994.272,8000.0,482.9781000000001,0.0,0.0,0.0,250.206,88.178,0.0,0.0,38134.833840710875
21-08-2040 23:00:00,12790.263987975582,8.28524720361953,12697.31433212777,446.384,2913.861,4374.949931064415,475.3431000000001,0.0,0.0,0.0,252.4265,88.3235,0.0,0.0,35244.59392316661
22-08-2040 00:00:00,10915.014913304176,0.5732612294932574,15068.507412979638,444.22,2658.278,0.0,462.25035000000014,2051.5195745919227,0.0,0.0,249.5605,88.4125,0.0,0.0,33041.56035911774
22-08-2040 01:00:00,9472.205025031693,4.207521099488249,15068.507412979638,444.652,2306.268,0.0,463.0090500000001,1643.398854272633,0.0,0.0,249.0115,85.4905,0.0,0.0,30782.180988954606
22-08-2040 02:00:00,9072.961666705945,1.7738649365451737,15068.507412979638,438.594,1801.501,0.0,469.88820000000004,1268.6426349571157,0.0,0.0,243.0515,77.2075,0.0,0.0,29445.599738030185
22-08-2040 03:00:00,7962.639923833305,1.4601936977658445,15068.507412979638,420.541,1535.33,0.0,469.88295000000005,1908.876676294156,0.0,0.0,242.19400000000002,76.252,0.0,0.0,28622.040186687227
22-08-2040 04:00:00,6989.947627772273,3.104263638954054,15068.507412979638,424.48199999999997,1502.8770000000002,0.0,469.57335000000006,2650.713320457795,0.0,0.0,245.967,77.315,0.0,0.0,28232.847501444645
22-08-2040 05:00:00,5894.175891332268,2.7148786528831628,15068.507412979638,423.004,1657.381,0.0,467.2545000000001,3783.43833310252,0.0,0.0,247.7445,77.0815,0.0,0.0,28344.064542465192
22-08-2040 06:00:00,5224.937477436156,8.912589681178192,15068.507412979638,420.717,2376.076,0.0,471.0970500000001,5341.131073240238,0.0,0.0,255.31099999999998,83.64399999999999,0.0,0.0,29973.87342905879
22-08-2040 07:00:00,4804.542076266157,292.8391420245369,15068.507412979638,416.292,3424.053,0.0,479.57040000000006,6748.482001907163,0.0,0.0,257.6445,84.8035,0.0,0.0,32354.130067209862
22-08-2040 08:00:00,4532.207107380602,4742.3089291077795,15068.507412979638,420.60400000000004,3157.228,0.0,484.57470000000006,5018.649782691402,0.0,0.0,252.395,83.73899999999999,0.0,0.0,34613.81335378996
22-08-2040 09:00:00,3520.3125611331866,14058.106763362379,14046.133527754007,423.476,3418.327,0.0,483.9276000000001,0.0,0.0,0.0,245.3545,83.2705,0.0,0.0,37423.730059480884
22-08-2040 10:00:00,3176.469067810374,22561.398742931997,6687.241841188001,420.495,3520.248,0.0,482.12925000000007,0.0,0.0,0.0,234.4485,84.0915,0.0,0.0,39138.55110093382
22-08-2040 11:00:00,3397.066812865695,28665.78716956537,1254.6881244363317,416.936,3795.991,0.0,478.5687000000001,0.0,0.0,0.0,241.222,83.32700000000001,0.0,0.0,40622.76654023356
22-08-2040 12:00:00,3396.310981757075,30440.53636763266,0.0,415.12,4187.4529999999995,0.0,475.84185000000014,0.0,0.0,0.0,245.3875,83.0045,0.0,0.0,41738.32095000477
22-08-2040 13:00:00,3714.798896617356,31070.236343182965,0.0,409.73900000000003,4097.076,0.0,471.3877500000001,0.0,0.0,0.0,244.577,82.531,0.0,0.0,42727.71284766029
22-08-2040 14:00:00,4533.955201886316,29733.169616416497,0.0,415.75699999999995,4224.732,0.0,471.68715000000003,0.0,0.0,0.0,246.518,82.977,0.0,0.0,42397.52681814101
22-08-2040 15:00:00,6942.825367336502,26558.666724167833,0.0,404.584,4119.112,0.0,471.9265500000001,0.0,0.0,0.0,244.453,80.691,0.0,0.0,41532.15141814642
22-08-2040 16:00:00,9996.917958911006,23462.91348788899,0.0,406.13199999999995,3870.98,0.0,475.28625000000005,0.0,0.0,0.0,238.9545,74.7445,0.0,0.0,41213.75154255052
22-08-2040 17:00:00,13514.744934653665,19901.956607280892,0.0,421.05400000000003,3659.5429999999997,0.0,474.76320000000004,0.0,0.0,0.0,242.6445,76.7375,0.0,0.0,40955.95825475791
22-08-2040 18:00:00,15143.62890400854,13562.592736087941,0.0,440.04900000000004,3479.7209999999995,4327.032073057446,482.06880000000007,0.0,0.0,0.0,250.312,81.69800000000001,0.0,0.0,40270.58172360663
22-08-2040 19:00:00,13424.10202736933,5898.641726493358,4979.1243548858565,435.556,3831.8740000000003,8000.0,483.75915000000003,0.0,0.0,0.0,261.1785,85.1555,0.0,0.0,39505.389747932684
22-08-2040 20:00:00,12566.135101008247,747.2622370188807,11838.008757024589,444.70300000000003,4478.532999999999,6447.777256290974,487.9003500000001,0.0,0.0,0.0,263.9325,87.2375,0.0,0.0,39000.19845297457
22-08-2040 21:00:00,10505.317363753704,9.52911590912377,15068.507412979638,442.75,5225.137,0.0,491.95875000000007,6782.9202227142705,0.0,0.0,267.80400000000003,87.70700000000001,0.0,0.0,40414.26351059841
22-08-2040 22:00:00,9371.929103506203,2.5850836575261984,15068.507412979638,442.397,4794.436,0.0,490.8118500000001,6382.746679221473,0.0,0.0,267.9995,88.4545,0.0,0.0,38276.80112248131
22-08-2040 23:00:00,8076.324902323692,8.469123447041897,15068.507412979638,441.80800000000005,4573.093,0.0,486.1975500000001,5237.069313564236,0.0,0.0,269.947,88.21,0.0,0.0,35412.1162233131
23-08-2040 00:00:00,6819.400821910124,0.49754748220169515,15068.507412979638,438.119,4360.41,0.0,476.58240000000006,4806.165350256524,0.0,0.0,271.144,88.35799999999999,0.0,0.0,33317.90594001152
23-08-2040 01:00:00,5564.572994416941,3.4503836265726253,15068.507412979638,435.52,2909.907,0.0,475.30740000000003,5370.827054572837,0.0,0.0,273.6605,89.9415,0.0,0.0,31103.5843176113
23-08-2040 02:00:00,4991.054439425997,1.6224374419620493,15068.507412979638,437.32,2499.979,0.0,473.9980500000001,4982.092920957133,0.0,0.0,266.3685,89.7885,0.0,0.0,29612.52387710141
23-08-2040 03:00:00,4733.223065469303,0.9734624651772297,15068.507412979638,431.23199999999997,1889.6779999999999,0.0,474.5553000000001,5165.6318866697075,0.0,0.0,257.118,88.14200000000001,0.0,0.0,28874.45634864462
23-08-2040 04:00:00,4957.5917452061285,3.3422211304418217,15068.507412979638,439.74699999999996,1382.6870000000001,0.0,473.9248500000001,4942.152103742941,0.0,0.0,258.274,89.056,0.0,0.0,28352.721138474215
23-08-2040 05:00:00,5159.15690608947,2.5850836575261984,15068.507412979638,443.23400000000004,1561.386,0.0,474.5436000000001,4775.473521246193,0.0,0.0,256.439,87.385,0.0,0.0,28513.62869966523
23-08-2040 06:00:00,5580.905976119496,8.55565344394654,15068.507412979638,435.667,3262.395,0.0,474.02610000000016,4352.592164962476,0.0,0.0,256.501,87.90299999999999,0.0,0.0,30214.652977361635
23-08-2040 07:00:00,5958.223766538119,264.2193455483263,15068.507412979638,435.519,4069.739,0.0,484.59435000000013,5116.319502108145,0.0,0.0,254.63299999999998,88.94,0.0,0.0,32492.3528904084
23-08-2040 08:00:00,5531.021344814842,4427.858920356308,15068.507412979638,450.219,4650.46,0.0,493.5042,2823.1622904641954,0.0,0.0,253.668,88.62899999999999,0.0,0.0,34625.34320610831
23-08-2040 09:00:00,4445.823695984304,14145.036961502705,11468.749314268014,446.582,5097.84,0.0,486.76365000000004,0.0,0.0,0.0,256.1205,89.3065,0.0,0.0,37501.06841780936
23-08-2040 10:00:00,4063.068024373687,22634.64638531178,4297.020979441916,439.796,4791.201,0.0,484.28625000000005,0.0,0.0,0.0,256.8745,89.2925,0.0,0.0,39110.317005403536
23-08-2040 11:00:00,3856.5000879911668,27237.498040473147,0.0,438.485,5182.378,0.0,479.5296000000001,0.0,0.0,0.0,260.2735,88.9845,0.0,0.0,40366.729792613514
23-08-2040 12:00:00,3362.436639328879,29216.041594401187,0.0,443.42,4719.715999999999,0.0,477.50565,0.0,0.0,0.0,257.7565,87.3825,0.0,0.0,41554.757666097306
23-08-2040 13:00:00,3511.6660335380802,30800.052665646115,0.0,440.751,4028.63,0.0,479.23170000000005,0.0,0.0,0.0,248.40200000000002,85.103,0.0,0.0,42563.46704176191
23-08-2040 14:00:00,4757.9853056768125,29663.450955194196,0.0,437.694,3683.699,0.0,484.81200000000007,0.0,0.0,0.0,246.597,84.08,0.0,0.0,42243.29574636473
23-08-2040 15:00:00,7269.627929825144,26574.82179322022,0.0,442.889,3392.2529999999997,0.0,481.65315000000004,0.0,0.0,0.0,253.7375,86.7055,0.0,0.0,41294.08256620893
23-08-2040 16:00:00,11399.10267109368,22549.91832009909,0.0,442.707,2934.3759999999997,0.0,481.3843500000001,0.0,0.0,0.0,254.625,86.831,0.0,0.0,40898.877394984025
23-08-2040 17:00:00,15216.734044321081,18309.68804946014,0.0,441.08099999999996,3086.514,0.0,484.9152000000001,0.0,0.0,0.0,255.03599999999997,88.46600000000001,0.0,0.0,40441.78673186575
23-08-2040 18:00:00,18867.301204170933,12878.053930575315,0.0,444.01300000000003,2902.732,1757.420920011893,491.36895000000004,0.0,0.0,0.0,255.606,88.50399999999999,0.0,0.0,39915.793343941245
23-08-2040 19:00:00,21797.166614312206,6486.158772976654,0.0,447.904,2668.763,5151.433721114532,493.82295000000005,0.0,0.0,0.0,258.428,88.31,0.0,0.0,39245.54232739281
23-08-2040 20:00:00,21962.612022384714,1030.1720618986096,1650.1100182281116,450.12800000000004,3549.031,8000.0,494.68245,0.0,0.0,0.0,258.7885,87.3585,0.0,0.0,39121.820074390154
23-08-2040 21:00:00,22879.80389518464,6.587096014365921,9445.021036483548,447.347,4106.535,1144.437588856501,497.28705000000014,0.0,0.0,0.0,258.9755,88.4285,0.0,0.0,40393.63550928822
23-08-2040 22:00:00,23355.548882228482,1.7089674388666922,8918.4196989741,443.11699999999996,3447.785,0.0,494.6695500000001,0.0,0.0,0.0,259.194,87.905,0.0,0.0,38354.01746785412
23-08-2040 23:00:00,21528.014701060372,8.166268457875649,9078.918980431172,444.865,2318.407,0.0,491.1570000000001,0.0,0.0,0.0,258.8205,87.6855,0.0,0.0,35359.436385729154
24-08-2040 00:00:00,20607.94144740125,0.5516287302670967,8795.32322564421,443.41,1704.1989999999998,0.0,480.13965,0.0,0.0,0.0,254.4295,86.9045,0.0,0.0,33239.58217826987
24-08-2040 01:00:00,19291.467540022433,5.029556070082354,8138.891363378902,442.5,1572.7220000000002,0.0,479.31060000000014,0.0,0.0,0.0,254.183,86.834,0.0,0.0,31031.660656180557
24-08-2040 02:00:00,18318.690156204484,1.8279461846105756,7877.308763066776,442.801,1384.144,0.0,478.97175000000004,0.0,0.0,0.0,257.066,87.273,0.0,0.0,29548.503530474834
24-08-2040 03:00:00,18022.36817511925,1.3412149520219607,7678.921014929831,441.961,1258.93,0.0,478.4899500000001,0.0,0.0,0.0,258.884,89.081,0.0,0.0,28863.757523591303
24-08-2040 04:00:00,18567.64919769003,3.6018111211557495,6692.374306314148,446.214,1258.3210000000001,0.0,480.71745000000004,0.0,0.0,0.0,249.08700000000002,88.324,0.0,0.0,28371.71126465106
24-08-2040 05:00:00,18856.054149756765,2.6391649055916,6516.602560050185,443.671,1261.747,0.0,481.22040000000004,0.0,0.0,0.0,257.0,87.023,0.0,0.0,28500.194626859146
24-08-2040 06:00:00,18578.25809392733,9.258709668796762,7948.957449862224,444.626,1599.6979999999999,0.0,484.6201500000001,0.0,0.0,0.0,265.253,87.477,0.0,0.0,30052.985811123566
24-08-2040 07:00:00,18081.701415066895,236.09709655431746,9003.739908733176,443.10900000000004,2888.5170000000003,0.0,497.5078500000001,0.0,0.0,0.0,275.2415,88.1115,0.0,0.0,32213.585277946775
24-08-2040 08:00:00,16806.816082693425,4855.652408803247,7197.345268114594,445.824,3323.215,0.0,503.15340000000003,0.0,0.0,0.0,274.7225,87.8545,0.0,0.0,34283.54771825693
24-08-2040 09:00:00,14566.068680564085,15061.876359955459,1067.0253970115682,440.699,3931.869,0.0,501.41415000000006,0.0,0.0,0.0,271.4655,88.6835,0.0,0.0,36962.8625745982
24-08-2040 10:00:00,11717.839683381835,19624.7659588618,0.0,443.974,3775.813,0.0,500.2315500000001,0.0,0.0,0.0,270.9615,88.0865,0.0,0.0,38692.742544315384
24-08-2040 11:00:00,9839.769147195522,22160.714077580928,0.0,442.499,3890.792,0.0,498.0712500000001,0.0,0.0,0.0,273.48,88.405,0.0,0.0,40006.790829460486
24-08-2040 12:00:00,9188.801547885667,24332.68123455449,0.0,442.95599999999996,3407.869,0.0,499.7790000000001,0.0,0.0,0.0,267.062,88.44200000000001,0.0,0.0,41144.263676344155
24-08-2040 13:00:00,9025.631669789496,25044.395088772377,0.0,445.744,3710.9190000000003,0.0,501.52125000000007,0.0,0.0,0.0,265.9065,87.1275,0.0,0.0,42032.25425206686
24-08-2040 14:00:00,11018.103075497895,28545.98662230072,0.0,436.217,3353.696,0.0,501.5097,0.0,0.0,0.0,268.817,85.199,0.0,-5416.025531021894,41719.77870065295
24-08-2040 15:00:00,15370.57249820735,33031.84944421749,0.0,443.194,2698.468,0.0,499.48755000000006,0.0,0.0,0.0,271.985,87.713,0.0,-12200.0,40815.264297216716
24-08-2040 16:00:00,18533.32179879258,29686.52930206259,6567.1709818318195,450.37699999999995,2376.93,0.0,499.2673500000001,0.0,0.0,0.0,271.9365,87.2505,0.0,-12200.0,40471.66949026023
24-08-2040 17:00:00,20356.722887095482,24571.77953927357,13408.362273592444,451.314,2453.6220000000003,0.0,497.28795,0.0,0.0,0.0,264.5535,87.3695,0.0,-12200.0,40173.18004587857
24-08-2040 18:00:00,22201.402448344284,16975.542786639206,12170.30568653607,452.962,2635.953,0.0,498.44430000000006,0.0,0.0,0.0,258.251,88.775,0.0,-12200.0,39703.90110687028
24-08-2040 19:00:00,22817.72411116145,8150.725317823651,10411.64158617836,453.517,3459.098,0.0,498.2233500000001,0.0,0.0,0.0,259.0395,88.5435,0.0,-9284.772040946445,38975.53956023929
24-08-2040 20:00:00,21705.12873470631,1221.3492738098046,6956.170609036344,463.418,3798.2259999999997,1856.87899780113,499.18665,0.0,0.0,0.0,259.2445,88.3385,0.0,0.0,38590.69805043039
24-08-2040 21:00:00,22050.639174539618,8.415042198976497,5290.077470654651,459.17199999999997,3851.9840000000004,5517.792066665308,500.63265000000007,0.0,0.0,0.0,267.2775,88.4525,0.0,0.0,39595.31404022918
24-08-2040 22:00:00,22882.901863061437,2.855489897853207,5023.52046001167,449.417,2857.8979999999997,3919.015829505508,502.8433500000001,0.0,0.0,0.0,274.33099999999996,88.52799999999999,0.0,0.0,37437.434197548544
24-08-2040 23:00:00,23042.186144008167,6.911583502758331,4566.7610379642865,444.774,1819.739,3024.316076847015,498.2179500000001,0.0,0.0,0.0,273.76099999999997,89.03399999999999,0.0,0.0,35060.36663582674
25-08-2040 00:00:00,22347.79656269275,1.3628474512481215,3556.768429612217,451.82199999999995,1430.543,3356.535679024102,484.4631000000001,0.0,0.0,0.0,274.6945,89.9635,0.0,0.0,33099.557060040446
25-08-2040 01:00:00,21126.31926828532,4.769966079368425,2379.6130988288205,452.902,1387.934,4136.422295234286,487.6825500000001,0.0,0.0,0.0,273.0595,89.2475,0.0,0.0,31253.126446381517
25-08-2040 02:00:00,19758.699883749367,2.6067161567523596,1505.464320893254,447.684,1367.1329999999998,1919.0390549226504,486.5403000000001,0.0,0.0,0.0,271.9895,90.0465,0.0,0.0,29562.007537535985
25-08-2040 03:00:00,18817.8536145268,2.3687586652645916,1446.255881654597,449.764,1226.127,0.0,486.2083500000001,0.0,0.0,0.0,271.2575,89.3555,0.0,0.0,28445.1693877954
25-08-2040 04:00:00,18561.31789505042,3.8722173614827575,1073.1009881956597,452.20599999999996,1246.405,0.0,486.00345000000004,0.0,0.0,0.0,268.4495,89.7905,0.0,0.0,27801.692403207362
25-08-2040 05:00:00,18388.048280966956,2.62834865597852,3796.8647152437625,446.38800000000003,1182.335,0.0,485.7276000000001,0.0,0.0,0.0,266.2135,89.5085,0.0,0.0,27340.145291282053
25-08-2040 06:00:00,17489.216025534315,9.128914673439798,6885.128828734061,447.478,1379.016,0.0,478.9858500000001,0.0,0.0,0.0,267.9025,89.4295,0.0,0.0,27690.498425611364
25-08-2040 07:00:00,16662.870803743463,220.40271836573785,7647.296188661676,447.468,1627.955,0.0,478.77165,0.0,0.0,0.0,265.672,89.757,0.0,0.0,28118.1303997542
25-08-2040 08:00:00,15466.544676755335,4338.029967319675,5241.595500809088,446.839,1983.783,0.0,478.07415000000003,0.0,0.0,0.0,266.834,89.301,0.0,0.0,29060.033590301762
25-08-2040 09:00:00,13522.494356416724,13523.993864876076,0.0,449.657,2234.4539999999997,0.0,478.30005000000006,0.0,0.0,0.0,270.366,88.821,0.0,0.0,31531.050011902986
25-08-2040 10:00:00,10669.605030024191,17336.59895804352,0.0,451.12199999999996,2166.2329999999997,0.0,473.0280000000001,0.0,0.0,0.0,269.577,89.294,0.0,0.0,33630.44770577333
25-08-2040 11:00:00,7378.587094054525,15566.06134904286,5896.371144960431,458.62699999999995,2138.056,0.0,471.91215,0.0,0.0,0.0,270.3645,88.8595,0.0,0.0,34969.81777111394
25-08-2040 12:00:00,8052.693794603144,20425.028053365826,16837.50468343441,459.795,2208.7670000000003,0.0,469.44675000000007,0.0,0.0,0.0,270.33,88.72399999999999,0.0,-12200.0,35692.116985006374
25-08-2040 13:00:00,12986.956489051276,34197.55032809907,16676.2180902806,449.66900000000004,2150.117,0.0,466.9783500000001,0.0,0.0,0.0,272.0585,89.3015,0.0,-12200.0,36455.163690207024
25-08-2040 14:00:00,13952.969113193014,34627.12681860871,16570.167112335184,429.25800000000004,1960.0810000000001,0.0,468.54165000000006,0.0,0.0,0.0,269.252,88.661,0.0,-12200.0,36379.10832786647
25-08-2040 15:00:00,15622.369924490415,32821.83498457028,16575.63103552902,425.233,1627.859,0.0,468.3865500000001,0.0,0.0,0.0,268.122,88.29,0.0,-12200.0,35585.42669903866
25-08-2040 16:00:00,17151.56334605895,29269.089032194806,16336.042827167083,426.866,1433.295,0.0,470.4790500000001,0.0,0.0,0.0,268.552,88.941,0.0,-12200.0,34788.1579637128
25-08-2040 17:00:00,17808.46452586144,24417.174090795877,15974.310062913166,422.765,1567.2120000000002,0.0,471.1423500000001,0.0,0.0,0.0,267.284,88.79700000000001,0.0,-12200.0,34463.31669683619
25-08-2040 18:00:00,18275.295363210436,17529.35489998061,15301.20383934764,424.844,1893.692,0.0,470.2869,0.0,0.0,0.0,272.744,89.417,0.0,-12200.0,34102.04489093898
25-08-2040 19:00:00,19301.589113794613,8509.165202370868,13755.167915413098,427.56300000000005,2007.3129999999999,0.0,476.90490000000005,0.0,0.0,0.0,272.2695,89.6085,0.0,-12200.0,33871.62454016349
25-08-2040 20:00:00,19607.00388321531,1240.2668943543565,8476.649755784922,429.034,3164.3990000000003,0.0,481.97010000000006,0.0,0.0,0.0,273.0185,90.0175,0.0,-1611.9567889262107,34019.91120025895
25-08-2040 21:00:00,20580.481307669274,6.770972257788285,5316.090305635298,428.212,3536.5370000000003,3639.0481556450977,484.5753000000001,0.0,0.0,0.0,273.8695,90.2355,0.0,0.0,35871.54596406896
25-08-2040 22:00:00,21186.638752688123,1.741416187705933,4898.885126933426,425.97900000000004,2528.326,3052.2374402370515,481.1722500000001,0.0,0.0,0.0,267.5515,89.8075,0.0,0.0,34310.581771729514
25-08-2040 23:00:00,21083.566538060353,6.7926047570144465,4773.811276744906,419.625,1810.3120000000001,1966.247565513244,476.0121000000001,0.0,0.0,0.0,272.3085,89.4355,0.0,0.0,32182.522193002667
26-08-2040 00:00:00,20193.19277919022,1.1573387085995952,4606.955516290764,414.7,1359.87,1904.718517762616,472.8975000000001,0.0,0.0,0.0,271.4105,89.2605,0.0,0.0,30510.0091439218
26-08-2040 01:00:00,17916.607960897996,5.310778560022442,4337.232412111713,405.925,1467.5220000000002,2599.988928932118,473.4613500000001,0.0,0.0,0.0,270.6425,89.7675,0.0,0.0,28677.163259309935
26-08-2040 02:00:00,16400.587793049937,1.0491762124687918,3541.4729528063326,408.846,1248.344,3836.4579572667644,476.9190000000001,0.0,0.0,0.0,267.2905,89.9425,0.0,0.0,27254.148105000222
26-08-2040 03:00:00,14375.812456099942,2.6824299040439215,2272.351813659101,412.29900000000004,1265.993,6520.606093729664,476.31675000000007,0.0,0.0,0.0,266.454,90.29899999999999,0.0,0.0,26498.856290307085
26-08-2040 04:00:00,12301.311060483185,2.8446736482401267,5173.509759648838,413.05400000000003,1318.967,210.69534091344394,472.56645000000003,0.0,0.0,0.0,262.32099999999997,90.723,0.0,0.0,25928.98176126215
26-08-2040 05:00:00,10235.484748446543,4.748333580142265,7204.344637326543,412.603,1374.4520000000002,0.0,474.12525000000005,0.0,0.0,0.0,261.2545,90.2475,0.0,0.0,25639.748933918392
26-08-2040 06:00:00,8567.617743131277,8.241982205167211,8831.337017073865,413.29400000000004,1470.2379999999998,0.0,476.4651000000001,0.0,0.0,0.0,260.658,90.302,0.0,0.0,25713.79033850927
26-08-2040 07:00:00,7616.483590572506,190.4741556863446,14648.655079817741,413.673,1358.785,0.0,477.2713500000001,0.0,0.0,0.0,261.3635,89.9555,0.0,0.0,25665.716861991907
26-08-2040 08:00:00,6272.68877797303,4248.103668036525,12011.145967705206,411.538,1480.9660000000001,0.0,475.1968500000001,0.0,0.0,0.0,253.826,90.72200000000001,0.0,0.0,25900.509963662753
26-08-2040 09:00:00,4235.099998356552,13843.869307276096,5813.624391525877,414.579,1802.648,0.0,472.61415000000005,0.0,0.0,0.0,259.355,88.60799999999999,0.0,0.0,27829.732319582632
26-08-2040 10:00:00,2960.08338705198,21375.943803697523,0.0,412.056,1748.526,0.0,468.7413000000001,0.0,0.0,0.0,262.324,89.62700000000001,0.0,0.0,29513.659531868398
26-08-2040 11:00:00,2252.6473105588243,22683.563428098456,0.0,411.259,1863.8570000000002,0.0,466.6072500000001,0.0,0.0,0.0,263.298,89.226,0.0,0.0,30746.04246264797
26-08-2040 12:00:00,2537.7778171787168,22866.618521008786,0.0,407.72900000000004,2175.249,0.0,464.37915000000004,0.0,0.0,0.0,261.5455,88.4405,0.0,0.0,31629.713482148025
26-08-2040 13:00:00,1332.6092063352153,10856.509392233262,17089.046622378548,407.034,2334.124,0.0,462.88200000000006,0.0,0.0,0.0,256.3255,88.1095,0.0,-3276.2518294461024,32433.590632587104
26-08-2040 14:00:00,5256.91783233368,32588.132806966983,18397.511762501876,404.18,2479.9,0.0,461.5930500000001,0.0,0.0,0.0,260.687,87.26799999999999,0.0,-12200.0,32929.55878967196
26-08-2040 15:00:00,6549.580247279985,34168.30964829373,18461.009040067613,403.181,1951.612,0.0,457.7796000000001,0.0,0.0,0.0,259.6575,86.3955,0.0,-12200.0,32363.99972495176
26-08-2040 16:00:00,7947.81107121276,31387.563339477263,18443.77531763437,404.155,1511.9579999999999,0.0,455.76615000000004,0.0,0.0,0.0,258.6785,87.8405,0.0,-12200.0,31811.49344255124
26-08-2040 17:00:00,8473.482439124033,26468.22963300284,18341.486816494988,399.222,1516.9389999999999,0.0,458.03025,0.0,0.0,0.0,255.43099999999998,87.249,0.0,-12200.0,31586.819604394354
26-08-2040 18:00:00,8423.020108027335,19122.204043228954,17878.21980053134,399.47,1836.295,0.0,456.56265,0.0,0.0,0.0,258.5645,88.4905,0.0,-12200.0,31497.323473414774
26-08-2040 19:00:00,7714.744351915154,9416.302270167353,15581.758316150139,401.048,2693.216,0.0,459.97305000000006,0.0,0.0,0.0,260.597,88.464,0.0,-7411.892547631587,31774.190957286573
26-08-2040 20:00:00,2904.5140998844,520.417089349039,9874.727222448491,406.43699999999995,3087.9309999999996,8000.0,461.35350000000005,0.0,0.0,0.0,259.7555,87.2065,0.0,0.0,32510.02244953474
26-08-2040 21:00:00,8019.060841919233,8.447490947815735,7567.789901383021,409.11199999999997,3670.7659999999996,8000.0,465.39795000000004,0.0,0.0,0.0,260.111,87.33,0.0,0.0,35028.03208660696
26-08-2040 22:00:00,8146.011775237884,1.741416187705933,7647.476614701602,409.798,3433.673,8000.0,467.5372500000001,0.0,0.0,0.0,260.6095,88.9395,0.0,0.0,34868.188418870726
26-08-2040 23:00:00,8095.0364735945805,9.053200926148236,15068.507412979638,408.60699999999997,3241.1079999999997,3869.7563301572372,466.8129,186.6269998394455,0.0,0.0,262.341,89.167,0.0,0.0,33027.86700878087
27-08-2040 00:00:00,8727.78384264968,1.178971207825756,15068.507412979638,404.202,2813.6009999999997,0.0,467.89695000000006,2043.2780531078497,0.0,0.0,259.4475,89.6635,0.0,0.0,31131.859332120624
27-08-2040 01:00:00,8883.072866646666,5.180983564665477,15068.507412979638,403.56199999999995,2145.698,0.0,467.73120000000006,686.8269793300624,0.0,0.0,256.4645,89.9685,0.0,0.0,29209.988628769475
27-08-2040 02:00:00,8769.353079528451,1.0383599628557116,15005.16036386616,401.673,1580.023,0.0,464.82540000000006,0.0,0.0,0.0,252.033,89.54299999999999,0.0,0.0,27718.0636818299
27-08-2040 03:00:00,8941.79502179464,2.693246153657002,14668.983440452334,396.348,1244.684,0.0,466.2528000000001,0.0,0.0,0.0,250.9295,90.0845,0.0,0.0,27093.45704240736
27-08-2040 04:00:00,9154.177930682254,3.0718148901148132,14281.528963017172,398.583,1188.403,0.0,467.2390500000001,0.0,0.0,0.0,249.8285,90.3665,0.0,0.0,26754.172863896223
27-08-2040 05:00:00,9669.105829785913,4.564457336719899,14409.042501972144,400.36199999999997,1254.397,0.0,465.1213500000001,0.0,0.0,0.0,246.97,90.11200000000001,0.0,0.0,27277.7948109906
27-08-2040 06:00:00,9927.61403817262,8.22034970594105,15068.507412979638,398.55400000000003,1954.082,0.0,472.15080000000006,690.9998537871124,0.0,0.0,247.658,90.249,0.0,0.0,29525.801308918584
27-08-2040 07:00:00,10613.053934510599,203.54018521894562,15068.507412979638,399.17199999999997,2317.978,0.0,489.69195,2341.1465935218475,0.0,0.0,253.61900000000003,88.67299999999999,0.0,0.0,32494.116126413843
27-08-2040 08:00:00,10263.683604613561,4367.33118752151,15068.507412979638,399.774,2947.908,0.0,505.80525000000006,230.84587497829125,0.0,0.0,252.91,89.54,0.0,0.0,34928.834065699506
27-08-2040 09:00:00,9257.896038737526,13719.179581736507,9128.17489585776,401.689,3271.02,0.0,506.29275000000007,0.0,0.0,0.0,252.176,88.708,0.0,0.0,37755.42711529852
27-08-2040 10:00:00,9021.278589630114,21901.6075165341,2132.8376725143717,401.19699999999995,3489.675,0.0,505.98750000000007,0.0,0.0,0.0,247.0875,87.3335,0.0,0.0,39775.0718590869
27-08-2040 11:00:00,8306.87516432577,25347.16046926936,0.0,397.024,4018.8559999999998,0.0,505.9705500000001,0.0,0.0,0.0,244.6465,86.6865,0.0,0.0,41140.17103445978
27-08-2040 12:00:00,8646.038636829911,26184.83700728294,0.0,396.735,4210.444,0.0,504.60615,0.0,0.0,0.0,235.68900000000002,75.235,0.0,0.0,42380.37581407617
27-08-2040 13:00:00,9102.906383900343,26872.562490095086,0.0,396.37800000000004,4206.718,0.0,501.9006000000001,0.0,0.0,0.0,235.051,75.131,0.0,0.0,43342.91518972971
27-08-2040 14:00:00,9190.93304406457,26504.053598405982,0.0,396.04900000000004,4312.809,0.0,500.2461000000001,0.0,0.0,0.0,242.2185,82.5905,0.0,0.0,43088.84738898239
27-08-2040 15:00:00,9967.909089748246,25158.898207051767,0.0,389.714,4247.305,0.0,496.11855000000014,0.0,0.0,0.0,240.8405,85.8165,0.0,0.0,42328.46525329801
27-08-2040 16:00:00,11232.391409932017,23655.34212183942,0.0,391.235,4111.271,0.0,495.0310500000001,0.0,0.0,0.0,231.3735,86.2815,0.0,0.0,42025.084502959464
27-08-2040 17:00:00,13480.973393660523,21276.391043876636,0.0,381.936,4105.513,0.0,495.88890000000004,0.0,0.0,0.0,233.227,87.11399999999999,0.0,0.0,41908.225478712186
27-08-2040 18:00:00,14488.925026043804,14945.493514118714,0.0,395.38699999999994,4280.856,4774.002491328976,496.2171000000001,0.0,0.0,0.0,239.6085,86.3815,0.0,0.0,41337.5653052699
27-08-2040 19:00:00,14929.497828478834,6893.0660834207365,2463.9985745461518,397.54900000000004,4705.126,8000.0,498.2059500000001,0.0,0.0,0.0,248.3065,87.3235,0.0,0.0,40643.64898319516
27-08-2040 20:00:00,13229.386430917728,844.7058297831214,10727.37349572147,401.162,4964.072,8000.0,501.4668000000001,0.0,0.0,0.0,248.174,87.025,0.0,0.0,40312.32354610525
27-08-2040 21:00:00,13976.143658989617,10.621557120044884,15068.507412979638,398.89099999999996,5093.492,2955.9975086710256,506.3725500000001,2372.33062715732,0.0,0.0,255.2795,87.0225,0.0,0.0,41830.39423268176
27-08-2040 22:00:00,14769.950549010731,5.8299585414502975,15068.507412979638,400.29400000000004,4554.207,0.0,505.70070000000004,2733.5167903501533,0.0,0.0,262.0905,86.5595,0.0,0.0,39379.7963816162
27-08-2040 23:00:00,16428.891075100444,13.422965769832688,14254.785317908223,404.434,3648.0009999999997,0.0,502.1460000000001,0.0,0.0,0.0,262.262,87.385,0.0,0.0,36499.241242426826
28-08-2040 00:00:00,17389.655614691983,4.910577324338469,12291.34618309054,403.838,2209.009,0.0,491.5408500000001,0.0,0.0,0.0,262.183,87.088,0.0,0.0,33958.26675835113
28-08-2040 01:00:00,17323.847969968094,6.706074760109804,10836.387006043511,410.37300000000005,1602.6589999999999,0.0,490.9923000000001,0.0,0.0,0.0,260.5365,87.2285,0.0,0.0,31779.296901888007
28-08-2040 02:00:00,18768.870139920393,2.62834865597852,8272.528383513938,407.49699999999996,1254.743,0.0,486.76365000000004,0.0,0.0,0.0,260.3465,87.4875,0.0,0.0,30225.07615729259
28-08-2040 03:00:00,22058.161705776052,2.487737411008476,4635.92384609265,409.75699999999995,1013.939,0.0,485.92965000000004,0.0,0.0,0.0,257.8145,87.3545,0.0,0.0,29552.508382549662
28-08-2040 04:00:00,21820.967980496796,3.028549891662492,4457.348491293327,406.914,951.308,0.0,483.47670000000005,0.0,0.0,0.0,258.371,88.306,0.0,0.0,29027.90326398642
28-08-2040 05:00:00,19860.851603552324,4.002012356839722,6420.175893103722,407.483,1210.876,0.0,482.5498500000001,0.0,0.0,0.0,260.2135,88.3795,0.0,0.0,29305.624838547763
28-08-2040 06:00:00,17258.005516616377,7.344233487281544,9876.994533272595,408.129,2285.189,0.0,486.6873000000001,0.0,0.0,0.0,264.0845,87.7725,0.0,0.0,31297.785792084964
28-08-2040 07:00:00,17815.02478201625,161.09722173721843,10323.507917493193,392.327,3746.675,0.0,495.70365000000004,0.0,0.0,0.0,263.5225,87.7345,0.0,0.0,33981.50055464402
28-08-2040 08:00:00,17835.577342936776,3368.68849324503,9267.679900804946,383.42900000000003,4050.922,0.0,502.4733000000001,0.0,0.0,0.0,263.4565,87.3275,0.0,0.0,36543.426299964216
28-08-2040 09:00:00,14726.474572851977,11842.992923851594,5875.407538587027,385.537,4904.973,0.0,505.0549500000001,0.0,0.0,0.0,261.55400000000003,89.021,0.0,0.0,39478.141427806266
28-08-2040 10:00:00,11180.279863115076,19699.981540290824,2371.450946912606,379.00699999999995,5634.169,0.0,505.16670000000005,0.0,0.0,0.0,257.743,88.491,0.0,0.0,41509.06269823375
28-08-2040 11:00:00,9874.87982575769,23406.301431706885,0.0,378.157,6097.186,0.0,499.92000000000013,0.0,0.0,0.0,264.897,88.354,0.0,0.0,42810.602795470935
28-08-2040 12:00:00,10641.678600511601,24339.507337200615,0.0,368.865,4529.823,0.0,499.1200500000001,0.0,0.0,0.0,266.8155,88.9405,0.0,0.0,43312.519828125216
28-08-2040 13:00:00,12651.329025299006,23345.631503376197,0.0,372.47900000000004,3720.784,0.0,497.1096000000001,0.0,0.0,0.0,255.805,89.697,0.0,0.0,43640.899098725
28-08-2040 14:00:00,14452.494449699629,21717.95163874396,0.0,368.31199999999995,3488.875,0.0,495.29655000000014,0.0,0.0,0.0,253.1485,89.0175,0.0,0.0,43628.559794603294
28-08-2040 15:00:00,22993.056159465785,28527.61877615996,0.0,381.329,2534.345,0.0,495.2005500000001,0.0,0.0,0.0,252.2695,88.7095,0.0,-12200.0,42868.77284406843
28-08-2040 16:00:00,27990.156646626387,27937.158521648504,0.0,416.222,3232.315,0.0,493.0363500000001,0.0,0.0,0.0,246.3865,88.7045,0.0,-12200.0,42690.62574502163
28-08-2040 17:00:00,28207.90587354307,22460.77977502882,0.0,422.43300000000005,3425.264,0.0,493.74615,0.0,0.0,0.0,259.0005,89.0655,0.0,-12200.0,42395.48384511529
28-08-2040 18:00:00,30230.169250064126,15282.54406586052,0.0,426.441,2646.17,0.0,497.1696000000001,0.0,0.0,0.0,267.96299999999997,88.649,0.0,-10424.902027726148,41586.71129682139
28-08-2040 19:00:00,28664.370951409885,6920.979941599828,0.0,431.971,2700.81,0.0,501.37350000000004,0.0,0.0,0.0,270.217,90.352,0.0,-1058.0338994601007,40779.96758590597
28-08-2040 20:00:00,23510.292571056147,876.4839711463513,0.0,436.166,3412.598,8000.0,503.35410000000013,0.0,0.0,0.0,273.376,91.56700000000001,0.0,0.0,40539.79289451128
28-08-2040 21:00:00,22662.470425894637,6.6519935120444025,0.0,438.027,3699.4240000000004,8000.0,504.1290000000001,0.0,0.0,0.0,273.1265,91.8395,0.0,0.0,41766.25038513666
28-08-2040 22:00:00,19560.194014489687,2.1308011737768244,794.4890246666328,432.05400000000003,3624.526,7730.0,504.6013500000001,0.0,0.0,0.0,271.185,92.383,0.0,0.0,39339.564097453025
28-08-2040 23:00:00,16472.382521760457,9.074833425374397,10751.517681086734,435.773,2951.6540000000005,0.0,500.17365000000007,0.0,0.0,0.0,269.92900000000003,91.16799999999999,0.0,0.0,36312.91146354627
29-08-2040 00:00:00,14882.552592413094,1.2871337039565593,14213.895612708062,440.684,2640.1659999999997,0.0,492.6738000000001,0.0,0.0,0.0,268.9815,88.6575,0.0,0.0,33939.419104619454
29-08-2040 01:00:00,13512.867895959274,5.180983564665477,13798.307283611213,437.341,2362.899,0.0,492.45900000000006,0.0,0.0,0.0,275.91700000000003,92.428,0.0,0.0,31776.931784900105
29-08-2040 02:00:00,11952.296552115069,0.8004024713679445,14551.924100177377,435.28,1726.7179999999998,0.0,491.7415500000001,0.0,0.0,0.0,274.4795,92.4875,0.0,0.0,30241.490247744172
29-08-2040 03:00:00,10577.66516288418,1.243868705504238,15068.507412979638,429.19300000000004,1609.102,0.0,490.8216000000001,500.4310027364518,0.0,0.0,275.47700000000003,92.635,0.0,0.0,29641.402260556064
29-08-2040 04:00:00,10409.50468184099,3.634259869994991,15068.507412979638,438.836,1379.566,0.0,489.4134,608.9390362278937,0.0,0.0,276.2965,92.6325,0.0,0.0,29332.27983347825
29-08-2040 05:00:00,8811.235594057689,3.3963023785072233,15068.507412979638,434.81199999999995,1525.442,0.0,489.25800000000004,2198.513410451218,0.0,0.0,276.3895,92.4655,0.0,0.0,29476.238381564544
29-08-2040 06:00:00,8369.846722681326,7.971575964840202,15068.507412979638,434.551,2981.742,0.0,491.12475000000006,3076.813911326244,0.0,0.0,273.0975,91.8625,0.0,0.0,31422.676467934267
29-08-2040 07:00:00,8343.368959779198,160.74028549998675,15068.507412979638,422.19300000000004,3766.36,0.0,503.4255000000001,4713.093338456452,0.0,0.0,274.5445,92.5825,0.0,0.0,34044.26096870721
29-08-2040 08:00:00,8081.256124599505,3950.9055774179174,15068.507412979638,421.365,4567.9890000000005,0.0,512.2698,2833.5020832104965,0.0,0.0,273.149,90.74700000000001,0.0,0.0,36585.928099500656
29-08-2040 09:00:00,6984.602569587824,13518.105501429343,11963.628539413101,427.809,4506.96,0.0,512.2581000000001,0.0,0.0,0.0,270.823,89.016,0.0,0.0,39191.91056556038
29-08-2040 10:00:00,6855.2962524527275,22454.101546770242,4123.590084495875,440.059,4916.342000000001,0.0,513.9157500000001,0.0,0.0,0.0,269.08,84.234,0.0,0.0,41108.83788425408
29-08-2040 11:00:00,6191.31908743171,27983.286963022627,0.0,439.343,4808.358,0.0,511.52670000000006,0.0,0.0,0.0,248.9455,84.8595,0.0,0.0,42278.8561990949
29-08-2040 12:00:00,5502.1715839088265,30233.329274401774,0.0,434.44300000000004,4030.022,0.0,511.06395000000003,0.0,0.0,0.0,212.8345,86.0105,0.0,0.0,43351.32329593883
29-08-2040 13:00:00,5321.76040487291,30755.144307391165,0.0,437.131,3918.4309999999996,0.0,509.43075000000005,0.0,0.0,0.0,219.968,84.874,0.0,0.0,44026.35625317292
29-08-2040 14:00:00,5552.641274248778,30847.57214582896,0.0,442.564,2797.158,0.0,508.59720000000004,0.0,0.0,0.0,223.87,85.175,0.0,0.0,43413.53093179439
29-08-2040 15:00:00,7043.725010626816,28502.072136385108,0.0,448.495,2451.249,0.0,504.3372000000001,0.0,0.0,0.0,227.1785,87.5175,0.0,0.0,42192.976561880074
29-08-2040 16:00:00,9654.423366347388,25685.19837484575,0.0,451.431,2489.488,0.0,498.9145500000001,0.0,0.0,0.0,223.25599999999997,90.04299999999999,0.0,0.0,41959.16402774307
29-08-2040 17:00:00,12846.746346144699,22172.361992146663,0.0,449.776,2718.055,0.0,499.50225000000006,0.0,0.0,0.0,225.6925,89.6765,0.0,0.0,41833.36085866139
29-08-2040 18:00:00,17343.867433949148,16733.916864014012,0.0,450.74300000000005,3006.188,0.0,500.45070000000004,0.0,0.0,0.0,228.3925,91.9955,0.0,0.0,41168.62423252324
29-08-2040 19:00:00,21380.15925291759,7803.080428367637,0.0,448.635,2686.583,4992.236278941531,503.7178500000001,0.0,0.0,0.0,233.84900000000002,93.631,0.0,0.0,40585.77094731163
29-08-2040 20:00:00,23238.07363093002,899.9227840578966,2003.2492164518026,457.855,2743.683,8000.0,504.67365000000007,0.0,0.0,0.0,227.7195,93.3575,0.0,0.0,40348.29430459785
29-08-2040 21:00:00,24274.523730298333,7.225254741537659,3661.374620394603,450.93300000000005,2535.3320000000003,8000.0,506.05170000000004,0.0,0.0,0.0,229.547,92.87799999999999,0.0,0.0,41343.88579956706
29-08-2040 22:00:00,23611.574075163375,1.9901899288067806,7319.699160283279,437.667,2465.551,2737.763721058469,506.4546000000001,0.0,0.0,0.0,233.122,93.038,0.0,0.0,38859.302132482546
29-08-2040 23:00:00,23313.968042473767,8.631367191238102,8557.583411511183,437.575,1556.015,0.0,501.4942500000001,0.0,0.0,0.0,226.3835,93.3425,0.0,0.0,36022.46259854387
30-08-2040 00:00:00,22676.053525998683,0.5732612294932574,7218.239706448698,436.81199999999995,1396.425,0.0,487.8375000000001,0.0,0.0,0.0,225.3255,93.0415,0.0,0.0,33621.623713941
30-08-2040 01:00:00,22345.255532861218,3.2989561319895007,6056.550520818997,433.98199999999997,1217.747,0.0,486.50145000000003,0.0,0.0,0.0,222.766,93.802,0.0,0.0,31676.265144636214
30-08-2040 02:00:00,21566.70255707995,2.3687586652645916,5539.846748950986,436.56800000000004,1132.4,0.0,487.5952500000001,0.0,0.0,0.0,219.396,92.816,0.0,0.0,30168.317813471585
30-08-2040 03:00:00,20415.627646269866,0.7679537225287033,6092.025419056732,435.664,1143.861,0.0,487.96770000000004,0.0,0.0,0.0,220.08700000000002,93.031,0.0,0.0,29503.407839658652
30-08-2040 04:00:00,18952.748650241156,3.0718148901148132,7346.907828755706,436.449,1106.994,0.0,488.0257500000001,0.0,0.0,0.0,221.4985,93.6085,0.0,0.0,29217.281134813955
30-08-2040 05:00:00,16973.305749600808,3.94793110877432,9474.75410518534,432.895,1222.943,0.0,486.0744,0.0,0.0,0.0,222.8955,93.2365,0.0,0.0,29487.980268592408
30-08-2040 06:00:00,13857.620281230962,8.241982205167211,13663.748626439208,440.115,1905.609,0.0,488.3668500000001,0.0,0.0,0.0,225.8665,92.9255,0.0,0.0,31312.530016201425
30-08-2040 07:00:00,12274.570299059678,135.592505149575,15068.507412979638,441.76,3918.415,0.0,502.64895000000007,700.207602122644,0.0,0.0,225.9455,92.5845,0.0,0.0,34064.51288740103
30-08-2040 08:00:00,10552.641627100249,3651.295463135592,15068.507412979638,443.04,4189.068,0.0,512.9337,836.7166500017665,0.0,0.0,214.638,93.14299999999999,0.0,0.0,36353.51127453925
30-08-2040 09:00:00,8242.5786440869,13276.492117572356,10193.751830187486,446.093,4915.794,0.0,512.96445,0.0,0.0,0.0,221.238,91.853,0.0,0.0,38855.746645195606
30-08-2040 10:00:00,7406.224007982475,21934.629526602832,2989.109946927727,449.575,5207.264,0.0,510.96315000000004,0.0,0.0,0.0,213.74,90.686,0.0,0.0,40851.02674090699
30-08-2040 11:00:00,6360.01714781617,26241.52896000071,0.0,447.784,5596.049,0.0,511.67610000000013,0.0,0.0,0.0,213.6575,89.8295,0.0,0.0,42041.42903114668
30-08-2040 12:00:00,6432.372834652376,27759.730892875315,0.0,449.272,4893.981,0.0,509.0676000000001,0.0,0.0,0.0,209.5005,87.6615,0.0,0.0,43110.34138468513
30-08-2040 13:00:00,6813.583173687938,28412.29889487107,0.0,447.409,4527.238,0.0,508.7920500000001,0.0,0.0,0.0,206.5105,84.7195,0.0,0.0,43838.60435377572
30-08-2040 14:00:00,7486.299641527449,28013.092824838834,0.0,443.82,3852.598,0.0,508.07115000000005,0.0,0.0,0.0,205.7285,86.6915,0.0,0.0,43386.2022616728
30-08-2040 15:00:00,7797.206475125203,26727.260850237617,0.0,440.48400000000004,3714.73,0.0,504.4870500000001,0.0,0.0,0.0,207.125,87.421,0.0,0.0,42243.28012275454
30-08-2040 16:00:00,9207.145506496705,25046.848612928905,0.0,437.92900000000003,3743.554,0.0,507.56295000000006,0.0,0.0,0.0,211.24,91.78200000000001,0.0,0.0,41883.86455054236
30-08-2040 17:00:00,8287.46301788251,16263.218657257397,9568.673164657695,438.99699999999996,3653.3590000000004,0.0,509.17395000000005,0.0,0.0,0.0,211.9325,91.6315,0.0,0.0,41603.866020793415
30-08-2040 18:00:00,11525.652827223797,13636.007199169964,14469.573680422938,445.55199999999996,3902.6890000000003,0.0,508.18455000000006,0.0,0.0,0.0,211.32,91.71600000000001,0.0,-6246.83920324765,41097.091533337625
30-08-2040 19:00:00,15531.86702329643,7152.67448159135,12301.948523036262,446.406,3966.98,0.0,509.6650500000001,0.0,0.0,0.0,210.5015,92.5165,0.0,-2139.3774054525293,40381.22441095787
30-08-2040 20:00:00,12425.129895373753,528.0111334355902,7494.056413121707,443.923,3817.1220000000003,8000.0,512.1235500000001,0.0,0.0,0.0,212.1145,92.8145,0.0,0.0,40310.07374624006
30-08-2040 21:00:00,22239.004130225036,6.3707710221043135,4950.340724651382,451.235,3644.967,7800.652503570793,516.2424000000001,0.0,0.0,0.0,220.143,92.889,0.0,0.0,41420.50844775325
30-08-2040 22:00:00,22811.52097025956,1.243868705504238,4528.662671424856,446.99199999999996,3946.01,4977.301963113518,514.1763000000001,0.0,0.0,0.0,219.5465,92.8115,0.0,0.0,38884.566998098206
30-08-2040 23:00:00,22359.743657288822,8.631367191238102,3708.837393108377,447.29699999999997,2572.365,5008.934125210741,510.16185000000013,0.0,0.0,0.0,219.6035,93.1575,0.0,0.0,36087.58143376202
31-08-2040 00:00:00,22195.81049071423,0.5299962310409362,2817.9460319030622,448.176,1600.0439999999999,3534.274385426139,497.7078000000001,0.0,0.0,0.0,221.328,92.365,0.0,0.0,33671.759135010725
31-08-2040 01:00:00,21448.4499130933,2.62834865597852,1901.8761297789351,448.04400000000004,1307.818,0.0,496.34925000000004,0.0,0.0,0.0,220.253,92.89200000000001,0.0,0.0,31669.917123025865
31-08-2040 02:00:00,20603.8611026946,0.9950949644033903,3096.0737592387704,449.334,1105.295,0.0,496.7563500000001,0.0,0.0,0.0,220.892,93.318,0.0,0.0,30222.956182188158
31-08-2040 03:00:00,19683.87293679239,2.30386116758611,6967.724903069982,449.57800000000003,1113.4180000000001,0.0,494.5251000000001,0.0,0.0,0.0,222.43,93.089,0.0,0.0,29612.97510184288
31-08-2040 04:00:00,19358.41226658874,2.8446736482401267,6824.037134219754,450.085,1090.565,0.0,496.4478000000001,0.0,0.0,0.0,223.269,91.632,0.0,0.0,29116.77482254973
31-08-2040 05:00:00,18662.05406398832,3.482832375411866,7689.326022926463,449.54400000000004,1169.098,0.0,499.4190000000001,0.0,0.0,0.0,225.488,90.037,0.0,0.0,29380.266636158212
31-08-2040 06:00:00,18140.78712699442,7.290152239216143,9578.034837635107,451.967,1667.225,0.0,501.2977500000001,0.0,0.0,0.0,225.6815,90.6515,0.0,0.0,31306.9386237124
31-08-2040 07:00:00,17075.83649668457,135.4843426534442,11614.344715295716,442.48,3305.8340000000003,0.0,515.5908000000001,0.0,0.0,0.0,220.1975,90.2135,0.0,0.0,34109.80424533509
31-08-2040 08:00:00,16336.946018502093,3761.080396708358,10154.354166794617,446.043,3919.317,0.0,523.5666000000001,0.0,0.0,0.0,223.7365,90.6555,0.0,0.0,36241.80729766825
31-08-2040 09:00:00,14737.543716501685,13395.546577063527,3871.6479101258847,436.656,4517.674,0.0,520.49445,0.0,0.0,0.0,226.627,90.96799999999999,0.0,0.0,38744.787393742976
31-08-2040 10:00:00,12856.085512157137,20251.10913402181,0.0,445.74300000000005,3774.222,0.0,519.0945,0.0,0.0,0.0,225.65900000000002,90.1,0.0,0.0,40178.38308005752
31-08-2040 11:00:00,11286.388677032433,22206.380138363194,0.0,463.85699999999997,3892.0009999999997,0.0,517.6377,0.0,0.0,0.0,226.938,91.075,0.0,0.0,41329.62069949599
31-08-2040 12:00:00,10633.914538489069,24155.2101537198,0.0,456.861,3451.6209999999996,0.0,516.9358500000001,0.0,0.0,0.0,228.122,91.234,0.0,0.0,42369.058740448796
31-08-2040 13:00:00,9847.08358306224,23971.45819005993,1839.9540422382415,452.343,3425.0879999999997,0.0,518.48625,0.0,0.0,0.0,230.192,91.285,0.0,0.0,43248.975629618275
31-08-2040 14:00:00,11553.203346798564,26716.414254467403,17106.33321270853,453.68,3015.8259999999996,0.0,519.5053500000001,0.0,0.0,0.0,231.68599999999998,91.609,0.0,-12200.0,42625.97859403447
31-08-2040 15:00:00,15435.755548886333,31824.889083912967,16765.640499404923,451.385,3124.755,0.0,518.3130000000001,0.0,0.0,0.0,230.77900000000002,91.005,0.0,-12200.0,41410.93452263254
31-08-2040 16:00:00,17841.698397588956,28912.21342610296,16752.160483435524,452.00300000000004,2785.4240000000004,0.0,517.33995,0.0,0.0,0.0,224.482,90.87100000000001,0.0,-12200.0,41116.57603517927
31-08-2040 17:00:00,20413.503537154378,23696.75568514243,16247.646548080753,454.069,2609.937,0.0,516.54555,0.0,0.0,0.0,227.2,90.205,0.0,-12200.0,40819.303372437666
31-08-2040 18:00:00,22782.90831063872,16783.866006602115,15430.987363300344,451.602,2776.1090000000004,0.0,516.73215,0.0,0.0,0.0,235.312,89.53200000000001,0.0,-12200.0,40196.894454179725
31-08-2040 19:00:00,25375.24920824568,7657.861253881103,11697.628093386214,450.24300000000005,2921.475,0.0,517.77525,0.0,0.0,0.0,238.2615,90.6825,0.0,-11539.064702037605,39623.702139916946
31-08-2040 20:00:00,27449.105223135582,777.0501835326833,7225.648143633647,451.77099999999996,3244.775,0.0,520.1613000000001,0.0,0.0,0.0,229.5855,89.7775,0.0,-2421.7373152670625,39296.07243061482
31-08-2040 21:00:00,27993.330557815247,6.749339758562126,5341.5155276882,456.284,3134.8520000000003,912.3775103905318,522.3550500000001,0.0,0.0,0.0,230.3695,89.2495,0.0,0.0,40197.860142084806
31-08-2040 22:00:00,27676.351458107496,1.66490189752805,5080.317196132615,448.208,3080.55,0.0,517.5448500000001,0.0,0.0,0.0,236.6605,92.2775,0.0,-617.3330516142778,37902.669969437986
31-08-2040 23:00:00,28580.991181328813,6.472620364310925,4382.250578651059,440.561,1948.0639999999999,0.0,513.3447,0.0,0.0,0.0,234.59799999999998,92.992,0.0,-2057.6766253971,35365.71112516799
01-09-2040 00:00:00,27666.463422920704,0.5289914214996584,2723.2789581399993,433.981,1800.3029999999999,0.0,490.77330000000006,0.0,0.0,0.0,237.485,92.601,0.0,-1072.7904458240846,33340.592165966875
01-09-2040 01:00:00,26296.343866590047,8.162354702983336,1706.5858083431376,445.409,1401.8370000000002,0.0,482.2588500000001,0.0,0.0,0.0,237.512,91.87100000000001,0.0,-23.743094578348973,31443.962520825382
01-09-2040 02:00:00,25685.61522336772,0.48673123258861484,737.5068463783828,439.741,1089.43,409.9029263592238,480.68505000000005,0.0,0.0,0.0,239.7515,93.8165,0.0,0.0,29828.190332001748
01-09-2040 03:00:00,24884.332213613943,5.548736051510209,481.7724380166328,429.779,1113.104,482.8989187815532,481.42860000000013,0.0,0.0,0.0,239.113,94.33,0.0,0.0,28814.493304784195
01-09-2040 04:00:00,22308.304240607788,1.9469249303544593,259.04959771531867,437.148,1262.866,2558.6772957890025,482.22885000000014,0.0,0.0,0.0,237.0675,94.7085,0.0,0.0,28210.408277326333
01-09-2040 05:00:00,21635.039628759423,4.229153598714409,256.74299771533697,446.176,1229.1660000000002,2917.1608012351935,482.1978000000001,0.0,0.0,0.0,237.6395,92.5685,0.0,0.0,27874.54864536926
01-09-2040 06:00:00,20699.836224870516,5.646082298027932,257.62003193586133,447.401,1100.713,4283.8870171171,475.8760500000001,0.0,0.0,0.0,237.3095,93.0295,0.0,0.0,28205.010692001648
01-09-2040 07:00:00,19684.066318058103,130.51968408104034,189.09734828653745,447.56,1300.999,5591.4362081690015,476.70225000000005,0.0,0.0,0.0,237.074,94.24700000000001,0.0,0.0,28783.895208238122
01-09-2040 08:00:00,18597.762528387662,3871.092471522997,98.18398098734906,450.97,1648.967,3577.554526827411,481.25445,0.0,0.0,0.0,236.53099999999998,94.025,0.0,0.0,29744.776621259552
01-09-2040 09:00:00,15287.40101769909,12490.76624172304,453.83012775084353,449.534,1977.378,0.0,480.8640000000001,0.0,0.0,0.0,238.4985,93.8475,0.0,0.0,32293.55212269183
01-09-2040 10:00:00,9398.34565479683,13652.15175259918,6877.518180140003,447.792,1916.399,0.0,476.59950000000003,0.0,0.0,0.0,236.7395,94.3205,0.0,0.0,34712.08102591057
01-09-2040 11:00:00,12734.038628963386,24273.792569622237,14238.326067498157,447.94800000000004,1702.569,0.0,477.13620000000003,0.0,0.0,0.0,235.717,93.432,0.0,-12200.0,35971.16061458107
01-09-2040 12:00:00,14503.679612023645,32508.332373047542,16438.53304617718,446.029,1986.38,0.0,475.24950000000007,0.0,0.0,0.0,238.7925,92.6975,0.0,-12200.0,36691.44401077023
01-09-2040 13:00:00,13859.336734038194,34611.787126094525,16876.278366323677,441.92199999999997,2281.964,0.0,475.4019,0.0,0.0,0.0,237.9835,91.5625,0.0,-12200.0,37621.13958191046
01-09-2040 14:00:00,13240.330154793155,34783.3556160918,16948.554756436788,424.64,2664.309,0.0,471.9394500000001,0.0,0.0,0.0,237.9715,91.9615,0.0,-12200.0,37743.70977965807
01-09-2040 15:00:00,13679.148684243277,33148.65531716583,16772.04284921472,415.69300000000004,2493.355,0.0,469.18665,0.0,0.0,0.0,228.3875,91.5395,0.0,-12200.0,36917.2546525627
01-09-2040 16:00:00,14517.787605559935,29578.82699155738,16460.932500169292,440.759,2200.617,0.0,471.03270000000003,0.0,0.0,0.0,222.771,90.87799999999999,0.0,-12200.0,36279.174881308645
01-09-2040 17:00:00,15318.882508440669,24529.966826331256,15413.65716710285,440.529,2255.245,0.0,471.4795500000001,0.0,0.0,0.0,234.1585,91.3955,0.0,-12200.0,36013.69366133786
01-09-2040 18:00:00,16024.004845050167,17135.145895206275,13763.131386135414,442.82199999999995,3018.1890000000003,0.0,472.6473000000001,0.0,0.0,0.0,232.5275,92.5325,0.0,-12200.0,35586.1803522342
01-09-2040 19:00:00,16294.804372773338,7376.3901972438625,10631.259725339041,446.213,3838.435,0.0,480.0894,0.0,0.0,0.0,224.7315,92.0915,0.0,-6188.504092020577,35250.168948064005
01-09-2040 20:00:00,17744.077063249577,662.3871263050394,6739.9202812824515,447.87300000000005,3430.817,4089.158738565897,484.48350000000005,0.0,0.0,0.0,231.7265,91.7225,0.0,0.0,35568.46727019382
01-09-2040 21:00:00,19813.8290149803,5.2026160638916386,4816.724561155017,448.775,3946.61,5849.433456722618,485.0676000000001,0.0,0.0,0.0,229.3555,92.2155,0.0,0.0,37113.30715285136
01-09-2040 22:00:00,20885.22697668919,6.781788507401366,3861.8710942470934,453.72,3426.796,4686.425221950885,483.34980000000013,0.0,0.0,0.0,219.7435,91.6165,0.0,0.0,35344.69922943638
01-09-2040 23:00:00,21462.9651108981,3.6775248684473123,2309.5994570046314,454.254,2535.866,4531.569444453973,484.9680000000001,0.0,0.0,0.0,229.102,92.334,0.0,0.0,33079.63435313247
02-09-2040 00:00:00,21106.207616650634,0.5408124806540165,1117.1486494153505,453.134,1650.2220000000002,4573.413138306627,483.30360000000013,0.0,0.0,0.0,235.493,93.20700000000001,0.0,0.0,31155.446147605348
02-09-2040 01:00:00,20561.63436951238,8.89095718195203,721.3928076372395,443.57099999999997,1252.744,0.0,479.56380000000007,0.0,0.0,0.0,237.4745,93.1525,0.0,0.0,29436.894783227774
02-09-2040 02:00:00,18984.52892744927,0.7138724744633017,1006.1719272079354,451.225,1144.671,0.0,477.54570000000007,0.0,0.0,0.0,237.207,93.728,0.0,0.0,27985.610566260224
02-09-2040 03:00:00,16376.291370825109,6.630361012818241,3483.0110981507223,455.53,1104.194,0.0,477.7510500000001,0.0,0.0,0.0,236.072,94.001,0.0,0.0,27132.048475511452
02-09-2040 04:00:00,14549.403083084499,2.195698671455307,8967.53998263187,454.43699999999995,1086.251,0.0,478.7739,0.0,0.0,0.0,235.9345,94.1055,0.0,0.0,26427.310571446294
02-09-2040 05:00:00,13513.691700151234,3.688341118060393,9782.818399078802,456.033,1064.1580000000001,0.0,479.9781000000001,0.0,0.0,0.0,228.68,93.773,0.0,0.0,26180.14803440555
02-09-2040 06:00:00,12910.392430239695,4.542824837493738,10505.061200232874,455.983,1217.7939999999999,0.0,479.3908500000001,0.0,0.0,0.0,231.49200000000002,93.948,0.0,0.0,26456.060246112378
02-09-2040 07:00:00,11962.866772099223,106.35618244541888,11369.425484653944,457.173,1255.988,0.0,482.20680000000004,0.0,0.0,0.0,223.827,92.81200000000001,0.0,0.0,26529.220776681956
02-09-2040 08:00:00,11109.703436378579,3392.6789348868415,9024.676999154275,456.861,1253.844,0.0,478.77540000000005,0.0,0.0,0.0,222.6845,93.2395,0.0,0.0,26657.111929666287
02-09-2040 09:00:00,9516.744598151898,12633.909544308866,2731.016751204428,454.80800000000005,1920.6689999999999,0.0,473.9980500000001,0.0,0.0,0.0,222.12,91.99700000000001,0.0,0.0,28748.975695515852
02-09-2040 10:00:00,7186.889779440657,18548.315700735777,0.0,450.23400000000004,2752.097,0.0,471.4548000000001,0.0,0.0,0.0,221.1715,91.0945,0.0,0.0,30709.315075034017
02-09-2040 11:00:00,5683.054707264872,20827.375314219265,0.0,448.691,2764.0370000000003,0.0,469.21305000000007,0.0,0.0,0.0,219.3605,91.5755,0.0,0.0,32252.81690707732
02-09-2040 12:00:00,5151.55561496898,21785.811297644897,0.0,439.593,3032.202,0.0,466.8129,0.0,0.0,0.0,219.2945,90.4875,0.0,0.0,33343.99960094786
02-09-2040 13:00:00,5342.488580671557,22583.14687016099,0.0,426.931,3158.8059999999996,0.0,464.9385000000001,0.0,0.0,0.0,218.1365,89.6825,0.0,0.0,34682.55575059653
02-09-2040 14:00:00,6435.808572196255,25320.751157698316,0.0,426.455,3442.31,0.0,467.93715000000003,0.0,0.0,0.0,217.65599999999998,90.84,0.0,-3575.967616539161,35192.89762904229
02-09-2040 15:00:00,9240.121324379319,31471.568959590808,8319.784478227404,441.39300000000003,3466.877,0.0,466.1595000000001,0.0,0.0,0.0,219.1295,92.3805,0.0,-12200.0,34758.74874950292
02-09-2040 16:00:00,10211.60734877181,27961.73863663742,12276.917966382607,434.976,3460.631,0.0,462.42795000000007,0.0,0.0,0.0,220.1095,91.2445,0.0,-12200.0,34175.90178813351
02-09-2040 17:00:00,11244.749341063824,21972.556493674092,11180.581339020224,435.495,3450.68,0.0,464.7912,0.0,0.0,0.0,230.4975,90.7545,0.0,-12200.0,33898.44283901938
02-09-2040 18:00:00,11554.149642909564,14775.298249059806,8566.247571753338,434.029,3554.7709999999997,0.0,465.5268000000001,0.0,0.0,0.0,234.3735,90.8365,0.0,-7534.971571121725,33887.41629014311
02-09-2040 19:00:00,11908.824443581629,5948.277495967783,5097.3141193263,438.866,4163.537,4189.748532844396,470.39145,0.0,0.0,0.0,235.673,92.041,0.0,0.0,33917.17554761906
02-09-2040 20:00:00,11288.012566246656,466.87259829899926,2715.640526217343,441.656,4853.041,8000.0,472.66230000000013,0.0,0.0,0.0,236.7555,91.8515,0.0,0.0,34621.31566259965
02-09-2040 21:00:00,12994.969660614184,3.742422366125794,3405.0056434964354,440.756,5360.309,8000.0,471.63465,0.0,0.0,0.0,226.0035,89.9415,0.0,0.0,36888.747515845054
02-09-2040 22:00:00,15570.893207736848,6.760156008175206,5488.9275203018005,442.39599999999996,4329.473,3540.2514671556055,472.5156000000001,0.0,0.0,0.0,221.388,88.354,0.0,0.0,35940.614968726375
02-09-2040 23:00:00,16949.840866818566,3.5260973738641876,11474.79306400505,438.199,3405.256,0.0,474.636,0.0,0.0,0.0,230.085,91.70200000000001,0.0,0.0,33767.84136166044
03-09-2040 00:00:00,16276.402211831057,0.48673123258861484,10474.165108569629,445.861,2889.889,0.0,473.4154500000001,0.0,0.0,0.0,236.69799999999998,93.287,0.0,0.0,31518.695828152577
03-09-2040 01:00:00,15600.863436297845,5.786693542997977,10190.077795768866,445.875,2037.515,0.0,470.9325000000001,0.0,0.0,0.0,238.6115,92.4815,0.0,0.0,29660.43144575834
03-09-2040 02:00:00,14170.360331775668,0.5732612294932574,10802.51805460715,445.088,1439.9360000000001,0.0,471.37635000000006,0.0,0.0,0.0,240.364,92.821,0.0,0.0,28212.24367953117
03-09-2040 03:00:00,14006.721104724971,3.6667086188342313,10799.153817448618,442.63,1006.6189999999999,0.0,472.2636000000001,0.0,0.0,0.0,238.1145,93.2645,0.0,0.0,27596.32562731944
03-09-2040 04:00:00,13055.691378049685,1.8603949334498164,11653.728496167025,442.555,929.622,0.0,471.5512500000001,0.0,0.0,0.0,239.1295,93.8395,0.0,0.0,27417.973933377463
03-09-2040 05:00:00,13427.579022526943,2.271412418746869,11847.973536980016,441.63199999999995,865.842,0.0,474.7026000000001,0.0,0.0,0.0,239.875,93.834,0.0,0.0,27939.512732448526
03-09-2040 06:00:00,13087.695977526037,4.467111090202176,13626.804102000257,441.73699999999997,1955.226,0.0,482.1363000000001,0.0,0.0,0.0,235.4275,92.0465,0.0,0.0,30529.68075709484
03-09-2040 07:00:00,12300.518197293739,103.46824379872643,15068.507412979638,445.11199999999997,3509.664,0.0,497.62635000000006,1124.1604118303476,0.0,0.0,236.3225,93.1585,0.0,0.0,34065.8795813006
03-09-2040 08:00:00,12604.981529665707,2453.5364297319156,15068.507412979638,452.63599999999997,4059.7670000000003,0.0,512.3493000000001,320.36383743596525,0.0,0.0,234.8065,93.2625,0.0,0.0,36576.36496211073
03-09-2040 09:00:00,12183.959573194785,8526.644262484258,12120.172390629785,449.126,4311.602,0.0,507.3369,0.0,0.0,0.0,237.9785,92.6865,0.0,0.0,39300.939185184296
03-09-2040 10:00:00,9773.578124777485,14762.807058153785,9128.30905523924,445.98,5261.621,0.0,501.13455000000005,0.0,0.0,0.0,238.1645,90.8455,0.0,0.0,41172.83777139113
03-09-2040 11:00:00,8945.562088850827,19614.900920834334,5445.824013556645,447.921,5287.672,0.0,496.3768500000001,0.0,0.0,0.0,237.7045,90.7685,0.0,0.0,41640.799863256085
03-09-2040 12:00:00,10638.924480238373,23585.52452129689,1067.677618686881,458.917,5074.613,0.0,497.26245000000006,0.0,0.0,0.0,237.761,90.581,0.0,0.0,42811.07857159981
03-09-2040 13:00:00,11322.228174122189,24783.302463145563,0.0,455.98900000000003,5173.11,0.0,497.96040000000005,0.0,0.0,0.0,236.072,90.90799999999999,0.0,0.0,43971.62897867465
03-09-2040 14:00:00,11892.910745031651,23964.24795969276,0.0,449.356,4698.288,0.0,499.77015000000006,0.0,0.0,0.0,236.801,91.072,0.0,0.0,43383.33012133562
03-09-2040 15:00:00,13589.712726451424,21769.053092748287,0.0,454.56300000000005,4136.509,0.0,499.2925500000001,0.0,0.0,0.0,236.1945,91.1495,0.0,0.0,42505.97252830911
03-09-2040 16:00:00,17052.122384844442,18157.361832661983,0.0,454.055,3814.933,0.0,498.2260500000001,0.0,0.0,0.0,234.4315,90.7515,0.0,0.0,42321.00386346734
03-09-2040 17:00:00,20392.950631907235,14870.503805622935,0.0,456.341,3052.509,0.0,498.97065,0.0,0.0,0.0,233.9235,90.9685,0.0,0.0,42041.01277353275
03-09-2040 18:00:00,24019.69837590712,10545.578175235454,0.0,454.355,2876.8109999999997,0.0,500.49360000000013,0.0,0.0,0.0,229.9005,90.2715,0.0,0.0,41243.72804260602
03-09-2040 19:00:00,29113.000345429948,5019.294473145618,0.0,456.705,2642.598,0.0,502.8391500000001,0.0,0.0,0.0,233.84599999999998,90.964,0.0,0.0,40227.75406020083
03-09-2040 20:00:00,31002.548036531316,468.8627882278061,0.0,458.52099999999996,2670.1420000000003,3067.2625918297963,505.9249500000001,0.0,0.0,0.0,234.8115,91.4605,0.0,0.0,40020.08726570075
03-09-2040 21:00:00,28419.36108906828,5.180983564665477,0.0,447.45300000000003,3166.738,6807.458055148538,509.08560000000017,0.0,0.0,0.0,230.8265,90.7725,0.0,0.0,40880.08367990653
03-09-2040 22:00:00,27631.030756492302,4.899761074725388,0.0,461.224,2373.825,5667.783963458951,506.2872000000001,0.0,0.0,0.0,223.2805,89.4315,0.0,0.0,37889.075568632274
03-09-2040 23:00:00,27969.150164349856,2.823041149013966,0.0,463.019,1576.4779999999998,3215.570746723828,500.4943500000001,0.0,0.0,0.0,225.2385,88.8595,0.0,0.0,34799.926262081666
04-09-2040 00:00:00,26364.53043580037,0.5083637318147755,0.0,452.949,1521.249,3243.5258624235757,490.3882500000001,0.0,0.0,0.0,225.1835,90.7905,0.0,0.0,33045.21070403788
04-09-2040 01:00:00,23820.90929530327,8.306879702845693,0.0,460.77099999999996,1204.046,1728.3987804153112,483.1870500000001,0.0,0.0,0.0,222.102,92.88,0.0,0.0,31243.149283321996
04-09-2040 02:00:00,22295.270343298387,0.6922399752371411,1295.5856617264908,462.14300000000003,1122.441,0.0,483.62655000000007,0.0,0.0,0.0,222.084,92.184,0.0,0.0,29951.58076928355
04-09-2040 03:00:00,19942.033058900804,6.749339758562126,6457.260682254862,459.407,1247.596,0.0,483.0520500000001,0.0,0.0,0.0,227.8755,92.9725,0.0,0.0,29492.45048105601
04-09-2040 04:00:00,18191.48395961509,3.3422211304418217,7781.033557041137,460.28,1217.862,0.0,481.1830500000001,0.0,0.0,0.0,237.146,93.47399999999999,0.0,0.0,29037.208611808415
04-09-2040 05:00:00,16966.76559519422,2.8987548963055283,9410.417718044006,433.61400000000003,1265.494,0.0,474.3072,0.0,0.0,0.0,240.00900000000001,93.676,0.0,0.0,29472.191866529265
04-09-2040 06:00:00,15567.799107485358,5.732612294932575,11861.807314970005,429.774,2273.1420000000003,0.0,484.0023000000001,0.0,0.0,0.0,241.0605,92.2795,0.0,0.0,31597.450355146186
04-09-2040 07:00:00,14235.715464337773,88.17406684583085,14981.424317736313,424.152,3446.448,0.0,495.9430500000001,0.0,0.0,0.0,242.1195,93.1855,0.0,0.0,34730.02660215001
04-09-2040 08:00:00,12956.490656361586,3141.547251370342,15068.507412979638,440.91900000000004,3215.565,0.0,502.0152000000001,315.20005937161295,0.0,0.0,238.2045,93.3345,0.0,0.0,36780.021696665935
04-09-2040 09:00:00,10874.57115539188,12075.520658033593,10142.092310291206,449.4,4018.542,0.0,500.8074000000001,0.0,0.0,0.0,236.188,92.419,0.0,0.0,39324.470202061246
04-09-2040 10:00:00,9611.957798140886,20715.8220714521,3608.8352774426403,460.39599999999996,4042.83,0.0,496.83000000000004,0.0,0.0,0.0,237.142,91.675,0.0,0.0,40786.574141065605
04-09-2040 11:00:00,8215.307895168531,26094.610921264248,0.0,463.204,4425.102,0.0,494.42295,0.0,0.0,0.0,238.4955,93.4415,0.0,0.0,41872.93099934574
04-09-2040 12:00:00,6767.124400807915,28013.626996684434,0.0,465.025,4644.108,0.0,493.06965,0.0,0.0,0.0,236.94,91.795,0.0,0.0,42760.12663090308
04-09-2040 13:00:00,6197.3196126605835,28883.502101488644,0.0,467.834,4586.696,0.0,492.13725000000005,0.0,0.0,0.0,236.6135,89.3365,0.0,0.0,43233.38549860805
04-09-2040 14:00:00,7303.976280099637,28156.611322257744,0.0,465.5,3493.458,0.0,497.19045000000006,0.0,0.0,0.0,233.2235,87.9355,0.0,0.0,42642.55933632791
04-09-2040 15:00:00,8474.22894578243,26716.148424518404,0.0,467.379,3192.508,0.0,499.6282500000001,0.0,0.0,0.0,234.02,87.93299999999999,0.0,0.0,42084.76260192957
04-09-2040 16:00:00,10837.369176801169,24136.133674109038,0.0,466.32,3072.7459999999996,0.0,499.99845000000005,0.0,0.0,0.0,237.89700000000002,88.00299999999999,0.0,0.0,41871.880869547545
04-09-2040 17:00:00,14321.393640520138,20467.927424537775,0.0,469.969,2827.573,0.0,502.0678500000001,0.0,0.0,0.0,245.418,87.71700000000001,0.0,0.0,41611.15108702353
04-09-2040 18:00:00,18975.757153236296,14792.378684595953,0.0,473.119,2942.47,83.50646671269715,505.97610000000014,0.0,0.0,0.0,237.6975,86.9515,0.0,0.0,40787.5982315135
04-09-2040 19:00:00,20429.10632049042,5904.6555612782295,0.0,471.39300000000003,3583.224,6436.753376141958,509.0263500000001,0.0,0.0,0.0,224.7685,88.1275,0.0,0.0,39937.697273415695
04-09-2040 20:00:00,20895.147435620533,464.08200589882466,0.0,468.50199999999995,3810.066,8000.0,510.72975,0.0,0.0,0.0,226.21599999999998,87.935,0.0,0.0,40190.94148671236
04-09-2040 21:00:00,21311.934342372224,5.25669731195704,5315.163170834223,464.154,3716.2129999999997,8000.0,514.9050000000001,0.0,0.0,0.0,227.9025,88.7175,0.0,0.0,41354.22267765133
04-09-2040 22:00:00,22079.26733711653,7.268519739989982,9929.572733589532,462.945,2619.9320000000002,1209.740157145341,516.52215,0.0,0.0,0.0,231.7395,88.4265,0.0,0.0,38351.672438365036
04-09-2040 23:00:00,22368.37232936516,4.488743589428336,8648.340379662852,460.292,1798.648,0.0,511.8237000000001,0.0,0.0,0.0,234.30200000000002,89.277,0.0,0.0,35215.65416124341
05-09-2040 00:00:00,20927.13656459563,0.6057099783324984,8066.68893841211,460.88199999999995,2059.698,0.0,500.7549000000001,0.0,0.0,0.0,236.85299999999998,89.789,0.0,0.0,33215.4437005497
05-09-2040 01:00:00,19086.15078258416,6.695258510496723,8536.894850960081,457.20300000000003,1879.1879999999999,0.0,498.4204500000001,0.0,0.0,0.0,239.39,89.259,0.0,0.0,31486.57777753093
05-09-2040 02:00:00,16496.164549818477,0.8544837194333461,10305.166930917054,454.506,1503.241,0.0,493.5025500000001,0.0,0.0,0.0,237.0025,89.2845,0.0,0.0,30201.584199441088
05-09-2040 03:00:00,15184.749496350849,6.003018535259583,11127.23581834218,458.86699999999996,1482.7120000000002,0.0,493.3230000000001,0.0,0.0,0.0,240.44799999999998,91.096,0.0,0.0,29667.502617325335
05-09-2040 04:00:00,13880.725474858966,3.6991573676734726,12246.314996759545,458.38,1339.781,0.0,490.5711000000001,0.0,0.0,0.0,240.0165,91.1945,0.0,0.0,29313.906095921866
05-09-2040 05:00:00,13664.13845725464,2.8987548963055283,12500.789736303157,455.37199999999996,1408.0529999999999,0.0,493.20435000000015,0.0,0.0,0.0,241.972,91.473,0.0,0.0,29434.12531232889
05-09-2040 06:00:00,12137.567407549,5.91648853835494,15003.509135151651,452.25699999999995,2541.467,0.0,495.0708000000001,0.0,0.0,0.0,240.519,93.14399999999999,0.0,0.0,31603.245226558203
05-09-2040 07:00:00,11349.855895023318,86.07571442089325,15068.507412979638,447.805,2635.235,0.0,505.23165000000006,3629.6388872785647,0.0,0.0,238.0795,93.4225,0.0,0.0,34772.06043736264
05-09-2040 08:00:00,10420.318562219949,2436.857772828546,15068.507412979638,452.288,2969.975,0.0,506.39520000000005,3843.7964022642045,0.0,0.0,239.1075,92.5765,0.0,0.0,36832.851818500145
05-09-2040 09:00:00,8447.539579996252,9806.920464186125,15068.507412979638,453.345,3420.054,0.0,499.6867500000001,233.72488888930638,0.0,0.0,228.4915,91.6015,0.0,0.0,39183.83464706284
05-09-2040 10:00:00,7426.7340250245425,17616.793497310777,9756.409271498207,457.79400000000004,3341.633,0.0,499.19970000000006,0.0,0.0,0.0,223.0165,85.8905,0.0,0.0,40715.744876328536
05-09-2040 11:00:00,6674.801914282034,23287.233989467364,4750.1153975532725,458.994,4208.857,0.0,499.73220000000003,0.0,0.0,0.0,227.34,87.294,0.0,0.0,41628.533469315225
05-09-2040 12:00:00,7271.943169996678,27942.374003208217,0.0,416.574,4461.387,0.0,502.0840500000001,0.0,0.0,0.0,219.6865,87.2615,0.0,0.0,42356.66438170076
05-09-2040 13:00:00,7561.842704260205,28492.95329340214,0.0,419.398,4151.978,0.0,505.4031000000001,0.0,0.0,0.0,210.82299999999998,86.25299999999999,0.0,0.0,42958.98356921816
05-09-2040 14:00:00,8592.694733045628,27422.346796043446,0.0,456.608,3206.177,0.0,502.3387500000001,0.0,0.0,0.0,208.3535,87.5745,0.0,0.0,42161.76579662075
05-09-2040 15:00:00,10098.928952505421,25192.036212030904,0.0,467.955,2806.647,0.0,500.55930000000006,0.0,0.0,0.0,197.41099999999997,87.42299999999999,0.0,0.0,41273.96456417375
05-09-2040 16:00:00,12220.505066863852,23019.232662804567,0.0,460.267,2454.7870000000003,0.0,505.87650000000014,0.0,0.0,0.0,206.127,88.196,0.0,0.0,41018.06284918447
05-09-2040 17:00:00,15289.190850339905,18394.78469948042,0.0,449.619,2307.978,1319.5308068727882,512.1169500000001,0.0,0.0,0.0,225.8635,90.4865,0.0,0.0,40714.35735094873
05-09-2040 18:00:00,17101.56394027571,12675.95230655491,0.0,435.157,2994.736,3746.3203484531878,517.0083000000001,0.0,0.0,0.0,227.769,88.98,0.0,0.0,39822.05428682706
05-09-2040 19:00:00,19219.12747614259,5107.552046042276,7220.197306436616,431.05699999999996,2494.05,1994.8260645678329,520.9188,0.0,0.0,0.0,222.612,90.939,0.0,0.0,39073.24403841218
05-09-2040 20:00:00,18764.87875059597,308.6957639573126,14582.741283218289,446.335,2973.935,0.0,521.31825,0.0,0.0,0.0,223.7365,93.1485,0.0,0.0,39313.911245518044
05-09-2040 21:00:00,17749.808883965463,5.062004818921594,15068.507412979638,452.06199999999995,3403.842,0.0,521.8770000000001,1774.9589174886642,0.0,0.0,229.173,93.301,0.0,0.0,40488.590604061064
05-09-2040 22:00:00,15133.495725684908,6.770972257788285,15068.507412979638,454.12800000000004,4348.9220000000005,0.0,521.9100000000001,618.4518762028129,0.0,0.0,229.352,93.209,0.0,0.0,37544.923147588794
05-09-2040 23:00:00,13449.229989036749,4.131807352196685,14672.788166256609,462.651,4204.505,0.0,517.36125,0.0,0.0,0.0,225.2315,91.3625,0.0,0.0,34523.82247515486
06-09-2040 00:00:00,13849.873427726292,0.4759149829755346,14142.468060331252,450.814,2613.223,0.0,504.0033000000001,0.0,0.0,0.0,222.9325,91.2315,0.0,0.0,32660.30558381612
06-09-2040 01:00:00,15521.65446985969,7.885045967935561,5916.958725568983,461.329,1891.67,0.0,501.3718500000001,5648.585960875184,0.0,0.0,223.308,90.83,0.0,0.0,30965.91836451828
06-09-2040 02:00:00,15800.537328402464,0.5516287302670967,491.5094668293585,466.47900000000004,1275.346,0.0,499.3344,10273.339256317051,0.0,0.0,226.053,91.331,0.0,0.0,29754.48781095538
06-09-2040 03:00:00,16618.168790360058,6.976481000436813,359.1650029527274,464.902,1221.211,0.0,498.8652000000001,9092.462216501595,0.0,0.0,227.455,92.944,0.0,0.0,29181.389238353648
06-09-2040 04:00:00,15828.465450797481,2.4444724125561543,361.2016713092708,463.256,1350.86,0.0,495.06960000000015,9582.811992489234,0.0,0.0,225.958,91.455,0.0,0.0,28995.66878026991
06-09-2040 05:00:00,14983.884375649406,3.1367123877932954,306.4844807734278,455.52099999999996,1460.7089999999998,0.0,488.89095000000003,10576.525299673807,0.0,0.0,225.7995,92.3615,0.0,0.0,29194.64215167983
06-09-2040 06:00:00,14334.51782061849,5.721796045319494,102.85662441777782,454.12800000000004,2327.302,0.0,494.17635000000007,12530.021644140877,0.0,0.0,222.859,93.58200000000001,0.0,0.0,31201.12958375668
06-09-2040 07:00:00,14534.300006231912,81.33819709036406,92.81945500514767,451.49300000000005,2548.72,0.0,508.3041000000001,14876.27673730388,0.0,0.0,226.1305,94.0535,0.0,0.0,34130.38760775907
06-09-2040 08:00:00,13992.13242203919,2956.6218317355083,91.9424207846266,465.093,3222.823,0.0,511.51965000000007,13495.916171094517,0.0,0.0,224.958,94.06200000000001,0.0,0.0,35857.4080848236
06-09-2040 09:00:00,12815.554389906201,11784.617624689798,564.0499416911242,466.75,3590.4709999999995,0.0,512.7187500000001,7283.62373023781,0.0,0.0,230.6365,91.8065,0.0,0.0,38276.179154000034
06-09-2040 10:00:00,12994.1642460337,20389.630932117063,0.0,468.87199999999996,3216.448,0.0,514.04115,0.0,0.0,0.0,234.071,92.155,0.0,0.0,39403.67446583348
06-09-2040 11:00:00,10480.429968720155,23474.331592333045,0.0,468.38199999999995,3070.437,0.0,510.02295000000004,0.0,0.0,0.0,229.295,91.26100000000001,0.0,0.0,40418.942781845784
06-09-2040 12:00:00,9572.487095834014,24955.177655126576,0.0,468.0,2923.156,0.0,512.6079000000001,0.0,0.0,0.0,226.827,90.32600000000001,0.0,0.0,41317.73857196726
06-09-2040 13:00:00,9994.905068655688,25253.484460455606,0.0,468.88199999999995,2516.492,0.0,515.6889000000001,0.0,0.0,0.0,227.31900000000002,91.171,0.0,0.0,41844.88885102614
06-09-2040 14:00:00,10740.135239795201,23852.111150478555,0.0,473.39,2351.679,0.0,518.6979,0.0,0.0,0.0,229.7905,93.0245,0.0,0.0,41048.798210305635
06-09-2040 15:00:00,13531.33168437148,25743.331637739186,0.0,479.186,2325.397,0.0,513.2967000000001,0.0,0.0,0.0,233.575,93.488,0.0,-5592.853526821787,40074.94585292262
06-09-2040 16:00:00,18023.05221561671,27660.516800245387,0.0,478.838,2049.8070000000002,0.0,513.1287,0.0,0.0,0.0,239.7245,93.2165,0.0,-11785.044390850071,40013.4468593857
06-09-2040 17:00:00,19073.62328585354,22553.213920718725,0.0,478.755,2532.634,0.0,518.7814500000001,0.0,0.0,0.0,245.6235,93.1975,0.0,-8508.547405829086,39716.88730285135
06-09-2040 18:00:00,21850.52090552118,15207.707727461,0.0,483.409,2494.677,0.0,525.45195,0.0,0.0,0.0,261.846,92.757,0.0,-4679.5838880801675,38841.31080138476
06-09-2040 19:00:00,23048.409153138975,6045.385784994017,0.0,476.10900000000004,2789.8559999999998,2681.313991688985,528.18915,0.0,0.0,0.0,277.83,92.48899999999999,0.0,0.0,38118.99001203064
06-09-2040 20:00:00,23019.084818005475,429.534904634646,0.0,485.478,3231.952,8000.0,533.05785,0.0,0.0,0.0,268.981,93.456,0.0,0.0,38451.65461570695
06-09-2040 21:00:00,23865.924586337136,4.3805810932975335,0.0,486.483,3260.258,8000.0,535.2030000000001,0.0,0.0,0.0,269.6615,93.2015,0.0,0.0,39706.04712132502
06-09-2040 22:00:00,24659.68119722917,7.008929749276053,0.0,475.62800000000004,2144.847,5048.686008311015,535.6782000000001,0.0,0.0,0.0,278.9775,90.9575,0.0,0.0,36785.05398710513
06-09-2040 23:00:00,24842.01652504949,3.3963023785072233,25.48381478200099,475.727,1504.065,0.0,530.96595,0.0,0.0,0.0,278.8035,91.5525,0.0,0.0,33921.26670154056
07-09-2040 00:00:00,24367.853396759223,0.4218337349101329,0.0,473.785,1433.885,0.0,516.8773500000001,0.0,0.0,0.0,272.862,94.089,0.0,0.0,32204.716647228222
07-09-2040 01:00:00,23610.119848045168,8.241982205167211,2309.8264122460932,470.23199999999997,1288.997,0.0,511.3195500000001,0.0,0.0,0.0,268.2925,93.9825,0.0,0.0,30577.11552554863
07-09-2040 02:00:00,22125.16057909676,0.6597912263979,4181.962338145433,471.89099999999996,1276.792,0.0,509.9230500000001,0.0,0.0,0.0,269.404,93.23899999999999,0.0,0.0,29551.558690245467
07-09-2040 03:00:00,21151.184231431358,7.138724744633018,4499.293798017283,473.24699999999996,1139.006,0.0,510.91725,0.0,0.0,0.0,277.6985,92.7585,0.0,0.0,28738.743346823478
07-09-2040 04:00:00,20009.84800116284,3.1583448870194557,5391.947580361371,474.059,1325.9720000000002,0.0,511.69785000000013,0.0,0.0,0.0,274.565,92.84100000000001,0.0,0.0,28660.204946437265
07-09-2040 05:00:00,18589.19960594166,2.855489897853207,6993.4533981190325,465.517,1387.6979999999999,0.0,513.0837,0.0,0.0,0.0,273.507,92.584,0.0,0.0,28887.775104327982
07-09-2040 06:00:00,18321.703036324376,6.035467284098823,8288.085607589164,468.18800000000005,2359.95,0.0,517.7118000000002,0.0,0.0,0.0,272.0185,92.5255,0.0,0.0,30953.05157755784
07-09-2040 07:00:00,18779.154155631284,73.98314735346945,10817.530926497533,467.148,2265.536,0.0,528.79965,0.0,0.0,0.0,270.249,84.945,0.0,0.0,33995.70278828369
07-09-2040 08:00:00,17609.951684972784,2932.7287363402133,10304.082208150048,475.086,2748.795,0.0,535.0500000000001,0.0,0.0,0.0,258.28700000000003,81.456,0.0,0.0,35736.42777540662
07-09-2040 09:00:00,15184.706952472388,12278.43350077498,4275.861198288727,475.17199999999997,3927.5370000000003,0.0,535.1713500000001,0.0,0.0,0.0,271.0585,87.1165,0.0,0.0,37969.29871498232
07-09-2040 10:00:00,13746.453942702461,18865.825366214198,0.0,474.11300000000006,3532.514,0.0,532.6737,0.0,0.0,0.0,274.379,89.698,0.0,0.0,39228.29386175977
07-09-2040 11:00:00,11920.299487912573,21482.885080530472,0.0,469.35400000000004,2907.46,0.0,530.90175,0.0,0.0,0.0,270.721,86.26,0.0,0.0,39880.46687337299
07-09-2040 12:00:00,10124.163698964614,24014.64708476595,0.0,467.236,2780.978,0.0,530.5911000000001,0.0,0.0,0.0,274.2775,86.8615,0.0,0.0,40759.27225427574
07-09-2040 13:00:00,9125.239038479676,25200.903288968653,0.0,469.527,2814.461,0.0,528.4953,0.0,0.0,0.0,280.6625,89.9295,0.0,0.0,41132.601767320775
07-09-2040 14:00:00,8696.39210807987,24751.346315335675,0.0,473.897,2729.607,0.0,528.2334,0.0,0.0,0.0,279.59,86.461,0.0,0.0,39993.28793837149
07-09-2040 15:00:00,10478.240849930804,27910.099222199835,0.0,457.658,2721.515,0.0,527.36445,0.0,0.0,0.0,280.6895,89.0255,0.0,-5804.505573791395,39027.97202399543
07-09-2040 16:00:00,12026.107952077515,27537.17821499862,12134.185902721307,469.87300000000005,3056.3520000000003,0.0,524.91165,0.0,0.0,0.0,276.45,88.071,0.0,-12200.0,38654.26940425979
07-09-2040 17:00:00,13182.246241827643,22287.675982534103,12577.109239382553,476.10699999999997,2834.961,0.0,524.86845,0.0,0.0,0.0,278.9385,87.7695,0.0,-12200.0,38408.798309015845
07-09-2040 18:00:00,15380.040778871968,14525.644196387551,10962.989148908935,475.088,2454.4320000000002,0.0,525.1753500000001,0.0,0.0,0.0,275.8345,86.9205,0.0,-8986.25871947906,37799.64565200057
07-09-2040 19:00:00,18616.78737730901,5159.210454194346,7884.4850204312825,478.686,2291.536,201.45501496697398,527.0685000000001,0.0,0.0,0.0,278.2615,88.7895,0.0,0.0,37280.49689329555
07-09-2040 20:00:00,19619.02833077178,279.08087251669866,5206.118984724162,481.154,2569.125,7048.282567991639,529.2730500000001,0.0,0.0,0.0,281.749,90.43799999999999,0.0,0.0,37586.533285373094
07-09-2040 21:00:00,21173.14460796631,4.391397342910614,3591.8673391174816,482.32800000000003,2691.37,8000.0,531.7899,0.0,0.0,0.0,282.3105,89.4445,0.0,0.0,38574.05406971484
07-09-2040 22:00:00,21677.37852307576,7.506477231477749,2288.4453916056664,466.788,1950.3629999999998,7304.088759973536,529.2079500000001,0.0,0.0,0.0,284.0945,90.9055,0.0,0.0,35636.903890629794
07-09-2040 23:00:00,20582.291356316393,2.758143651335484,2586.1361237410892,462.985,1628.335,1176.1736570678513,525.3159,0.0,0.0,0.0,269.509,78.38,0.0,0.0,33150.27315862167
08-09-2040 00:00:00,19126.567467119254,0.4759149829755346,3575.5850451858496,459.079,1763.795,0.0,506.3467500000001,0.0,0.0,0.0,275.3145,86.9465,0.0,0.0,31555.40759215633
08-09-2040 01:00:00,17129.271608027808,4.012828606452802,4552.753641961874,456.991,1764.421,0.0,502.0119,0.0,0.0,0.0,280.56,91.245,0.0,0.0,29987.686188416243
08-09-2040 02:00:00,14795.991270252338,0.5840774791063379,10523.720002307522,459.046,1501.315,0.0,500.37225000000007,0.0,0.0,0.0,277.56,93.626,0.0,0.0,28718.286833234506
08-09-2040 03:00:00,12522.345847199029,2.758143651335484,11785.824608709276,459.798,1571.128,0.0,499.1058000000001,0.0,0.0,0.0,281.6855,94.9045,0.0,0.0,27757.133866988635
08-09-2040 04:00:00,10790.860273087808,2.401207414103833,13000.841910680363,457.189,1665.7020000000002,0.0,497.06865000000005,0.0,0.0,0.0,283.10200000000003,94.286,0.0,0.0,27322.31949605397
08-09-2040 05:00:00,9487.70646729166,1.6548861908012902,14098.437210666649,458.289,1497.56,0.0,493.85760000000005,0.0,0.0,0.0,284.909,94.999,0.0,0.0,26953.02757026699
08-09-2040 06:00:00,9177.39141781906,5.094453567760835,14424.548334051582,465.163,1832.0,0.0,493.2162,0.0,0.0,0.0,287.7855,95.2215,0.0,0.0,27345.860184689605
08-09-2040 07:00:00,9307.304952128514,69.15910002603563,14976.761703014796,448.68699999999995,1897.891,0.0,494.36310000000014,0.0,0.0,0.0,250.8715,94.4595,0.0,0.0,28141.543495573398
08-09-2040 08:00:00,9909.656653838034,1869.9024168597145,13325.130819942477,435.418,1940.152,0.0,492.84870000000006,0.0,0.0,0.0,246.3025,94.7425,0.0,0.0,28979.873682373825
08-09-2040 09:00:00,10250.04635775512,7615.375232582242,9183.141516609474,449.01,2582.195,0.0,486.04140000000007,0.0,0.0,0.0,248.185,95.428,0.0,0.0,31663.40616948087
08-09-2040 10:00:00,9345.196077333329,12992.381688985575,5839.73104324994,448.324,3276.313,0.0,488.34510000000006,0.0,0.0,0.0,245.347,94.61,0.0,0.0,33560.51568264915
08-09-2040 11:00:00,9850.56320665988,17243.405744417632,1818.204258017433,440.834,3240.534,0.0,486.9177000000001,0.0,0.0,0.0,244.657,94.35600000000001,0.0,0.0,34509.66376442921
08-09-2040 12:00:00,10631.727636138708,18482.833154976626,0.0,445.594,3132.034,0.0,485.59095,0.0,0.0,0.0,239.725,93.705,0.0,0.0,34925.91170661537
08-09-2040 13:00:00,11209.164112491992,18543.54033060029,0.0,441.23199999999997,2944.708,0.0,483.6711000000001,0.0,0.0,0.0,238.22299999999998,92.90100000000001,0.0,0.0,35195.371739310656
08-09-2040 14:00:00,11410.863180457989,18101.75930387961,0.0,431.48699999999997,2641.4179999999997,0.0,480.66120000000006,0.0,0.0,0.0,246.1695,92.6235,0.0,0.0,34590.78340841077
08-09-2040 15:00:00,11524.937217657778,16440.003421417463,0.0,439.814,2414.41,0.0,479.12865000000005,0.0,0.0,0.0,275.485,92.82700000000001,0.0,0.0,32906.28333041859
08-09-2040 16:00:00,11566.529917633736,15897.486215189216,0.0,440.255,2011.999,0.0,476.69025000000005,0.0,0.0,0.0,276.5915,93.4655,0.0,0.0,31953.62998009857
08-09-2040 17:00:00,10276.555061659761,13018.470483052326,0.0,446.296,2257.9629999999997,3563.856271382214,475.4938500000001,0.0,0.0,0.0,278.1805,93.6425,0.0,0.0,31597.394928529142
08-09-2040 18:00:00,10086.34524869939,8202.82738156786,2140.913573866723,445.26800000000003,2728.112,5836.4514957585525,476.8758000000001,0.0,0.0,0.0,281.0865,94.0695,0.0,0.0,31505.332061592275
08-09-2040 19:00:00,10052.956039360495,2912.7294908056283,13046.709663786467,434.95300000000003,3339.2529999999997,0.0,478.97445000000005,0.0,0.0,0.0,281.078,93.27,0.0,0.0,31748.07758084215
08-09-2040 20:00:00,9510.432633638857,175.43956872416294,15068.507412979638,434.848,3781.1740000000004,0.0,481.9468500000001,2295.3566538064733,0.0,0.0,282.3825,93.0615,0.0,0.0,33114.19340684856
08-09-2040 21:00:00,9084.580013150291,5.386492307314004,15068.507412979638,440.47,4289.236,0.0,482.7390000000001,4148.975263345419,0.0,0.0,283.97900000000004,90.853,0.0,0.0,34811.59263499368
08-09-2040 22:00:00,8573.999324899978,5.029556070082354,15068.507412979638,433.509,3438.7129999999997,0.0,478.00575000000003,3742.448273374437,0.0,0.0,287.362,92.24700000000001,0.0,0.0,32899.59568128231
08-09-2040 23:00:00,8793.20472484213,3.28813988237642,15068.507412979638,433.796,2949.895,0.0,475.4700000000001,1864.360419220695,0.0,0.0,288.2405,93.3765,0.0,0.0,30655.96230624044
09-09-2040 00:00:00,7354.011066238575,0.49754748220169515,15068.507412979638,438.966,2309.391,0.0,472.94640000000004,2253.2593366795736,0.0,0.0,288.461,94.038,0.0,0.0,28901.83970140184
09-09-2040 01:00:00,6688.926481930089,3.9371148591612397,10561.382691765051,437.395,1896.11,0.0,472.0647000000001,6416.352369800625,0.0,0.0,289.3575,94.2935,0.0,0.0,27433.07936048154
09-09-2040 02:00:00,5405.6484026244525,0.6165262279455788,0.0,439.536,1509.491,0.0,471.35565,17302.834131427306,0.0,0.0,292.4615,95.2205,0.0,0.0,26057.345714449624
09-09-2040 03:00:00,3863.2278243805513,3.861401111869678,0.0,437.70099999999996,1483.901,0.0,470.85720000000003,18223.979845738464,0.0,0.0,291.1025,95.4495,0.0,0.0,25391.958104554193
09-09-2040 04:00:00,2922.420231411127,1.925292431128299,0.0,434.27,1499.44,0.0,472.64895000000007,18624.06006559304,0.0,0.0,292.42900000000003,95.335,0.0,0.0,24855.068736495603
09-09-2040 05:00:00,2228.2820457411453,2.541818659073877,0.0,433.37199999999996,1429.0479999999998,0.0,472.302,19280.340644510565,0.0,0.0,291.63,94.74,0.0,0.0,24747.309349203042
09-09-2040 06:00:00,1918.3034796708953,4.467111090202176,0.0,431.275,1425.632,0.0,474.11640000000006,19759.533300011153,0.0,0.0,287.8885,95.3115,0.0,0.0,24929.501103331564
09-09-2040 07:00:00,1499.7529357758478,52.02616063891638,0.0,432.01099999999997,1534.11,0.0,473.98815,20417.254793368516,0.0,0.0,291.66900000000004,95.556,0.0,0.0,25355.317018786936
09-09-2040 08:00:00,1389.7035250809633,2000.4978146880462,0.0,435.73800000000006,1670.651,0.0,477.21225000000004,18695.802764841494,0.0,0.0,293.726,94.82600000000001,0.0,0.0,25665.55988190872
09-09-2040 09:00:00,1169.0438980206122,9079.224822717308,6.39260498513143,436.124,2083.619,0.0,475.3824000000001,13249.12973049324,0.0,0.0,292.2185,94.1185,0.0,0.0,27569.803805066167
09-09-2040 10:00:00,707.8489174093986,17391.718159112188,1079.755808182192,437.723,2589.215,0.0,474.1596000000001,5630.690556714789,0.0,0.0,291.452,92.727,0.0,0.0,29541.973233412464
09-09-2040 11:00:00,713.522723745569,22656.268068288326,2148.8884811825446,436.879,2606.427,0.0,474.5494500000001,0.0,0.0,0.0,290.2685,91.7835,0.0,0.0,30697.360409315228
09-09-2040 12:00:00,837.0544450835854,25208.306471511434,0.0,434.28,2645.546,0.0,473.02485000000013,0.0,0.0,0.0,286.7275,91.2355,0.0,0.0,31488.205236924157
09-09-2040 13:00:00,1152.806044972675,25031.940741246843,0.0,435.57199999999995,2831.6009999999997,0.0,473.40600000000006,0.0,0.0,0.0,288.4775,92.2295,0.0,0.0,31938.08188403954
09-09-2040 14:00:00,1865.9894726753669,24389.448507634686,0.0,433.18,2777.134,0.0,473.09055000000006,0.0,0.0,0.0,287.186,91.667,0.0,0.0,32080.896188675895
09-09-2040 15:00:00,3697.7255533691796,22142.709616072672,0.0,427.963,1939.1729999999998,0.0,473.0724,0.0,0.0,0.0,285.381,91.42200000000001,0.0,0.0,30972.098990305316
09-09-2040 16:00:00,6444.814049310366,18958.667752870373,0.0,425.654,1461.944,0.0,471.52020000000005,0.0,0.0,0.0,285.272,92.071,0.0,0.0,30068.617233103512
09-09-2040 17:00:00,9843.725245104086,14689.959617009692,0.0,426.33099999999996,1396.451,655.1187755118535,475.69950000000006,0.0,0.0,0.0,283.515,92.985,0.0,0.0,29613.443438157425
09-09-2040 18:00:00,13026.401851544015,8809.629801111281,2684.282875920124,419.49,1473.299,932.6384811883272,477.48165000000006,0.0,0.0,0.0,284.684,91.976,0.0,0.0,29691.2958876588
09-09-2040 19:00:00,13341.044773743384,3624.298104101344,8294.378303793079,413.519,2293.9410000000003,0.0,474.5038500000001,0.0,0.0,0.0,279.9715,92.8645,0.0,0.0,30082.991326455125
09-09-2040 20:00:00,12242.55022908207,227.41164811501392,13807.769996483268,407.431,3125.272,0.0,472.57245,0.0,0.0,0.0,275.296,93.001,0.0,0.0,31754.478053143765
09-09-2040 21:00:00,12801.275117245574,4.175072350649007,15068.507412979638,421.587,3288.37,0.0,475.32720000000006,589.3474430203914,0.0,0.0,250.0565,93.3545,0.0,0.0,33994.33609438412
09-09-2040 22:00:00,13063.821126460474,6.0246510344857445,14530.684870519055,419.779,3073.245,0.0,483.3748500000001,0.0,0.0,0.0,237.30700000000002,92.693,0.0,0.0,32742.31205367044
09-09-2040 23:00:00,13651.901290759995,3.201609885471778,12663.307560047682,418.477,2366.715,0.0,483.12285000000014,0.0,0.0,0.0,236.6295,93.0255,0.0,0.0,30602.275489781663
10-09-2040 00:00:00,12794.22443629749,0.5948937287194181,4837.380053445205,422.954,1556.707,0.0,483.27060000000006,7525.733975724622,0.0,0.0,235.0275,93.5995,0.0,0.0,28565.459654429655
10-09-2040 01:00:00,11683.005404351918,7.690353474900114,138.33753105019176,422.55400000000003,1212.608,0.0,482.65020000000004,12256.805841803212,0.0,0.0,235.53400000000002,93.228,0.0,0.0,27107.5718582282
10-09-2040 02:00:00,10992.8972842595,0.5191799814278558,155.17658808419654,418.67,1180.601,0.0,479.82945000000007,11977.536371458875,0.0,0.0,237.81799999999998,93.476,0.0,0.0,26081.799640299047
10-09-2040 03:00:00,11272.921092270011,5.397308556927084,153.84154710406997,423.06199999999995,1156.257,0.0,480.6378000000001,11211.451767600893,0.0,0.0,236.3425,93.6825,0.0,0.0,25563.058211430714
10-09-2040 04:00:00,10699.68874155233,1.600804942735889,154.50419518179703,420.039,1165.346,0.0,484.26840000000004,11661.180032025344,0.0,0.0,238.1085,94.2015,0.0,0.0,25444.16142202779
10-09-2040 05:00:00,9850.470383652337,3.8073198638042767,154.7965399219707,419.195,1400.5739999999998,0.0,483.5997000000001,12692.847515795986,0.0,0.0,258.4715,94.2495,0.0,0.0,25900.15024863803
10-09-2040 06:00:00,9800.7791336134,4.856496076273068,153.35430587044715,421.16,1791.665,0.0,485.69415000000004,14841.938780463146,0.0,0.0,273.7565,94.7945,0.0,0.0,28476.40358847001
10-09-2040 07:00:00,9343.618086205066,63.826688966787025,153.0814507796184,415.538,2343.73,0.0,496.9168500000001,18097.01800173519,0.0,0.0,275.4685,91.9505,0.0,0.0,31977.48760482632
10-09-2040 08:00:00,8975.806918809147,2561.5691308673618,152.85731981215184,425.773,3909.248,0.0,503.4768000000001,16535.905677448565,0.0,0.0,280.4405,93.7315,0.0,0.0,34208.57931279569
10-09-2040 09:00:00,7964.446104855116,11406.059704481599,583.7929564775211,429.56800000000004,4338.624,0.0,503.58015,9723.859466880402,0.0,0.0,282.19599999999997,93.319,0.0,0.0,36213.26444984164
10-09-2040 10:00:00,8111.818099833602,19496.94971880369,2854.4712861641465,434.55699999999996,3802.87,0.0,502.42245,0.0,0.0,0.0,286.3705,93.6435,0.0,0.0,37381.112198840296
10-09-2040 11:00:00,6485.732222284689,24526.206537217622,0.0,432.644,3320.73,0.0,501.6981000000001,0.0,0.0,0.0,286.1445,91.9515,0.0,0.0,38103.12721182382
10-09-2040 12:00:00,5367.402191163304,26270.38328514683,0.0,428.80699999999996,3351.7670000000003,0.0,499.7980500000001,0.0,0.0,0.0,283.265,92.29899999999999,0.0,0.0,38882.72155214399
10-09-2040 13:00:00,5093.463299201482,26773.407264474707,0.0,430.43,3566.5229999999997,0.0,498.6205500000001,0.0,0.0,0.0,283.1915,92.1105,0.0,0.0,39439.659731964115
10-09-2040 14:00:00,5128.607784264887,26281.145790666225,0.0,438.145,3203.972,0.0,498.45720000000006,0.0,0.0,0.0,276.3695,90.0915,0.0,0.0,38746.29023624549
10-09-2040 15:00:00,5995.4161843048805,24975.028038891094,0.0,437.31699999999995,2978.6440000000002,0.0,495.04140000000007,0.0,0.0,0.0,273.2175,91.6445,0.0,0.0,38015.61639530861
10-09-2040 16:00:00,7566.327100293307,23091.78454273081,0.0,437.466,3174.67,0.0,497.20710000000014,0.0,0.0,0.0,272.66200000000003,92.611,0.0,0.0,37806.36454835721
10-09-2040 17:00:00,10473.242812381766,20596.122241996094,0.0,441.514,2750.2090000000003,0.0,498.2848500000001,0.0,0.0,0.0,274.0835,92.5715,0.0,0.0,37623.09625308948
10-09-2040 18:00:00,13806.033894787988,15323.564703094327,0.0,440.98699999999997,2279.275,1917.3587207946039,501.34215000000006,0.0,0.0,0.0,274.051,92.098,0.0,0.0,37139.98372324353
10-09-2040 19:00:00,15168.7684685519,5947.498725995641,0.0,442.819,4056.119,8000.0,506.46825000000007,0.0,0.0,0.0,274.9605,92.9565,0.0,0.0,36715.607783859276
10-09-2040 20:00:00,15400.133682482405,311.7567625978144,890.7902857261015,446.60400000000004,4811.6,8000.0,512.3796000000001,0.0,0.0,0.0,273.1785,92.4995,0.0,0.0,37445.56256673739
10-09-2040 21:00:00,16688.872848731924,7.8634134687094,8261.863935949155,447.218,3753.841,5812.641279205396,515.0350500000001,0.0,0.0,0.0,277.1325,94.0725,0.0,0.0,38535.55749424393
10-09-2040 22:00:00,17099.850582261453,2.433656162943074,12685.211984101657,435.675,2922.224,0.0,512.9448000000001,0.0,0.0,0.0,268.9165,93.8295,0.0,0.0,35298.5775882187
10-09-2040 23:00:00,16827.88690540607,2.271412418746869,10957.087911283008,434.84,2199.7039999999997,0.0,504.8691000000001,0.0,0.0,0.0,266.698,92.647,0.0,0.0,32437.884149459456
11-09-2040 00:00:00,16134.065865011871,0.4218337349101329,9932.85774919307,438.73900000000003,2274.342,0.0,495.9805500000001,0.0,0.0,0.0,266.2775,94.2275,0.0,0.0,30622.069487901077
11-09-2040 01:00:00,15107.77988496971,4.056093604905123,10033.211689821794,435.75199999999995,1669.5479999999998,0.0,495.0876000000001,0.0,0.0,0.0,268.815,94.124,0.0,0.0,28925.808179363692
11-09-2040 02:00:00,14138.440820056228,1.016727463629551,10441.29959611686,436.717,1343.596,0.0,495.2305500000001,0.0,0.0,0.0,274.786,94.13,0.0,0.0,27942.601371383826
11-09-2040 03:00:00,13018.771026798775,4.185888600262087,11043.307927706763,436.957,1428.195,0.0,493.12020000000007,0.0,0.0,0.0,269.4315,94.2685,0.0,0.0,27384.213171743162
11-09-2040 04:00:00,11299.197738655792,3.115079888567135,12358.982994213206,436.219,1587.839,0.0,491.58585000000005,0.0,0.0,0.0,274.1945,94.4325,0.0,0.0,27090.46549304959
11-09-2040 05:00:00,11272.596211743607,4.337316094845212,12541.809945419089,435.25,1696.362,0.0,491.00520000000006,0.0,0.0,0.0,278.014,93.96600000000001,0.0,0.0,27373.712989733507
11-09-2040 06:00:00,11221.458469837098,6.176078529068869,13816.243670393358,432.96,2132.548,0.0,493.79100000000005,0.0,0.0,0.0,276.777,94.28200000000001,0.0,0.0,29099.721280053127
11-09-2040 07:00:00,10753.162529148713,69.21318127410103,15068.507412979638,432.95300000000003,3670.1809999999996,0.0,504.9469500000001,709.415457375706,0.0,0.0,276.2795,93.5155,0.0,0.0,32298.319555739487
11-09-2040 08:00:00,9799.692330900065,2659.7914936037446,14911.989258903433,438.36699999999996,4246.532,0.0,508.1718000000001,0.0,0.0,0.0,274.8455,93.7175,0.0,0.0,33735.88326704773
11-09-2040 09:00:00,8845.545298221403,12220.133915360477,8056.334056797854,439.005,4234.043,0.0,508.5837000000001,0.0,0.0,0.0,275.0035,93.5445,0.0,0.0,35599.8119521118
11-09-2040 10:00:00,8640.271013141737,20850.87045160172,0.0,438.399,4046.027,0.0,504.55305000000004,0.0,0.0,0.0,274.363,93.29799999999999,0.0,0.0,36832.25774932278
11-09-2040 11:00:00,8028.723360612755,21936.8170894298,0.0,437.222,3952.978,0.0,504.06930000000006,0.0,0.0,0.0,263.6335,93.8245,0.0,0.0,37763.07822039555
11-09-2040 12:00:00,8380.222011757229,22449.811923312824,0.0,434.798,4115.305,0.0,501.4518000000001,0.0,0.0,0.0,261.18,92.911,0.0,0.0,38762.95467645059
11-09-2040 13:00:00,8128.310027025436,22875.774814892124,0.0,437.86400000000003,4659.707,0.0,502.89495000000005,0.0,0.0,0.0,271.28700000000003,90.59899999999999,0.0,0.0,39354.48092526285
11-09-2040 14:00:00,8473.674211207925,22085.213427814102,0.0,438.115,4542.657999999999,0.0,504.16455000000013,0.0,0.0,0.0,274.8845,86.1695,0.0,0.0,38717.119468086144
11-09-2040 15:00:00,8925.07492654559,21131.426234538445,0.0,435.631,4225.99,0.0,504.53895000000006,0.0,0.0,0.0,275.691,86.014,0.0,0.0,37900.247937870176
11-09-2040 16:00:00,10047.827829366142,19791.465395943695,0.0,434.74699999999996,4116.357,0.0,508.80930000000006,0.0,0.0,0.0,278.856,87.95200000000001,0.0,0.0,37656.98981541028
11-09-2040 17:00:00,12724.485609421132,17310.585427754242,0.0,429.38199999999995,3868.059,0.0,508.1988000000001,0.0,0.0,0.0,278.689,88.367,0.0,0.0,37625.39255179449
11-09-2040 18:00:00,16759.04704243573,12428.768554147186,0.0,437.35,3559.625,626.9048690656964,507.23115,0.0,0.0,0.0,276.279,88.256,0.0,0.0,37044.434559293346
11-09-2040 19:00:00,15982.845582845592,4638.97048030441,0.0,446.212,4783.343,8000.0,514.1955,0.0,0.0,0.0,268.7835,88.9245,0.0,0.0,36734.87653108423
11-09-2040 20:00:00,15055.617222354897,225.03207320013624,1052.6768022545657,457.06300000000005,5683.0109999999995,8000.0,518.50575,0.0,0.0,0.0,273.582,89.251,0.0,0.0,37960.33225070483
11-09-2040 21:00:00,15406.584881506766,7.8634134687094,4036.4462601416344,456.816,4617.536,7103.095130934307,521.9008500000001,0.0,0.0,0.0,284.6655,90.1115,0.0,0.0,38942.21253978271
11-09-2040 22:00:00,15177.764565033105,4.326499845232132,11306.990925418793,454.56,3986.36,0.0,521.9217000000001,0.0,0.0,0.0,284.09,89.836,0.0,0.0,35840.87867724929
11-09-2040 23:00:00,14991.364363007384,3.428751127346464,12302.088806129073,451.00800000000004,3086.532,0.0,519.7326,0.0,0.0,0.0,279.1675,89.0505,0.0,0.0,32808.85635732168
12-09-2040 00:00:00,15203.209671976301,0.4650987333624541,11122.826336615997,451.991,2491.593,0.0,509.43345000000005,0.0,0.0,0.0,272.3905,90.2115,0.0,0.0,31060.123154011995
12-09-2040 01:00:00,15122.047554754396,4.229153598714409,10362.030436866813,450.056,1922.226,0.0,508.1940000000001,0.0,0.0,0.0,274.3395,90.3085,0.0,0.0,29477.763915500913
12-09-2040 02:00:00,14099.640802902539,0.5408124806540165,11229.659784334397,454.46,1415.995,0.0,506.68440000000004,0.0,0.0,0.0,275.272,89.946,0.0,0.0,28638.132877158074
12-09-2040 03:00:00,13242.223079336098,4.93220982356463,11585.811133186424,446.77,1386.754,0.0,505.3393500000001,0.0,0.0,0.0,268.7415,90.1905,0.0,0.0,28076.251684671177
12-09-2040 04:00:00,11937.750413307751,2.62834865597852,12794.248520148196,445.902,1352.609,0.0,504.18765,0.0,0.0,0.0,277.968,90.03,0.0,0.0,27948.5569427862
12-09-2040 05:00:00,9775.276012290491,3.7099736172865527,14698.315599562942,445.01199999999994,1974.5710000000001,0.0,507.65625000000006,0.0,0.0,0.0,281.3765,90.5905,0.0,0.0,28335.238690679245
12-09-2040 06:00:00,8070.473185223061,5.2783298111832,15068.507412979638,445.301,3445.047,0.0,509.3256000000001,2125.0717662577263,0.0,0.0,278.33,90.411,0.0,0.0,30660.464881896525
12-09-2040 07:00:00,7042.682698933613,59.85712535878654,15068.507412979638,428.939,4472.083,0.0,516.3639000000001,5927.831642332396,0.0,0.0,281.9795,89.5425,0.0,0.0,34613.71998411965
12-09-2040 08:00:00,6072.867916106467,1949.9102152476694,15068.507412979638,441.699,4664.633,0.0,525.6847500000001,6831.356895878023,0.0,0.0,278.7825,88.5935,0.0,0.0,36722.380618870084
12-09-2040 09:00:00,4727.355877867415,10142.721749673818,15068.507412979638,445.39099999999996,4946.377,0.0,528.1605000000001,1405.2029449694528,0.0,0.0,279.634,89.49799999999999,0.0,0.0,38522.25436217075
12-09-2040 10:00:00,3597.0462473701473,18735.128809805607,9792.347003730527,447.98199999999997,5054.48,0.0,523.9624500000001,0.0,0.0,0.0,277.4535,88.8235,0.0,0.0,39930.804657393535
12-09-2040 11:00:00,3032.8254636349325,25291.333615276566,3906.985008772784,446.31800000000004,4905.415,0.0,522.67875,0.0,0.0,0.0,280.721,88.708,0.0,0.0,40779.89095581794
12-09-2040 12:00:00,2859.958082584165,29154.638387078146,780.7833726138715,452.16900000000004,4971.871,0.0,523.3434,0.0,0.0,0.0,266.7225,87.9655,0.0,0.0,41745.014922983275
12-09-2040 13:00:00,2512.0883913091006,30753.918238618597,2.1840914120889465,452.33099999999996,5067.139,0.0,522.2907000000001,0.0,0.0,0.0,266.2885,85.9755,0.0,0.0,42343.860089181035
12-09-2040 14:00:00,2642.546870614643,30147.662066989695,0.0,449.707,4747.06,0.0,523.29195,0.0,0.0,0.0,271.522,87.31700000000001,0.0,0.0,41486.46314611574
12-09-2040 15:00:00,3131.751583925709,28344.198436069266,703.5342914461612,447.853,4868.309,65.25507618800293,520.2573000000001,0.0,0.0,0.0,279.6625,86.7665,0.0,0.0,40900.345642349734
12-09-2040 16:00:00,4272.1518488681495,25091.438506177234,2903.535542766863,448.504,4906.417,0.0,521.0577000000001,0.0,0.0,0.0,286.8825,88.3315,0.0,0.0,40723.782479782094
12-09-2040 17:00:00,5794.959699142915,20064.3809897555,6626.994767018727,448.027,4614.028,0.0,523.6827000000001,0.0,0.0,0.0,285.6985,88.6375,0.0,0.0,40697.10144550132
12-09-2040 18:00:00,6430.762492196361,13146.102228486672,12046.288658078887,448.216,4899.669,0.0,525.1968,0.0,0.0,0.0,285.399,88.822,0.0,0.0,40045.77917666117
12-09-2040 19:00:00,6507.534854686465,4908.641215657728,15068.507412979638,453.619,5145.488,0.0,519.9478500000001,4529.947319622417,0.0,0.0,284.5705,88.7255,0.0,0.0,39416.42333173617
12-09-2040 20:00:00,6905.470955655958,205.5952726454309,15068.507412979638,452.23800000000006,5203.428,0.0,522.2782500000001,9938.606240885634,0.0,0.0,278.1525,88.5885,0.0,0.0,40186.3328937015
12-09-2040 21:00:00,7998.983998912375,9.90768464558158,15068.507412979638,454.10400000000004,4856.313,0.0,528.1902000000001,10169.073485153742,0.0,0.0,280.51099999999997,87.251,0.0,0.0,40673.326030722325
12-09-2040 22:00:00,8649.309725021254,6.88995100353217,15068.507412979638,446.341,3798.772,0.0,524.9307000000001,7120.518537010157,0.0,0.0,280.1105,86.6885,0.0,0.0,36996.778828352806
12-09-2040 23:00:00,9466.538953946152,5.083637318147754,15068.507412979638,446.389,3363.098,0.0,519.2034,3907.5460971478497,0.0,0.0,282.038,85.82600000000001,0.0,0.0,34004.00450514733
13-09-2040 00:00:00,10578.798377101286,1.3952962000873625,15068.507412979638,447.684,3205.222,0.0,514.6759500000001,1190.0384123630047,0.0,0.0,285.685,89.561,0.0,0.0,32092.249717393683
13-09-2040 01:00:00,11190.62189320568,7.744434722965515,14782.869916154912,448.155,2524.214,0.0,506.9023500000001,0.0,0.0,0.0,284.655,90.428,0.0,0.0,30439.6147363346
13-09-2040 02:00:00,11513.17797679824,27.06225653192698,7183.859504795881,446.88699999999994,1781.0929999999998,0.0,504.60165000000006,6791.319259586082,0.0,0.0,285.665,89.95,0.0,0.0,29183.976061809743
13-09-2040 03:00:00,11561.30670621017,5.786693542997977,0.0,446.60400000000004,1386.145,0.0,506.0833500000001,13775.046093683834,0.0,0.0,287.8645,90.8215,0.0,0.0,28604.806600682918
13-09-2040 04:00:00,10979.055053259399,3.0177336420494116,0.0,447.564,1435.835,0.0,504.8263500000001,14105.806786454199,0.0,0.0,289.6215,90.4765,0.0,0.0,28392.063992829582
13-09-2040 05:00:00,10792.055369309946,4.196704849875167,0.0,446.499,1592.83,0.0,507.9088500000001,14391.917956606463,0.0,0.0,288.1775,90.8935,0.0,0.0,28664.802379726585
13-09-2040 06:00:00,11198.511848846982,5.180983564665477,0.0,446.88699999999994,2498.406,0.0,511.88430000000005,15184.637750208029,0.0,0.0,286.5095,90.6155,0.0,0.0,30836.204829004277
13-09-2040 07:00:00,10747.651163075745,65.95749014056385,0.0,447.596,4441.477,0.0,518.3958000000001,17241.208508489835,0.0,0.0,285.37,89.895,0.0,0.0,34549.48202292278
13-09-2040 08:00:00,10237.971631523676,3033.0494515015334,6.480308407183538,454.605,5078.073,0.0,517.6344,16310.038919175662,0.0,0.0,283.242,89.345,0.0,0.0,36804.54741672405
13-09-2040 09:00:00,9026.256223409697,13407.476900386759,381.8899340888958,450.69800000000004,5072.312,0.0,516.3748500000002,8588.36741879572,0.0,0.0,279.31,89.61399999999999,0.0,0.0,38721.51416643388
13-09-2040 10:00:00,8281.189147600184,22641.871640053316,1307.7209847466074,434.801,4683.066,0.0,513.5469,0.0,0.0,0.0,277.96,89.12899999999999,0.0,0.0,39920.576772589775
13-09-2040 11:00:00,6577.036377067223,26386.960019940652,0.0,427.134,4264.5740000000005,0.0,512.5314000000001,0.0,0.0,0.0,279.611,88.93,0.0,0.0,40807.08012942012
13-09-2040 12:00:00,5658.1328114149055,28420.90558418748,0.0,420.996,4060.617,0.0,510.94185000000016,0.0,0.0,0.0,269.1715,87.3875,0.0,0.0,41863.81164688293
13-09-2040 13:00:00,5190.13758104326,28858.603625973534,0.0,421.176,4473.413,0.0,514.0383,0.0,0.0,0.0,270.85400000000004,85.272,0.0,0.0,42413.63327226842
13-09-2040 14:00:00,5379.319913782983,27843.019956424916,0.0,419.315,4192.548,0.0,516.5095500000001,0.0,0.0,0.0,263.942,87.257,0.0,0.0,41473.319598060785
13-09-2040 15:00:00,6133.693450540318,26810.70651970749,0.0,413.82099999999997,3961.2870000000003,0.0,512.5666500000001,0.0,0.0,0.0,255.4495,88.1485,0.0,0.0,40876.22092828617
13-09-2040 16:00:00,7538.475201963818,25528.942459192433,0.0,407.52,3828.1290000000004,0.0,510.3378000000001,0.0,0.0,0.0,263.258,88.80799999999999,0.0,0.0,40894.220815170476
13-09-2040 17:00:00,9213.074128969374,23073.61305960903,0.0,408.96,4404.405,392.539149874754,509.63400000000007,0.0,0.0,0.0,272.3415,87.5745,0.0,0.0,41010.23653645901
13-09-2040 18:00:00,10017.586605860646,15373.535776306759,0.0,393.666,5167.995,6136.696707072888,512.63415,0.0,0.0,0.0,281.264,87.86399999999999,0.0,0.0,40420.58177295127
13-09-2040 19:00:00,10794.047196346844,5285.31710843325,5004.05338293814,393.11,5672.456,8000.0,513.8965500000002,0.0,0.0,0.0,280.6965,88.8115,0.0,0.0,39699.59233837848
13-09-2040 20:00:00,12078.12974171787,172.90856631470214,12087.001327706232,393.556,5292.483,8000.0,518.64165,0.0,0.0,0.0,278.374,88.565,0.0,0.0,40448.70724719177
13-09-2040 21:00:00,13668.984591773537,8.89095718195203,15068.507412979638,397.515,5365.974,1200.7641430523581,522.8824500000001,3041.835396944025,0.0,0.0,279.082,89.119,0.0,0.0,40969.36145233438
13-09-2040 22:00:00,14841.312103686045,5.094453567760835,15068.507412979638,389.745,3984.304,0.0,523.2243000000001,1087.185028149166,0.0,0.0,281.019,89.78399999999999,0.0,0.0,37414.26326768706
13-09-2040 23:00:00,14744.760705338287,3.2773236327633395,14300.170492028135,402.11400000000003,2958.1620000000003,0.0,518.39205,0.0,0.0,0.0,277.7995,88.6855,0.0,0.0,34313.312183602946
14-09-2040 00:00:00,14664.457200936167,0.44346623413629344,13074.410981367428,419.111,2356.802,0.0,509.96175000000005,0.0,0.0,0.0,276.0,90.632,0.0,0.0,32277.60562457334
14-09-2040 01:00:00,15633.513929201697,7.625455977221632,11408.51737196204,407.695,1666.559,0.0,507.00090000000006,0.0,0.0,0.0,276.04900000000004,90.87299999999999,0.0,0.0,30787.121769677036
14-09-2040 02:00:00,15868.000316760897,0.5516287302670967,10459.794842692225,398.681,1231.019,0.0,504.4113000000001,0.0,0.0,0.0,282.546,90.494,0.0,0.0,29506.07166519348
14-09-2040 03:00:00,15386.306921983558,4.910577324338469,10533.415276167836,399.236,1198.256,0.0,503.7679500000001,0.0,0.0,0.0,284.71,90.354,0.0,0.0,28974.980144472636
14-09-2040 04:00:00,14463.974975140847,3.320588631215661,11076.580532540667,390.897,1284.933,0.0,502.49820000000005,0.0,0.0,0.0,280.20799999999997,89.76799999999999,0.0,0.0,28656.905016773897
14-09-2040 05:00:00,13766.665336713088,4.943026073177711,12325.37099064166,395.157,1203.385,0.0,504.8496000000001,0.0,0.0,0.0,270.8505,90.0015,0.0,0.0,29127.345310805165
14-09-2040 06:00:00,13286.99084234985,5.721796045319494,13982.620450221926,392.57599999999996,2115.071,0.0,511.83420000000007,0.0,0.0,0.0,268.5725,90.1065,0.0,0.0,31274.833964756635
14-09-2040 07:00:00,12494.301696044586,66.99585010341957,10378.786344710123,389.41900000000004,3587.684,0.0,523.6908000000001,6383.775478539195,0.0,0.0,266.645,88.939,0.0,0.0,34897.44362892317
14-09-2040 08:00:00,11494.543758033637,2689.5361800397154,105.2148719885123,410.911,4458.321,0.0,530.67975,15961.344564487103,0.0,0.0,263.741,88.814,0.0,0.0,36793.54951113308
14-09-2040 09:00:00,8700.478407930277,11401.062597160357,197.34244444191555,413.416,4566.915,0.0,529.2487500000001,11650.531541540024,0.0,0.0,265.48,88.774,0.0,0.0,38687.153011780014
14-09-2040 10:00:00,7267.267965688043,19812.535433764537,3523.9332428783737,412.441,4460.090999999999,0.0,528.42825,2421.8315322247117,0.0,0.0,258.98900000000003,87.213,0.0,0.0,40034.307726885614
14-09-2040 11:00:00,5908.219238848719,26445.3950002434,1577.9570066971692,415.469,3964.23,0.0,526.2990000000001,0.0,0.0,0.0,259.922,88.686,0.0,0.0,40900.21172569111
14-09-2040 12:00:00,5156.609032554152,29296.747378791995,0.0,418.42199999999997,4375.0070000000005,0.0,526.52475,0.0,0.0,0.0,265.197,87.581,0.0,0.0,41954.96462452247
14-09-2040 13:00:00,5003.252134506579,29894.97617536336,0.0,426.305,4440.175,0.0,525.36225,0.0,0.0,0.0,268.045,87.8,0.0,0.0,42421.3970905532
14-09-2040 14:00:00,5079.8506377237145,28986.71600430082,0.0,427.361,4371.63,0.0,526.9434,0.0,0.0,0.0,261.8815,85.7535,0.0,0.0,41449.00182081431
14-09-2040 15:00:00,6005.869042785757,26689.820608999788,0.0,423.032,4608.849,257.8943829190948,524.6070000000001,0.0,0.0,0.0,258.10400000000004,86.148,0.0,0.0,40398.49110413614
14-09-2040 16:00:00,7626.075301352126,21966.234607972252,2123.654195564328,419.793,4703.463,694.973753109698,523.7610000000001,0.0,0.0,0.0,256.684,87.296,0.0,0.0,39984.798366195035
14-09-2040 17:00:00,10449.604221100308,15781.189407974141,6698.895574879876,407.414,4151.08,0.0,521.4028500000001,0.0,0.0,0.0,263.9045,87.6535,0.0,0.0,39814.99725090735
14-09-2040 18:00:00,11866.678930531016,8933.951774164025,12402.466665252548,416.06300000000005,3403.0429999999997,0.0,525.61905,0.0,0.0,0.0,276.0835,87.6985,0.0,0.0,39136.65543623262
14-09-2040 19:00:00,13543.642590585661,2423.975619539367,15068.507412979638,432.569,3222.5809999999997,0.0,528.4318500000002,1883.54272986481,0.0,0.0,280.2565,88.0345,0.0,0.0,38545.387348978955
14-09-2040 20:00:00,16587.425036736182,49.84127821707416,15068.507412979638,434.106,3253.1420000000003,0.0,529.0959,1920.8643504157626,0.0,0.0,274.1825,88.5405,0.0,0.0,39219.4233710876
14-09-2040 21:00:00,20042.471420689497,8.036473462518684,537.1763084801131,438.545,3185.5170000000003,0.0,529.6558500000001,13360.432152022997,0.0,0.0,278.865,89.042,0.0,0.0,39370.37608866221
14-09-2040 22:00:00,22285.60128001248,4.467111090202176,0.0,422.603,2513.254,0.0,528.1023000000001,9248.437705626115,0.0,0.0,285.008,89.92299999999999,0.0,0.0,36172.42730877026
14-09-2040 23:00:00,21816.949517795176,2.95283614437093,0.0,426.414,1839.9470000000001,0.0,524.34855,7776.616268952148,0.0,0.0,284.559,89.26299999999999,0.0,0.0,33473.502961705955
15-09-2040 00:00:00,20609.99902406849,4.96465857240387,0.0,421.085,2270.715,0.0,512.3038500000001,7103.488563646679,0.0,0.0,280.638,91.00200000000001,0.0,0.0,31942.19386944129
15-09-2040 01:00:00,19029.447527850287,2.7689599009485644,0.0,411.795,2004.861,0.0,504.60645000000005,7421.296310111706,0.0,0.0,271.4645,91.2555,0.0,0.0,30336.433066823283
15-09-2040 02:00:00,18422.516557768562,0.8328512202071854,0.0,414.949,1337.543,0.0,505.42440000000005,7279.182856427673,0.0,0.0,278.09,90.20700000000001,0.0,0.0,28895.77030083962
15-09-2040 03:00:00,17159.64020199619,2.541818659073877,0.0,413.35,1147.406,0.0,504.06840000000005,7949.994461484599,0.0,0.0,286.506,90.965,0.0,0.0,28103.208736065048
15-09-2040 04:00:00,16052.29266299029,1.081624961308033,0.0,415.371,1131.93,0.0,506.09445000000005,8404.338395740888,0.0,0.0,285.965,91.15299999999999,0.0,0.0,27428.85689383643
15-09-2040 05:00:00,14908.678401411618,3.3314048808287415,0.0,416.259,1162.2,0.0,505.55550000000005,9186.95600681532,0.0,0.0,284.29200000000003,90.35700000000001,0.0,0.0,27103.01571590862
15-09-2040 06:00:00,13927.906636068881,4.337316094845212,0.0,419.728,1198.583,0.0,503.82465,10436.064043005219,0.0,0.0,285.226,90.844,0.0,0.0,27442.67300111035
15-09-2040 07:00:00,12470.689843500397,53.55125183436072,0.0,423.975,1592.5279999999998,0.0,506.20770000000005,12510.991019477591,0.0,0.0,284.1495,90.1535,0.0,0.0,28548.796330196717
15-09-2040 08:00:00,10573.874890076104,1623.5082506737442,0.0,429.37300000000005,1482.6879999999999,0.0,508.5876000000001,13791.54701986848,0.0,0.0,283.48,91.098,0.0,0.0,29466.039512036816
15-09-2040 09:00:00,6847.479781692399,9059.08496593775,0.0779585973796516,427.744,2420.769,0.0,502.95225000000005,11821.252300670461,0.0,0.0,279.9115,91.7875,0.0,0.0,32222.814367671508
15-09-2040 10:00:00,4239.319577574522,16841.62533629015,1740.6790519422054,422.708,3315.8309999999997,0.0,505.24545000000006,5820.680930748365,0.0,0.0,276.2435,90.0655,0.0,0.0,34258.69464636662
15-09-2040 11:00:00,3256.27364854694,22109.593180344018,3618.1609746672034,420.398,3292.51,0.0,507.1573500000001,0.0,0.0,0.0,272.3615,90.4945,0.0,0.0,35109.655778011984
15-09-2040 12:00:00,2629.8305087542535,25082.763873987536,1102.25892174925,426.374,3393.6059999999998,0.0,500.78790000000004,0.0,0.0,0.0,272.3755,90.3975,0.0,0.0,35458.25200017804
15-09-2040 13:00:00,2606.5009928580157,26162.560889110962,41.60125594130932,423.214,3518.498,0.0,492.72315000000003,0.0,0.0,0.0,273.0835,90.6835,0.0,0.0,35884.47338551653
15-09-2040 14:00:00,3351.5113075284958,25435.996207714452,0.0,423.652,2979.765,0.0,492.62865000000005,0.0,0.0,0.0,267.393,90.05799999999999,0.0,0.0,35331.236141354246
15-09-2040 15:00:00,4829.398077273174,23244.416556026168,0.0,421.931,2147.783,0.0,491.9472,0.0,0.0,0.0,261.4275,89.6435,0.0,0.0,33802.27245056937
15-09-2040 16:00:00,6100.734156496453,21244.520352539468,0.0,416.602,1804.639,438.2795282967263,490.1848500000001,0.0,0.0,0.0,264.535,89.17,0.0,0.0,33018.59923202145
15-09-2040 17:00:00,6535.528726711823,17035.26865311313,3591.5749222240365,412.602,1860.6570000000002,672.0747655393898,490.28130000000004,0.0,0.0,0.0,278.8675,89.6025,0.0,0.0,32908.44310852991
15-09-2040 18:00:00,6631.952493424207,11177.241943916886,9954.502167935992,407.43300000000005,1992.149,0.0,491.1928500000001,0.0,0.0,0.0,282.949,90.072,0.0,0.0,32707.408908539768
15-09-2040 19:00:00,6954.860530920373,3683.960536967095,15068.507412979638,409.75199999999995,2125.331,0.0,492.88815000000005,2113.782135136771,0.0,0.0,281.186,89.84700000000001,0.0,0.0,32669.028766163767
15-09-2040 20:00:00,6804.757992469945,117.2373295561777,15068.507412979638,413.671,2908.467,0.0,496.3923000000001,6584.801400479675,0.0,0.0,280.341,90.20100000000001,0.0,0.0,34043.98941548274
15-09-2040 21:00:00,8295.394935379838,4.077726104131284,15068.507412979638,400.904,2916.38,0.0,499.41465,6740.309693720512,0.0,0.0,263.449,90.329,0.0,0.0,35375.89325511336
15-09-2040 22:00:00,8773.723496133682,4.023644856065883,15068.507412979638,403.746,3401.861,0.0,494.80095000000006,3817.9636422977746,0.0,0.0,265.1655,90.4035,0.0,0.0,33248.24695807469
15-09-2040 23:00:00,8649.321327897196,1.9144761815152183,15068.507412979638,402.25,3366.8059999999996,0.0,488.03400000000005,2333.88316731367,0.0,0.0,266.8525,90.2105,0.0,0.0,31394.838170528386
16-09-2040 00:00:00,8093.516496846036,1.3303987024088806,7313.454610715123,403.436,2763.867,0.0,489.2766000000001,9352.016615594785,0.0,0.0,271.7575,90.6885,0.0,0.0,29415.67568866597
16-09-2040 01:00:00,7421.508863224839,7.885045967935561,94.07653738789456,411.211,2137.36,0.0,491.44320000000005,16119.086993719735,0.0,0.0,279.712,90.801,0.0,0.0,27636.09775896389
16-09-2040 02:00:00,7213.798045716974,1.8603949334498164,92.75124123244048,399.548,1405.5810000000001,0.0,494.0406000000001,15747.964738783736,0.0,0.0,280.274,90.524,0.0,0.0,26278.223759315453
16-09-2040 03:00:00,6451.0597898461365,5.775877293384896,93.80368229706578,410.452,1099.9660000000001,0.0,494.66895,16182.813252280212,0.0,0.0,279.172,90.55799999999999,0.0,0.0,25642.410899499617
16-09-2040 04:00:00,5964.589877805561,3.060998640501734,94.02781326453227,414.585,1179.715,0.0,495.82905000000005,15972.708343916893,0.0,0.0,281.2045,91.0325,0.0,0.0,25022.14873967785
16-09-2040 05:00:00,5428.610494115824,5.235064812730879,94.11551668658437,416.796,1075.764,0.0,496.2528000000001,16430.908309770966,0.0,0.0,283.70799999999997,91.432,0.0,0.0,24851.91834710106
16-09-2040 06:00:00,5442.6770473841625,6.900767253145251,92.73175158309557,433.73900000000003,1201.5330000000001,0.0,494.9664,16615.72893667398,0.0,0.0,282.474,90.23899999999999,0.0,0.0,25208.384032915914
16-09-2040 07:00:00,4782.662919862805,59.1648853835494,94.65148204356947,433.236,1484.8339999999998,0.0,495.4236000000001,17301.31317183513,0.0,0.0,285.2355,90.4415,0.0,0.0,25602.126536635868
16-09-2040 08:00:00,4146.693818920842,2462.8275881495515,94.7196958162767,435.991,1502.9289999999999,0.0,494.10690000000005,15591.753269899296,0.0,0.0,283.628,90.88,0.0,0.0,25725.172138521666
16-09-2040 09:00:00,3106.3296827344006,12066.38092711054,288.70017574619476,438.93300000000005,1809.759,0.0,491.02290000000005,8540.551340081285,0.0,0.0,284.361,92.00200000000001,0.0,0.0,27835.09344981693
16-09-2040 10:00:00,2681.501982954143,21327.480987071795,983.5857629955631,437.036,1882.6129999999998,0.0,488.09805000000006,0.0,0.0,0.0,281.317,90.03,0.0,0.0,29746.795414888573
16-09-2040 11:00:00,2121.4456434685894,23501.115887183205,0.0,428.349,1704.0929999999998,0.0,484.18725000000006,0.0,0.0,0.0,282.6815,90.8545,0.0,0.0,31078.300108478295
16-09-2040 12:00:00,1545.0665124976065,24209.701869286113,0.0,429.05800000000005,2066.714,0.0,481.06545000000006,0.0,0.0,0.0,286.745,89.75200000000001,0.0,0.0,31792.28160990619
16-09-2040 13:00:00,1718.4004213040384,24546.594653764005,0.0,433.33099999999996,2370.8379999999997,0.0,478.06380000000007,0.0,0.0,0.0,285.5275,89.5925,0.0,0.0,32684.966336504996
16-09-2040 14:00:00,2405.9888502871368,24138.443127002047,0.0,433.73900000000003,2357.992,0.0,477.28935000000007,0.0,0.0,0.0,283.6385,89.8185,0.0,0.0,32919.838672198886
16-09-2040 15:00:00,2825.6010670408864,23020.486795942685,0.0,433.004,1720.287,0.0,476.73345000000006,0.0,0.0,0.0,283.7335,89.5785,0.0,0.0,31567.55978494664
16-09-2040 16:00:00,4599.130379379797,25694.91953959694,0.0,432.282,1504.731,0.0,478.0950000000001,0.0,0.0,0.0,283.7,90.00299999999999,0.0,-4874.337222644421,30818.818354814674
16-09-2040 17:00:00,6392.725203905373,21908.804674481813,0.0,422.205,1781.495,0.0,477.8968500000001,0.0,0.0,0.0,283.5825,89.6845,0.0,-3103.7521671851946,30770.800304914366
16-09-2040 18:00:00,7464.984839383593,13330.627446885821,0.0,416.533,1478.356,5039.4455031793295,477.45270000000005,0.0,0.0,0.0,285.36400000000003,90.421,0.0,0.0,30857.171341868245
16-09-2040 19:00:00,7571.503108166464,3746.0890747446283,940.8401657135873,419.935,2732.176,8000.0,481.02270000000004,0.0,0.0,0.0,283.971,89.34100000000001,0.0,0.0,31174.492444380667
16-09-2040 20:00:00,7986.10867424086,60.2140615960182,5818.247119617961,430.26800000000003,3650.238,8000.0,482.9773500000001,0.0,0.0,0.0,284.3785,89.0905,0.0,0.0,33349.75243740869
16-09-2040 21:00:00,9499.08888859183,8.728713437755827,11578.946527250657,432.75800000000004,3849.329,2690.5544968206705,482.42835000000014,0.0,0.0,0.0,284.9095,89.9275,0.0,0.0,35332.44287924489
16-09-2040 22:00:00,11335.321359091942,5.364859808087843,15068.507412979638,429.79,2906.005,0.0,482.13345000000004,1789.7617987966914,0.0,0.0,282.948,89.851,0.0,0.0,33649.92588377277
16-09-2040 23:00:00,11506.993643920576,2.9312036451447696,15068.507412979638,428.53,2352.726,0.0,480.8034,4.824360640692248,0.0,0.0,280.899,90.057,0.0,0.0,31263.038883056044
17-09-2040 00:00:00,12375.376085253236,1.276317454343479,13275.64832263848,419.952,1547.265,0.0,481.3347,0.0,0.0,0.0,276.351,90.693,0.0,0.0,29311.17791599278
17-09-2040 01:00:00,12815.674286290949,7.495660981864668,11596.074340326264,432.596,1319.559,0.0,482.2249500000001,0.0,0.0,0.0,275.2045,90.3405,0.0,0.0,27703.52963246936
17-09-2040 02:00:00,13820.576165969995,1.5899886931228084,9862.759930444108,436.75699999999995,1009.743,0.0,480.8020500000001,0.0,0.0,0.0,280.4575,90.2125,0.0,0.0,26600.483782596744
17-09-2040 03:00:00,14864.73831021514,2.660797404817761,8495.305555842333,433.981,1052.809,0.0,482.61705000000006,0.0,0.0,0.0,283.251,90.785,0.0,0.0,26293.4980702057
17-09-2040 04:00:00,16033.971721876156,2.5201861598477167,7258.3871229585475,417.86699999999996,1046.402,0.0,482.6154,0.0,0.0,0.0,283.8915,90.7465,0.0,0.0,26161.093925825146
17-09-2040 05:00:00,15629.143512596469,3.255691133537179,8290.97798690016,418.816,1175.053,0.0,484.68345000000005,0.0,0.0,0.0,284.009,90.56,0.0,0.0,26920.637966420873
17-09-2040 06:00:00,14691.379740749448,5.343227308861683,11199.749990753955,415.87199999999996,1857.944,0.0,491.7118500000001,0.0,0.0,0.0,285.4275,90.7005,0.0,0.0,29648.444416847025
17-09-2040 07:00:00,14790.642344442573,56.49327172911856,13686.761001677512,412.93199999999996,3551.2140000000004,0.0,501.23025000000007,0.0,0.0,0.0,284.0635,89.9315,0.0,0.0,34088.178936908764
17-09-2040 08:00:00,13689.761474962295,2134.7274723863734,15068.507412979638,417.91,2926.282,0.0,514.7080500000001,196.24712882185486,0.0,0.0,282.3745,89.1685,0.0,0.0,36100.36377882937
17-09-2040 09:00:00,12459.47759771406,11060.631956838266,9333.368343657217,420.944,2815.243,0.0,508.2709500000001,0.0,0.0,0.0,270.0015,88.0655,0.0,0.0,37814.01490947284
17-09-2040 10:00:00,12563.122220888357,19445.421105646976,2109.208386580527,418.309,2557.837,0.0,507.57345000000004,0.0,0.0,0.0,273.487,86.494,0.0,0.0,39366.92141085995
17-09-2040 11:00:00,11796.787295327491,22146.22675480819,0.0,419.20099999999996,2972.913,0.0,501.79635000000013,0.0,0.0,0.0,272.3805,85.2895,0.0,0.0,40351.69690369952
17-09-2040 12:00:00,12336.665669150443,22600.213960365454,0.0,417.505,2860.842,0.0,492.1140000000001,0.0,0.0,0.0,270.379,86.561,0.0,0.0,41413.426116464696
17-09-2040 13:00:00,13440.152407637226,22368.414383016327,0.0,422.11,2332.2729999999997,0.0,489.13725000000005,0.0,0.0,0.0,266.5845,86.1405,0.0,0.0,41782.298808711996
17-09-2040 14:00:00,13663.953957044934,21738.66228100114,0.0,420.575,2167.695,0.0,489.93975000000006,0.0,0.0,0.0,270.9275,86.6365,0.0,0.0,41011.47600953288
17-09-2040 15:00:00,14021.195718825224,20624.768594813857,0.0,432.20599999999996,2148.663,0.0,494.20365000000004,0.0,0.0,0.0,264.9445,85.8035,0.0,0.0,40225.581262414365
17-09-2040 16:00:00,16555.240297028926,18128.645826759566,0.0,437.38199999999995,1939.6729999999998,0.0,495.61035000000015,0.0,0.0,0.0,263.66900000000004,86.36,0.0,0.0,39987.025846617114
17-09-2040 17:00:00,20216.008096317128,14405.696948725745,0.0,442.353,2196.853,0.0,499.88295000000005,0.0,0.0,0.0,261.628,86.927,0.0,0.0,39931.510323786446
17-09-2040 18:00:00,20568.290552678398,8423.392343677793,0.0,433.657,2273.269,5072.9500301513435,501.37500000000006,0.0,0.0,0.0,257.909,87.055,0.0,0.0,39274.92289831739
17-09-2040 19:00:00,19299.295613658705,2151.2114367967074,0.0,436.116,2442.687,8000.0,506.8083000000001,0.0,0.0,0.0,255.7115,86.9575,0.0,0.0,38700.67487439565
17-09-2040 20:00:00,15480.274746621324,36.45076119608071,5758.039407419215,439.0,3365.7870000000003,8000.0,507.91395000000006,0.0,0.0,0.0,257.2355,86.8845,0.0,0.0,40167.966223968775
17-09-2040 21:00:00,12440.22455889916,6.8791347539190895,15068.507412979638,441.205,3136.462,2657.0499698486565,498.7045500000001,2994.4367965739293,0.0,0.0,260.555,89.22200000000001,0.0,0.0,40375.59916731349
17-09-2040 22:00:00,12368.282860426692,5.191799814278558,15068.507412979638,450.658,2749.103,0.0,491.79705000000007,4317.943257949493,0.0,0.0,259.106,89.337,0.0,0.0,36593.50815437048
17-09-2040 23:00:00,11763.769156166445,2.0226386776460217,15068.507412979638,453.769,2367.999,0.0,489.57315000000006,2162.326726322306,0.0,0.0,258.07,89.46,0.0,0.0,33338.697617237805
18-09-2040 00:00:00,11256.240024289164,1.0275437132426313,15068.507412979638,449.79699999999997,2222.3179999999998,0.0,480.61305000000004,925.962674845563,0.0,0.0,260.361,89.37,0.0,0.0,31367.062739553938
18-09-2040 01:00:00,10193.211603760554,3.5260973738641876,15068.507412979638,450.43,2008.471,0.0,476.02875000000006,818.5094837658708,0.0,0.0,262.404,90.56700000000001,0.0,0.0,29938.898117728742
18-09-2040 02:00:00,7503.912488172657,2.033454927259102,15068.507412979638,448.11,1913.875,0.0,476.41215,2622.609972046481,0.0,0.0,258.2405,90.1665,0.0,0.0,28924.32654033209
18-09-2040 03:00:00,5598.766669821224,3.569362372316509,15068.507412979638,446.969,2118.612,0.0,482.81250000000006,3780.9079910506553,0.0,0.0,258.503,90.51,0.0,0.0,28377.73081845701
18-09-2040 04:00:00,3979.1212169254377,2.595899907139279,1512.164780379182,446.231,2103.306,0.0,487.2154500000001,18805.532551505585,0.0,0.0,256.2685,89.1825,0.0,0.0,28207.513073564645
18-09-2040 05:00:00,3281.4750950953294,4.261602347553649,0.0,446.77099999999996,2455.869,0.0,493.1436000000001,21025.580363014065,0.0,0.0,252.197,88.679,0.0,0.0,28591.2449350604
18-09-2040 06:00:00,2767.850585722611,5.0079235708561916,0.0,445.9,3450.8790000000004,0.0,497.40045000000003,22692.412922600415,0.0,0.0,251.8235,90.1915,0.0,0.0,30811.757226997062
18-09-2040 07:00:00,2830.5215863165486,54.47063305147255,0.0,446.661,3150.7870000000003,0.0,501.5320500000001,24562.0,0.0,0.0,252.028,88.844,2344.419406464229,0.0,34946.873755590714
18-09-2040 08:00:00,3107.466764576824,1828.6276083361995,0.0,458.81,3167.652,0.0,508.85325000000006,24562.0,0.0,0.0,258.5285,89.3275,2073.984477182832,0.0,36843.4271426349
18-09-2040 09:00:00,2515.9676194994067,10564.468954587044,67.01515927248302,452.461,3490.722,0.0,514.0735500000001,19608.439384450736,0.0,0.0,263.3365,88.2025,0.0,0.0,38425.98762812467
18-09-2040 10:00:00,1969.2749136888854,19764.284144240588,3547.486484111701,450.275,3794.3779999999997,0.0,512.9355,8034.003320695003,0.0,0.0,266.0175,88.1825,0.0,0.0,39678.36171210443
18-09-2040 11:00:00,1577.1711916934516,26982.908524765422,4969.626831194349,449.42400000000004,3282.1540000000005,0.0,513.2775,0.0,0.0,0.0,268.252,88.79700000000001,0.0,0.0,40374.78413564936
18-09-2040 12:00:00,1393.5092683902967,31781.818888098456,1318.3478618003774,449.981,2981.3720000000003,0.0,511.7385000000001,0.0,0.0,0.0,264.45,88.291,0.0,0.0,41434.08908490241
18-09-2040 13:00:00,1725.9613115398527,33230.674685403385,0.0,457.18800000000005,2904.35,0.0,512.3826,0.0,0.0,0.0,262.013,88.458,0.0,0.0,41949.83859242224
18-09-2040 14:00:00,2967.554957341808,31552.47595380709,0.0,455.08,2412.594,0.0,513.3994500000001,0.0,0.0,0.0,261.003,86.846,0.0,0.0,40926.401732223516
18-09-2040 15:00:00,3847.9507043888175,29281.999726272166,351.5532840025785,445.983,2237.7870000000003,643.5803436394963,512.8719,0.0,0.0,0.0,262.387,87.355,0.0,0.0,40247.39554212567
18-09-2040 16:00:00,4994.887256112531,22921.8502612879,5838.885313397067,450.8,2535.885,0.0,512.5813500000002,0.0,0.0,0.0,255.891,88.014,0.0,0.0,40209.10839742927
18-09-2040 17:00:00,5689.47408631898,16906.284876477144,11311.34027079053,446.81699999999995,2538.422,0.0,514.8022500000001,0.0,0.0,0.0,252.7195,85.1495,0.0,0.0,40189.14402756081
18-09-2040 18:00:00,5880.376204210622,10372.426442706803,15068.507412979638,453.69699999999995,2608.928,0.0,512.48175,2193.4958914008967,0.0,0.0,256.19,84.539,0.0,0.0,39536.71880624049
18-09-2040 19:00:00,5074.297339067031,3158.312438270617,15068.507412979638,451.18699999999995,3105.0679999999998,0.0,515.2870500000001,9457.429036861795,0.0,0.0,266.789,87.021,0.0,0.0,38992.93235827111
18-09-2040 20:00:00,4045.775871593169,56.13633549188692,15068.507412979638,453.731,3880.357,0.0,515.8251000000001,14458.354520559773,0.0,0.0,275.4035,86.8315,0.0,0.0,40336.99694647858
18-09-2040 21:00:00,5169.088967896755,4.910577324338469,15068.507412979638,453.13699999999994,3879.3779999999997,0.0,517.4964,13800.364228320417,0.0,0.0,279.3725,88.3965,0.0,0.0,40568.51876177137
18-09-2040 22:00:00,6385.476467390484,5.310778560022442,15068.507412979638,436.404,2502.61,0.0,518.5950000000001,10250.672256473728,0.0,0.0,277.976,88.007,0.0,0.0,36628.564187686454
18-09-2040 23:00:00,5506.167984544745,1.4710099473789249,15068.507412979638,439.289,2996.9840000000004,0.0,515.1214500000001,7678.741429371916,0.0,0.0,282.3815,89.3005,0.0,0.0,33432.57059101066
19-09-2040 00:00:00,4721.747821161588,0.6922399752371411,15068.507412979638,452.645,3549.737,0.0,506.3395500000001,6276.485033771456,0.0,0.0,281.874,89.68700000000001,0.0,0.0,31613.548253487086
19-09-2040 01:00:00,3408.352543533006,8.501572195881138,11956.249156542717,454.985,3044.062,0.0,503.75040000000007,9595.961061270269,0.0,0.0,282.07,90.075,0.0,0.0,29922.090089106325
19-09-2040 02:00:00,2358.5939454579775,1.352031201635041,96.83432277019975,458.135,2954.55,0.0,501.22920000000005,21596.989967019916,0.0,0.0,279.8075,88.0895,0.0,0.0,28886.95932868243
19-09-2040 03:00:00,2034.502414615617,6.176078529068869,97.47748119858187,458.85400000000004,2875.159,0.0,502.6075500000001,21503.165440033583,0.0,0.0,285.862,90.169,0.0,0.0,28392.115699539445
19-09-2040 04:00:00,2196.9310749429187,3.5369136234772682,96.90253654290693,461.034,2677.066,0.0,503.06310000000013,21415.990604299895,0.0,0.0,273.6095,89.5545,0.0,0.0,28252.76686043617
19-09-2040 05:00:00,2185.3011256226296,6.695258510496723,97.21437093242555,461.70099999999996,2757.877,0.0,505.37715000000003,21742.51605778944,0.0,0.0,275.9365,89.8605,0.0,0.0,28673.54267364727
19-09-2040 06:00:00,2104.79263707885,5.91648853835494,96.10346091976551,461.64,3447.547,0.0,506.85030000000006,23446.90040777716,0.0,0.0,275.91900000000004,89.046,0.0,0.0,31052.976840319854
19-09-2040 07:00:00,2133.583239918967,62.06364027985492,94.17398563461913,457.23,4006.7859999999996,0.0,515.77245,24562.0,0.0,0.0,276.4685,88.7615,2117.952370729334,0.0,35038.47014616664
19-09-2040 08:00:00,2347.787800329647,2694.976753595095,77.3544182499593,463.62300000000005,4145.39,0.0,521.4874500000001,24562.0,0.0,0.0,283.3565,90.6155,967.797036113323,0.0,36943.87244842132
19-09-2040 09:00:00,2009.5562313379758,13633.276927309422,155.06939501279948,449.595,4418.705,0.0,518.5447500000001,16149.721576670658,0.0,0.0,267.07599999999996,90.209,0.0,0.0,38557.2661285912
19-09-2040 10:00:00,1854.8744245153425,23237.576587493713,7744.691721910582,437.923,3923.702,0.0,515.9485500000001,0.0,0.0,0.0,260.3955,89.6575,0.0,0.0,39782.63182645796
19-09-2040 11:00:00,1619.7962902830461,29478.119964256537,2104.5774933970515,438.7,3548.131,0.0,512.7246000000001,0.0,0.0,0.0,267.7905,89.7335,0.0,0.0,40615.51272122379
19-09-2040 12:00:00,1406.6107837029942,32053.32686095672,0.0,453.773,4102.874,0.0,508.4830500000001,0.0,0.0,0.0,271.2245,87.7605,0.0,0.0,41671.46008225211
19-09-2040 13:00:00,1394.9384308921756,32446.9161307102,0.0,458.452,4253.558,0.0,507.2094,0.0,0.0,0.0,271.822,87.87299999999999,0.0,0.0,42211.55563831302
19-09-2040 14:00:00,1705.2677043292617,32082.392296439317,0.0,454.223,3581.7470000000003,0.0,509.91945000000004,0.0,0.0,0.0,271.012,85.789,0.0,0.0,41406.90735111459
19-09-2040 15:00:00,2371.5118140079494,30874.9845205378,0.0,455.592,3748.752,54.66906564357578,513.5308500000001,0.0,0.0,0.0,268.97900000000004,87.21799999999999,0.0,0.0,40973.49612916994
19-09-2040 16:00:00,2836.2882156602636,26540.1561631036,83.28195104166389,462.181,3750.639,3841.955162980026,515.8452000000001,0.0,0.0,0.0,277.637,87.072,0.0,0.0,40844.27250543213
19-09-2040 17:00:00,3030.0949201629924,20981.155490710575,9281.599410186165,459.61,3898.223,0.0,518.3170500000001,0.0,0.0,0.0,270.605,86.993,0.0,0.0,40943.400964075234
19-09-2040 18:00:00,3179.6095795656365,13410.462185279966,15068.507412979638,445.66900000000004,3740.366,0.0,516.80505,1133.4799817135972,0.0,0.0,265.8,87.258,0.0,0.0,40205.279868955
19-09-2040 19:00:00,3178.5150416016722,3861.206419376642,15068.507412979638,458.31300000000005,4197.295,0.0,516.9954,9832.89537435833,0.0,0.0,274.5095,87.9435,0.0,0.0,39407.150347106675
19-09-2040 20:00:00,3450.5406004620777,69.13746752680947,15068.507412979638,462.97900000000004,5483.651,0.0,518.7747,13894.105944423885,0.0,0.0,270.52099999999996,87.088,0.0,0.0,40853.38702201558
19-09-2040 21:00:00,3913.537894469785,9.085649674987476,15068.507412979638,470.039,5434.405,0.0,520.566,13984.53609700613,0.0,0.0,271.4715,89.2365,0.0,0.0,41063.346767304196
19-09-2040 22:00:00,4147.966267649268,4.715884831303024,15068.507412979638,460.07599999999996,4499.931,0.0,518.38365,11056.565724032382,0.0,0.0,267.394,89.03399999999999,0.0,0.0,37169.75414044102
19-09-2040 23:00:00,4162.493068330016,3.6991573676734726,15068.507412979638,460.756,3985.268,0.0,514.9821000000002,8565.959690293665,0.0,0.0,263.154,89.637,0.0,0.0,33891.75890979027
20-09-2040 00:00:00,4394.167692285673,1.676518690027451,15068.507412979638,466.00199999999995,3709.8379999999997,0.0,504.4548000000001,6872.894335678193,0.0,0.0,258.149,89.756,0.0,0.0,32027.261078926997
20-09-2040 01:00:00,4682.537835724577,7.798515971030917,15068.507412979638,456.27099999999996,3313.498,0.0,502.14915,5367.984933111922,0.0,0.0,269.906,88.788,0.0,0.0,30341.697479470768
20-09-2040 02:00:00,4676.237474087479,3.179977386245617,15023.213837088006,448.595,2844.322,0.0,501.81525000000005,4710.200132433467,0.0,0.0,274.9945,89.3475,0.0,0.0,29120.485429966247
20-09-2040 03:00:00,4359.181153691945,5.667714797254093,99.21205999027912,453.065,2386.393,0.0,501.8404500000001,19899.885858110494,0.0,0.0,283.0225,90.4675,0.0,0.0,28615.29450699887
20-09-2040 04:00:00,4027.501341982804,4.131807352196685,98.8807359514156,456.327,2354.609,0.0,501.7716000000001,19946.31824192366,0.0,0.0,284.407,90.605,0.0,0.0,28297.9384373589
20-09-2040 05:00:00,3647.8900497527634,6.165262279455787,98.10114997761907,456.87199999999996,2642.7140000000004,0.0,503.0331000000001,20299.33093310717,0.0,0.0,286.7825,90.3935,0.0,0.0,28580.154403780547
20-09-2040 06:00:00,3805.0432691512747,3.9911961072266413,97.33130882849501,457.726,3254.449,0.0,505.63770000000005,21690.56364154072,0.0,0.0,278.5675,88.7755,0.0,0.0,30797.01411885276
20-09-2040 07:00:00,3834.5919265530074,59.748962862655745,95.58698521212531,452.788,3957.203,0.0,515.4058500000001,24562.0,0.0,0.0,271.1625,90.1605,436.9620407764669,0.0,34994.64480365398
20-09-2040 08:00:00,3824.412336725604,2401.823940331779,89.57442838921968,455.119,4205.04,0.0,520.7107500000001,24131.4736268357,0.0,0.0,268.5195,88.9825,0.0,0.0,36773.04947463006
20-09-2040 09:00:00,3867.4435359732065,12949.224853029385,324.06414448253923,439.75699999999995,4309.637,0.0,515.4981000000001,14860.418139745714,0.0,0.0,269.72900000000004,89.06200000000001,0.0,0.0,38505.63232890757
20-09-2040 10:00:00,3755.792928398176,22761.823848262375,6036.845901425291,437.631,4281.869000000001,0.0,515.63265,0.0,0.0,0.0,266.803,87.92,0.0,0.0,39710.05532131632
20-09-2040 11:00:00,4207.562591385628,28626.727362568294,0.0,428.659,4059.495,0.0,509.33625000000006,0.0,0.0,0.0,260.759,89.189,0.0,0.0,40584.540402014994
20-09-2040 12:00:00,4347.833936933974,29536.25696304065,0.0,447.515,3991.1820000000002,0.0,507.4738500000001,0.0,0.0,0.0,249.25099999999998,86.507,0.0,0.0,41910.03223763172
20-09-2040 13:00:00,5111.416733143954,29170.56642924565,0.0,453.86199999999997,4043.245,0.0,512.8239,0.0,0.0,0.0,255.6285,87.1655,0.0,0.0,42444.8023745673
20-09-2040 14:00:00,6931.145453704141,27256.46072337083,0.0,451.533,3499.64,0.0,513.3807,0.0,0.0,0.0,260.1705,86.2955,0.0,0.0,41836.39816287753
20-09-2040 15:00:00,8302.863697720351,25639.983605324225,0.0,450.05400000000003,3306.042,0.0,514.7653500000001,0.0,0.0,0.0,255.7325,87.2485,0.0,0.0,41307.11526102979
20-09-2040 16:00:00,10013.857992133839,24155.894271001045,0.0,456.86699999999996,3408.513,0.0,515.89575,0.0,0.0,0.0,241.796,86.21,0.0,0.0,41451.83006624671
20-09-2040 17:00:00,12751.24738380429,21290.608392140803,0.0,462.55199999999996,3019.719,709.218867365722,517.7187000000001,0.0,0.0,0.0,240.5725,87.0135,0.0,0.0,41502.31255465673
20-09-2040 18:00:00,12537.653908193277,13051.935959355193,0.0,461.439,3785.954,7845.7299793559305,524.4919500000001,0.0,0.0,0.0,251.84900000000002,86.426,0.0,0.0,40928.52096334652
20-09-2040 19:00:00,11221.384984956123,3247.9142500653743,9623.345504558085,460.62199999999996,5054.613,8000.0,524.6680500000001,0.0,0.0,0.0,251.06599999999997,86.723,0.0,0.0,40347.06264332909
20-09-2040 20:00:00,10859.065845506599,40.690731044408196,15068.507412979638,461.095,5776.9619999999995,6763.5968766212245,526.37985,219.2289768988594,0.0,0.0,259.495,87.257,0.0,0.0,41626.7322902565
20-09-2040 21:00:00,12006.837804298217,8.025657212905603,15068.507412979638,465.55,4408.769,0.0,532.6594500000001,7199.80526863554,0.0,0.0,258.972,87.646,0.0,0.0,41441.67360366088
20-09-2040 22:00:00,12345.626311335154,7.030562248502214,15068.507412979638,457.939,3567.4959999999996,0.0,533.52615,3913.553244462917,0.0,0.0,268.83,88.613,0.0,0.0,37436.92047836639
20-09-2040 23:00:00,12182.319700061496,0.8869324682725869,15068.507412979638,441.309,3056.205,0.0,531.6046500000001,1652.0281867363992,0.0,0.0,272.6045,89.6885,0.0,0.0,34180.34038138602
21-09-2040 00:00:00,11220.170550607414,0.8436674698202657,15068.507412979638,446.157,2920.998,0.0,517.9818,1134.9595015895175,0.0,0.0,271.66,89.289,0.0,0.0,32379.508389994622
21-09-2040 01:00:00,11357.95083480628,7.798515971030917,14844.91485983138,449.81800000000004,2539.716,0.0,516.1591500000001,0.0,0.0,0.0,276.3985,89.7395,0.0,0.0,30708.797263953948
21-09-2040 02:00:00,11310.47960169779,1.4169286993135233,14423.96408449118,447.186,1690.839,0.0,515.72775,0.0,0.0,0.0,276.72900000000004,89.23899999999999,0.0,0.0,29302.92009403392
21-09-2040 03:00:00,11615.472798737826,7.311784738442302,14007.713370946514,451.541,1330.8929999999998,0.0,517.4316000000001,0.0,0.0,0.0,278.4325,87.4765,0.0,0.0,28822.73550313287
21-09-2040 04:00:00,11142.373267409004,3.9371148591612397,14259.704834752114,463.45300000000003,1256.642,0.0,517.61775,0.0,0.0,0.0,282.157,89.69,0.0,0.0,28539.22128910383
21-09-2040 05:00:00,11116.038606643506,6.435668519782796,6933.104003503589,464.30800000000005,1284.175,0.0,519.62415,7593.023727682232,0.0,0.0,273.5525,90.1315,0.0,0.0,28819.71940238769
21-09-2040 06:00:00,11480.237411995808,6.067916032938065,0.0,464.36800000000005,2111.308,0.0,524.4744000000001,15461.048567950133,0.0,0.0,263.522,89.494,0.0,0.0,31005.032444581786
21-09-2040 07:00:00,11027.528001324306,64.3891339466672,0.0,461.905,2623.362,0.0,534.0567,19375.802342760584,0.0,0.0,260.0535,88.0395,0.0,0.0,35143.35739312205
21-09-2040 08:00:00,9125.248093330818,2540.023161638106,67.54137980479565,464.23800000000006,3723.33,0.0,539.0959500000001,19377.96338195104,0.0,0.0,266.6075,87.5575,0.0,0.0,36975.449624538356
21-09-2040 09:00:00,6673.5797446826955,13494.439547275922,380.9446860956675,466.101,4317.319,0.0,537.44115,11662.114415183274,0.0,0.0,279.5145,88.7845,0.0,0.0,38783.98293977381
21-09-2040 10:00:00,4461.263256239242,23316.848880907983,4705.518453926191,469.20099999999996,4338.0070000000005,0.0,533.4171000000001,0.0,0.0,0.0,280.726,89.882,0.0,0.0,39975.1254915432
21-09-2040 11:00:00,3194.120909745127,29339.412379218396,290.59520214323993,462.527,4156.723,0.0,527.7322500000001,0.0,0.0,0.0,272.5805,89.1765,0.0,0.0,41009.77266403311
21-09-2040 12:00:00,2656.174249673539,30623.663624403343,0.0,465.81199999999995,4640.365,0.0,522.5590500000001,0.0,0.0,0.0,277.6985,88.0345,0.0,0.0,42131.7807407787
21-09-2040 13:00:00,2728.66369634258,30998.866529972114,0.0,466.91900000000004,4676.15,0.0,523.1614500000001,0.0,0.0,0.0,278.8565,87.9135,0.0,0.0,42679.15615519967
21-09-2040 14:00:00,2985.4239966789855,30305.40546565442,0.0,469.394,4314.612,0.0,524.0215500000002,0.0,0.0,0.0,278.591,88.08200000000001,0.0,0.0,41872.70222505387
21-09-2040 15:00:00,3790.5461807245506,28897.07010957651,0.0,476.902,4205.307,0.0,524.1945000000001,0.0,0.0,0.0,276.0345,87.3075,0.0,0.0,41109.798364289105
21-09-2040 16:00:00,5342.868326397804,27201.275155775613,0.0,469.754,4263.504,0.0,525.9334500000001,0.0,0.0,0.0,272.44599999999997,88.318,0.0,0.0,40890.050055235224
21-09-2040 17:00:00,7571.816385816926,21363.542363281802,0.0,464.61699999999996,4141.094,3528.6656441581054,527.1949500000001,0.0,0.0,0.0,269.9825,88.8505,0.0,0.0,40599.948257573174
21-09-2040 18:00:00,9356.265220983034,12517.16976223489,4092.377882420471,464.39300000000003,3674.324,6421.904743849642,529.6275,0.0,0.0,0.0,270.3235,89.0065,0.0,0.0,39830.64950436755
21-09-2040 19:00:00,9489.767911584217,2946.97373708064,15068.507412979638,466.63699999999994,4043.0490000000004,0.0,530.3553,4552.183066263282,0.0,0.0,277.7025,88.4955,0.0,0.0,39287.07360314482
21-09-2040 20:00:00,10148.79579465041,32.55691133537179,15068.507412979638,469.84,3597.579,0.0,533.5398000000001,8397.540196851198,0.0,0.0,264.8335,87.5105,0.0,0.0,40164.38134941508
21-09-2040 21:00:00,10268.471724752744,6.641177262431322,15068.507412979638,469.43699999999995,3616.877,0.0,535.2648000000002,8167.427681230885,0.0,0.0,270.374,89.601,0.0,0.0,39929.802886388774
21-09-2040 22:00:00,10439.981569318168,5.418941056153245,15068.507412979638,469.647,3798.4240000000004,0.0,530.0433000000002,4640.365838528927,0.0,0.0,280.5345,90.8855,0.0,0.0,36561.893779181635
21-09-2040 23:00:00,10592.706357731737,3.2665073831502593,15068.507412979638,467.462,3727.973,0.0,526.53345,2149.6286502279945,0.0,0.0,279.655,90.09200000000001,0.0,0.0,33785.91118279982
22-09-2040 00:00:00,9838.882978210504,0.9301974667249082,15068.507412979638,468.82599999999996,3601.9429999999998,0.0,510.32595000000003,1731.013630947611,0.0,0.0,279.009,90.522,0.0,0.0,32300.201828774825
22-09-2040 01:00:00,8590.138925336814,8.566469693559622,15068.507412979638,469.691,3560.947,0.0,501.1524,1540.3446962014168,0.0,0.0,278.68,90.962,0.0,0.0,30708.761552844982
22-09-2040 02:00:00,7304.370095328726,1.406112449700443,15068.507412979638,471.05,2887.428,0.0,499.13070000000005,1913.0995275897294,0.0,0.0,282.0185,90.3555,0.0,0.0,29085.48296331375
22-09-2040 03:00:00,6665.871567431171,7.052194747728375,15068.507412979638,471.815,2557.268,0.0,499.22190000000006,2124.4414222183623,0.0,0.0,275.585,91.07600000000001,0.0,0.0,28311.623231909227
22-09-2040 04:00:00,6456.273348769899,3.9371148591612397,15068.507412979638,472.095,2149.805,0.0,497.62770000000006,2257.2157768863217,0.0,0.0,269.8725,90.8045,0.0,0.0,27808.2944944784
22-09-2040 05:00:00,5832.193328044288,6.911583502758331,8749.767218353512,472.52099999999996,1908.0529999999999,0.0,496.1148000000001,9182.1524993248,0.0,0.0,278.872,90.53299999999999,0.0,0.0,27565.660572444078
22-09-2040 06:00:00,5483.519170703836,6.25179227636043,189.4588812818983,468.335,1864.615,0.0,498.51960000000014,18375.51179056097,0.0,0.0,281.132,90.869,0.0,0.0,27838.461453781772
22-09-2040 07:00:00,4936.934758402115,59.52182162078104,199.79814025937458,463.01599999999996,1995.38,0.0,504.96660000000014,19943.34246085509,0.0,0.0,280.948,91.24600000000001,0.0,0.0,29104.823504747375
22-09-2040 08:00:00,4444.176087600386,2425.2411207440978,202.38051879757555,469.89099999999996,1647.043,0.0,506.5228500000001,19384.463307192087,0.0,0.0,282.907,91.5,0.0,0.0,30150.2479923322
22-09-2040 09:00:00,3445.2728947839155,13513.789817833725,585.4203421978212,476.866,2590.875,0.0,504.0831000000001,10538.132875143752,0.0,0.0,283.5775,91.1195,0.0,0.0,32857.85609072799
22-09-2040 10:00:00,2617.2259178547442,23449.55344741086,3174.285396755788,478.966,2513.755,0.0,500.1405000000001,0.0,0.0,0.0,283.691,91.07799999999999,0.0,0.0,34919.01276675101
22-09-2040 11:00:00,2305.359843720815,27174.664218017908,0.0,474.409,2406.11,0.0,497.8327500000001,0.0,0.0,0.0,280.0315,90.7195,0.0,0.0,35929.58283998927
22-09-2040 12:00:00,2468.1070641821498,27597.726641378442,0.0,472.54400000000004,2367.139,0.0,496.05015000000003,0.0,0.0,0.0,278.3775,89.2055,0.0,0.0,36595.35322833399
22-09-2040 13:00:00,3368.4766024030555,27624.181536262087,0.0,475.29400000000004,2143.518,0.0,496.25115000000005,0.0,0.0,0.0,274.259,88.399,0.0,0.0,37312.2842441685
22-09-2040 14:00:00,4451.288925341486,26478.505153645314,0.0,473.336,1929.592,0.0,490.8828000000001,0.0,0.0,0.0,262.116,88.51,0.0,0.0,36992.3428390353
22-09-2040 15:00:00,5384.254912293867,24811.929978620174,0.0,470.04400000000004,1473.736,0.0,490.80345,0.0,0.0,0.0,263.0135,89.1995,0.0,0.0,35743.53800599907
22-09-2040 16:00:00,6460.051111196088,23072.185487892548,0.0,464.474,1399.57,0.0,490.1448000000001,0.0,0.0,0.0,267.522,88.875,0.0,0.0,34991.04988535088
22-09-2040 17:00:00,7845.385802762351,21222.722920275148,0.0,462.462,1484.3629999999998,0.0,487.6662,0.0,0.0,0.0,263.0555,88.4435,0.0,0.0,34562.906051979466
22-09-2040 18:00:00,9021.66535216155,14416.860130529027,0.0,461.49800000000005,1666.348,5686.076247062978,484.18905000000007,0.0,0.0,0.0,253.2775,88.1585,0.0,0.0,34581.47210873727
22-09-2040 19:00:00,8714.811827345304,3692.602720407946,3285.1111129053934,462.441,2559.716,8000.0,491.7735,0.0,0.0,0.0,257.8275,89.9685,0.0,0.0,34508.580527457125
22-09-2040 20:00:00,8636.18687232962,35.33668748593344,8460.57710419585,465.717,3035.695,8000.0,495.7015500000001,0.0,0.0,0.0,262.224,89.383,0.0,0.0,36049.62126890715
22-09-2040 21:00:00,9323.750094965186,8.004024713679444,15068.507412979638,462.705,2752.223,2043.923752937022,496.5418500000001,2436.771815405078,0.0,0.0,264.995,90.25399999999999,0.0,0.0,36744.98017098802
22-09-2040 22:00:00,9026.747411824623,4.845679826659987,15068.507412979638,463.662,2038.395,0.0,497.3868000000001,5598.794308497705,0.0,0.0,265.20599999999996,90.164,0.0,0.0,34303.61029367505
22-09-2040 23:00:00,8793.050019829554,3.3097723816025804,15068.507412979638,463.25800000000004,2721.3579999999997,0.0,496.2667500000001,3271.6825912942913,0.0,0.0,263.6205,89.3585,0.0,0.0,32195.604734579796
23-09-2040 00:00:00,9334.591048721344,0.9626462155641495,15068.507412979638,465.62199999999996,2855.25,0.0,492.89025000000004,833.3375836745181,0.0,0.0,261.9715,90.0445,0.0,0.0,30270.7249983071
23-09-2040 01:00:00,9575.269504408838,9.777889650224617,14709.175541305509,466.533,2131.8089999999997,0.0,494.60865,0.0,0.0,0.0,263.267,90.113,0.0,0.0,28506.789650306542
23-09-2040 02:00:00,9208.6379627338,1.1248899597603543,14147.926706688435,467.409,1735.4029999999998,0.0,494.94540000000006,0.0,0.0,0.0,264.647,90.396,0.0,0.0,27067.20268148065
23-09-2040 03:00:00,8204.664313130197,5.613633549188691,14346.509518759034,465.293,1701.239,0.0,493.78650000000005,0.0,0.0,0.0,270.2855,91.5615,0.0,0.0,26194.088386579453
23-09-2040 04:00:00,7131.622610662704,4.532008587880657,15068.507412979638,463.07,1440.864,0.0,493.3056000000001,16.715644477681053,0.0,0.0,275.5705,90.6895,0.0,0.0,25560.370206499207
23-09-2040 05:00:00,6218.19780491897,8.415042198976497,15068.507412979638,463.94300000000004,1382.44,0.0,493.49055000000004,975.9927613692453,0.0,0.0,276.0365,90.6595,0.0,0.0,25541.54784813639
23-09-2040 06:00:00,5544.84810531369,4.726701080916104,15068.507412979638,460.86400000000003,1425.741,0.0,495.9787500000001,1793.7051676067313,0.0,0.0,279.56,91.837,0.0,0.0,25733.07954522374
23-09-2040 07:00:00,5021.600944158836,61.15507531235618,15068.507412979638,457.55300000000005,1643.8870000000002,0.0,499.5559500000001,2533.4860132306276,0.0,0.0,277.965,91.89299999999999,0.0,0.0,26250.89099729595
23-09-2040 08:00:00,4358.693832902336,2598.344379551835,2753.597340205716,468.648,1494.496,0.0,499.71165,13308.834383289148,0.0,0.0,272.883,90.564,0.0,0.0,26487.84834096673
23-09-2040 09:00:00,3331.027110622947,13921.90854823447,878.837013085485,464.56699999999995,2071.614,0.0,499.75005000000004,6188.894219249042,0.0,0.0,272.4265,92.1005,0.0,0.0,28502.244295717814
23-09-2040 10:00:00,2869.8761549846317,22051.216978519486,0.0,459.061,2245.178,0.0,493.80315,0.0,0.0,0.0,275.5635,91.7035,0.0,0.0,30305.66125061172
23-09-2040 11:00:00,2655.514639918606,22730.771267177115,0.0,461.124,2304.048,0.0,489.1614,0.0,0.0,0.0,276.19599999999997,90.48200000000001,0.0,0.0,31663.524462529327
23-09-2040 12:00:00,2938.7090824749066,23122.725438370606,0.0,457.00800000000004,2616.9610000000002,0.0,486.84720000000004,0.0,0.0,0.0,276.2565,89.4255,0.0,0.0,32766.54241309807
23-09-2040 13:00:00,3634.4299496402973,23377.922812533314,0.0,456.17900000000003,2609.735,0.0,484.7356500000001,0.0,0.0,0.0,278.27,89.905,0.0,0.0,33731.10244233421
23-09-2040 14:00:00,4059.4110607863695,23318.294847310666,0.0,459.045,2637.8340000000003,0.0,485.00370000000004,0.0,0.0,0.0,276.7125,88.6025,0.0,0.0,34106.92503717431
23-09-2040 15:00:00,7166.1041288296665,32181.01550514595,0.0,457.97900000000004,2127.266,0.0,483.80415000000005,0.0,0.0,0.0,274.9615,87.2685,0.0,-12200.0,33145.86618458021
23-09-2040 16:00:00,9542.828658326976,29720.294559546026,0.0,454.536,1551.9470000000001,0.0,480.999,0.0,0.0,0.0,274.1905,87.8665,0.0,-12200.0,32589.92196395976
23-09-2040 17:00:00,12376.559018175803,23799.359174948237,0.0,443.176,1378.068,0.0,480.14790000000005,0.0,0.0,0.0,265.0975,87.0845,0.0,-9261.285402444177,32338.397091763763
23-09-2040 18:00:00,15171.290761074679,14764.35999268699,0.0,436.301,1226.64,0.0,477.13365,0.0,0.0,0.0,260.7185,86.8755,0.0,-2611.7297781849666,32462.04494662274
23-09-2040 19:00:00,17407.725160160688,3702.4455075558494,0.0,437.478,1684.7779999999998,6634.8506845030315,479.26020000000005,0.0,0.0,0.0,261.6165,88.3535,0.0,0.0,32723.136676115806
23-09-2040 20:00:00,21128.663049225823,26.87838028850462,0.0,439.86699999999996,1908.1870000000001,8000.0,476.95920000000007,0.0,0.0,0.0,226.873,88.053,0.0,0.0,35206.52364905906
23-09-2040 21:00:00,24655.887056795775,8.479939696654979,0.0,428.59,1994.6629999999998,7199.1493315847765,478.92750000000007,0.0,0.0,0.0,231.0025,89.7625,0.0,0.0,36488.17079864576
23-09-2040 22:00:00,26523.219102448682,4.802414828207666,0.0,412.47,1527.2679999999998,1895.999983912192,479.04900000000004,0.0,0.0,0.0,229.8285,89.1325,0.0,0.0,34809.69250640384
23-09-2040 23:00:00,27266.859024517198,3.5369136234772682,0.0,411.846,1609.3629999999998,0.0,478.7323500000001,0.0,0.0,0.0,242.665,89.28299999999999,0.0,0.0,32651.733429700187
24-09-2040 00:00:00,26883.224026397493,1.0238871256659718,0.0,413.315,1209.402,0.0,473.46840000000003,0.0,0.0,0.0,254.5965,88.9055,0.0,0.0,30184.855032850974
24-09-2040 01:00:00,24121.18329182656,7.830708352142133,1402.0123073084396,409.209,1142.9389999999999,0.0,473.55615,0.0,0.0,0.0,260.434,88.461,0.0,0.0,28687.03068510752
24-09-2040 02:00:00,22753.720080028645,2.687610502682754,1532.3629604366433,406.279,1089.03,0.0,474.32970000000006,0.0,0.0,0.0,269.855,89.585,0.0,0.0,27321.27122620939
24-09-2040 03:00:00,23030.79908437009,3.624150673094115,878.3936235628789,396.144,1135.75,0.0,478.27305000000007,0.0,0.0,0.0,271.0335,90.4545,0.0,0.0,26901.39711849979
24-09-2040 04:00:00,23278.76823474434,1.4312874280545407,533.5437680539908,397.01300000000003,1215.503,0.0,472.74870000000004,0.0,0.0,0.0,258.1465,89.3665,0.0,0.0,26821.28147746738
24-09-2040 05:00:00,24208.235442134548,6.329874735636722,514.8980205257249,394.653,905.293,0.0,474.00810000000007,0.0,0.0,0.0,261.1755,90.5755,0.0,0.0,27444.198907037444
24-09-2040 06:00:00,26569.72149802486,5.154208558916036,331.93991178282886,395.56800000000004,1197.836,0.0,479.20380000000006,0.0,0.0,0.0,272.032,91.419,0.0,0.0,29978.742043581835
24-09-2040 07:00:00,30986.413894708152,58.75447442207799,269.5213863083336,395.71,3361.262,0.0,494.95140000000004,0.0,0.0,0.0,267.85400000000004,89.742,0.0,-2380.730617500427,34278.45516532136
24-09-2040 08:00:00,32864.02298817071,2439.0614597258445,318.87210189705365,405.043,3859.027,0.0,506.75655000000006,0.0,0.0,0.0,267.1595,87.7455,0.0,-5163.724450530284,36398.55972253417
24-09-2040 09:00:00,32782.57015931624,13516.892643472735,787.0768205222266,433.905,4129.411,0.0,504.4278000000001,0.0,0.0,0.0,267.631,88.96799999999999,0.0,-12200.0,38344.15301798232
24-09-2040 10:00:00,32924.98274764776,23285.343811327955,9734.386990749772,448.98400000000004,3854.671,0.0,505.9776000000001,0.0,0.0,0.0,267.601,89.70100000000001,0.0,-12200.0,39648.78138216408
24-09-2040 11:00:00,33042.86141736967,29395.5360528364,16936.188573927444,443.44,3691.216,0.0,507.1288500000001,0.0,0.0,0.0,267.4515,90.0295,0.0,-12200.0,40404.95816277642
24-09-2040 12:00:00,32400.330953220702,33010.77190624956,17672.2658545264,448.42199999999997,2859.125,0.0,505.8076500000001,0.0,0.0,0.0,267.941,88.745,0.0,-12200.0,41430.99970198568
24-09-2040 13:00:00,31422.173777289594,34846.08403268511,17598.61252068702,445.575,2911.991,0.0,506.2108500000001,0.0,0.0,0.0,270.561,89.945,0.0,-12200.0,42070.6187708327
24-09-2040 14:00:00,31222.41866790912,34931.82444653375,17513.031521448574,437.635,2558.0429999999997,0.0,505.9705500000001,0.0,0.0,0.0,270.285,89.708,0.0,-12200.0,41562.56351933326
24-09-2040 15:00:00,31436.805006823117,33329.24563898863,17704.12850775791,440.94699999999995,2457.435,0.0,505.16145000000006,0.0,0.0,0.0,271.3855,90.6125,0.0,-12200.0,41016.79696476958
24-09-2040 16:00:00,32319.381633064157,29779.579657222508,17971.930906994035,444.784,2550.115,0.0,504.75495000000006,0.0,0.0,0.0,266.3,90.417,0.0,-12200.0,40980.605243790225
24-09-2040 17:00:00,34027.82776317791,23911.07200215138,17969.73832144274,443.86699999999996,2647.545,0.0,506.0541000000001,0.0,0.0,0.0,263.80400000000003,90.39,0.0,-12200.0,40805.75658644388
24-09-2040 18:00:00,35570.9445139784,14683.037217257319,17063.279602823168,413.00300000000004,2601.772,0.0,506.96940000000006,0.0,0.0,0.0,269.408,91.057,0.0,-12200.0,40142.18354727305
24-09-2040 19:00:00,35911.59334879156,3593.341997708708,11036.265358033474,401.67,3143.115,0.0,509.5440000000001,0.0,0.0,0.0,271.038,90.978,0.0,-12200.0,39723.935410993814
24-09-2040 20:00:00,37404.96857042402,21.96780296416615,6221.233472924068,410.772,3256.8320000000003,0.0,512.5737,0.0,0.0,0.0,271.9275,90.7725,0.0,-8686.37257687976,41171.76755409414
24-09-2040 21:00:00,38681.137954401864,6.998113499662972,4982.229688909545,447.301,2341.0170000000003,0.0,514.455,0.0,0.0,0.0,270.5015,91.5875,0.0,-7842.091397607292,40971.59562858939
24-09-2040 22:00:00,38466.49248470534,4.824047327433827,4513.718008307187,451.755,2065.2529999999997,0.0,510.9958500000001,0.0,0.0,0.0,271.0535,91.5245,0.0,-10492.922348852087,37185.757925130136
24-09-2040 23:00:00,37785.75175312431,3.223242384697938,3562.2060417794564,452.384,1484.384,0.0,510.4635000000001,0.0,0.0,0.0,268.393,91.87,0.0,-11215.889423251829,34037.086011729756
25-09-2040 00:00:00,36507.029736439,0.9301974667249082,2626.884126962541,445.023,1457.339,0.0,493.2418500000001,0.0,0.0,0.0,261.105,91.506,0.0,-10607.750036968238,32191.604718384337
25-09-2040 01:00:00,35784.917016870226,7.3334172376684625,2039.6658646126452,445.425,1396.751,0.0,486.98925,0.0,0.0,0.0,255.1425,90.1035,0.0,-10893.53865241335,30413.27816545911
25-09-2040 02:00:00,34683.55269422565,2.7473274017224036,1361.8061155719042,445.585,1109.4489999999998,0.0,481.62225000000007,0.0,0.0,0.0,256.995,92.133,0.0,-9651.732830015102,29478.013149282266
25-09-2040 03:00:00,33752.88214720518,5.354043558474763,670.2120106377988,448.971,1172.3980000000001,0.0,482.96085000000005,0.0,0.0,0.0,262.2655,92.3955,0.0,-8589.582681376465,28900.37480195258
25-09-2040 04:00:00,33309.00639275168,2.0659036760983427,545.8924098789284,445.51599999999996,1107.88,0.0,484.91460000000006,0.0,0.0,0.0,265.9495,92.1605,0.0,-8341.01504941202,28497.8365776949
25-09-2040 05:00:00,31061.250853552712,5.8840397895156995,541.6037125405855,439.273,1074.805,0.0,478.20120000000003,0.0,0.0,0.0,261.73900000000003,91.315,0.0,-5631.534022153548,28923.67890449128
25-09-2040 06:00:00,28555.22303111122,4.867312325886148,431.87796121119754,444.73,1405.1129999999998,0.0,483.83730000000014,0.0,0.0,0.0,263.2745,92.1905,0.0,-1247.3513345085157,31089.465409892553
25-09-2040 07:00:00,27257.828119408157,55.46572801587592,297.4023041786859,442.375,2263.011,3364.594104873875,501.5617500000001,0.0,0.0,0.0,265.345,91.214,0.0,0.0,35286.093207716825
25-09-2040 08:00:00,24900.580107559577,2002.3149446230434,301.49805398852914,448.80300000000005,3254.0409999999997,4666.227955951683,506.0817,0.0,0.0,0.0,265.3415,89.8285,0.0,0.0,37253.17268706256
25-09-2040 09:00:00,20687.203631577533,11355.569845610693,553.961124707741,448.075,3771.281,0.0,504.5205,0.0,0.0,0.0,266.7875,88.4695,0.0,0.0,38584.69300426247
25-09-2040 10:00:00,17177.63290374508,17444.25164266409,8427.78140901748,450.38199999999995,2472.186,0.0,504.81045000000006,0.0,0.0,0.0,272.033,88.90100000000001,0.0,-9209.720245196557,39471.254391644885
25-09-2040 11:00:00,19291.6772250273,26896.091178784394,16332.297891045455,445.849,2411.22,0.0,502.9132500000001,0.0,0.0,0.0,279.6565,88.7735,0.0,-12200.0,40078.95702883965
25-09-2040 12:00:00,18185.4615469545,30442.5722297089,17202.824517650268,447.37199999999996,2488.1839999999997,0.0,504.96555000000006,0.0,0.0,0.0,274.4325,88.9295,0.0,-12200.0,41048.88823205948
25-09-2040 13:00:00,17471.31797920255,32262.988219598377,17067.454285712854,445.795,2857.159,0.0,496.79025000000007,0.0,0.0,0.0,278.336,88.792,0.0,-12200.0,41535.808830890215
25-09-2040 14:00:00,17109.612691208753,32219.656906982716,16938.021575448336,446.207,2671.026,0.0,497.88195,0.0,0.0,0.0,275.8095,89.0395,0.0,-12200.0,40941.94499240322
25-09-2040 15:00:00,17951.02794470268,30720.114238723985,16936.285047691723,442.871,2960.6090000000004,0.0,508.16790000000003,0.0,0.0,0.0,276.658,89.975,0.0,-12200.0,40367.28889466335
25-09-2040 16:00:00,19566.87328007486,27050.780320582664,16883.82086062015,447.278,2875.159,0.0,507.7422000000001,0.0,0.0,0.0,277.685,90.031,0.0,-12200.0,40359.05860001763
25-09-2040 17:00:00,22024.219417442648,21448.7095043847,16373.790380018298,445.649,3066.5690000000004,0.0,505.7263500000001,0.0,0.0,0.0,279.252,89.965,0.0,-12200.0,40418.3647082693
25-09-2040 18:00:00,24287.836095989514,12659.55487180745,14972.631738971628,446.905,3372.776,0.0,511.94640000000004,0.0,0.0,0.0,279.0035,89.6765,0.0,-12200.0,39734.69598650642
25-09-2040 19:00:00,25564.2916848409,2974.425378593918,9430.941920791694,449.034,4137.627,0.0,514.2471000000002,0.0,0.0,0.0,263.171,90.15899999999999,0.0,-6014.785591429692,39366.56169583521
25-09-2040 20:00:00,27209.38997997107,17.024776890988438,5475.789466849994,447.61,4095.27,1318.3993145762288,516.5682,0.0,0.0,0.0,261.4355,89.6325,0.0,0.0,40996.270516925564
25-09-2040 21:00:00,28950.111443332993,6.533014766300519,4251.344450896082,457.782,3420.4240000000004,1247.7161479461574,517.0869,0.0,0.0,0.0,270.275,89.316,0.0,0.0,40591.09487847408
25-09-2040 22:00:00,29002.008030777677,4.257936449387442,3312.1109634556633,450.68300000000005,2046.286,0.0,517.1046000000001,0.0,0.0,0.0,274.4745,89.2695,0.0,0.0,36854.31679892681
25-09-2040 23:00:00,28222.96591264176,3.526818129661897,2221.659235712985,443.776,1632.656,0.0,512.9283,0.0,0.0,0.0,272.4295,88.2925,0.0,-572.8390052441064,33762.45047216867
26-09-2040 00:00:00,29911.975917786847,1.0003183603493428,1221.8139132923388,448.25300000000004,1092.942,0.0,500.9853000000001,0.0,0.0,0.0,263.26099999999997,90.60799999999999,0.0,-2385.3330107511647,31900.0722444191
26-09-2040 01:00:00,30670.388220953573,6.937640454108094,831.5599961870757,445.805,1043.379,0.0,496.7425500000001,0.0,0.0,0.0,254.41400000000002,89.779,0.0,-4178.779537767368,30323.510109264345
26-09-2040 02:00:00,30248.852757145825,3.461013626343203,870.9563733728719,446.211,1007.535,0.0,491.9890500000001,0.0,0.0,0.0,244.2245,91.0325,0.0,-4736.729437174341,29308.803127246207
26-09-2040 03:00:00,29594.104930139823,3.9262861703378356,488.104625088803,443.889,1043.7830000000001,0.0,489.8274,0.0,0.0,0.0,230.40200000000002,90.805,0.0,-4383.975021444563,28585.68255784743
26-09-2040 04:00:00,27985.62471488946,1.8063133367853481,373.8884585503547,432.63599999999997,1202.108,0.0,489.86025000000006,0.0,0.0,0.0,226.415,90.96600000000001,0.0,-2934.192288643422,28438.765195586577
26-09-2040 05:00:00,26670.037715966773,6.251792203448638,371.00301596481586,421.86699999999996,1081.531,0.0,491.8594500000001,0.0,0.0,0.0,226.5465,88.7995,0.0,-998.7253925310833,28945.397210597243
26-09-2040 06:00:00,26438.39821167938,4.369764843684452,367.44225702949916,423.19599999999997,1413.7479999999998,942.3287527029715,493.0780500000001,0.0,0.0,0.0,235.47799999999998,90.689,0.0,0.0,31062.374813830764
26-09-2040 07:00:00,26276.53035702267,52.78329811183201,281.756013684615,410.76800000000003,2907.6679999999997,3801.3656563309523,503.6812500000001,0.0,0.0,0.0,231.958,89.819,0.0,0.0,35307.90934738171
26-09-2040 08:00:00,25771.20190394926,1147.6257164470492,233.28233231639024,427.589,3317.027,4760.336218825432,509.8563000000001,0.0,0.0,0.0,226.287,86.791,0.0,0.0,37290.837119296266
26-09-2040 09:00:00,24621.195910435006,8245.604841782193,213.35611482616514,446.764,3325.73,0.0,506.11800000000005,0.0,0.0,0.0,225.1355,86.4105,0.0,0.0,38542.9381620887
26-09-2040 10:00:00,19034.906914295425,12957.835265861555,1968.8804326743993,447.031,3155.945,0.0,504.40110000000016,0.0,0.0,0.0,222.30700000000002,88.6,0.0,0.0,39487.62756311743
26-09-2040 11:00:00,22866.63047229135,21633.08406706902,7452.142231083213,441.798,2789.547,0.0,500.62440000000004,0.0,0.0,0.0,222.495,88.196,0.0,-12200.0,40219.6699579075
26-09-2040 12:00:00,23877.731884949088,26418.110598546686,10558.992105568119,444.716,2455.263,0.0,499.7373000000001,0.0,0.0,0.0,224.726,87.275,0.0,-12200.0,40937.87876185984
26-09-2040 13:00:00,24579.531171786984,27605.16978094264,10308.326955000986,448.529,2311.3,0.0,498.50700000000006,0.0,0.0,0.0,223.885,87.57700000000001,0.0,-12200.0,41296.06974062687
26-09-2040 14:00:00,25376.20645250677,27145.679354813507,10822.339170963969,454.711,1876.0079999999998,0.0,499.38210000000015,0.0,0.0,0.0,225.55900000000003,88.348,0.0,-12200.0,40259.63329278122
26-09-2040 15:00:00,26093.618120091298,25216.047772363298,10894.922523054294,445.656,1724.9779999999998,0.0,496.9521000000001,0.0,0.0,0.0,223.199,87.97399999999999,0.0,-12200.0,39770.03882466624
26-09-2040 16:00:00,26770.080875276788,21299.952823622494,11222.135220388504,446.25699999999995,1671.585,0.0,496.5202500000001,0.0,0.0,0.0,219.8195,87.9185,0.0,-12200.0,39727.28332745987
26-09-2040 17:00:00,27674.421577596026,15527.613214285344,10629.821389217395,452.168,1710.1129999999998,0.0,496.3732500000001,0.0,0.0,0.0,214.683,87.45700000000001,0.0,-12200.0,39739.886744991636
26-09-2040 18:00:00,27904.417714767555,8055.120675496105,8274.361812821735,457.37800000000004,2276.389,0.0,501.79365,0.0,0.0,0.0,221.2175,87.9825,0.0,-10664.101527846047,38919.36710179985
26-09-2040 19:00:00,27506.57830885982,1461.221241464908,4640.703793096414,461.402,3597.6809999999996,0.0,503.06070000000005,0.0,0.0,0.0,237.7275,85.9885,0.0,-1335.8509231362077,38561.28586029477
26-09-2040 20:00:00,25804.103792498547,13.325619523314966,2794.529218215146,465.01300000000003,4490.917,4734.862973585037,508.99050000000005,0.0,0.0,0.0,251.7705,88.0885,0.0,0.0,40399.78042396629
26-09-2040 21:00:00,25520.773164844257,4.943026073177711,1516.7429809691675,464.74,2783.441,7713.357032468877,510.23145000000005,0.0,0.0,0.0,259.1455,88.2735,0.0,0.0,39914.10487807021
26-09-2040 22:00:00,24218.400619361608,3.2665073831502593,1138.4167292629718,461.212,2111.01,6547.104033520824,508.68165000000005,0.0,0.0,0.0,259.8225,88.3785,0.0,0.0,36228.81328988209
26-09-2040 23:00:00,21890.987469188025,3.4720161257987856,781.7619931458612,462.94699999999995,1930.805,4734.675960357799,505.08030000000014,0.0,0.0,0.0,269.509,89.243,0.0,0.0,33177.80419169411
27-09-2040 00:00:00,20311.6426720679,1.1573387085995952,2353.2442438696635,458.908,1908.727,0.0,493.6716000000001,0.0,0.0,0.0,270.0755,89.6085,0.0,0.0,31546.778151469745
27-09-2040 01:00:00,19514.374257390427,5.91648853835494,2134.428484405471,457.42900000000003,1374.277,0.0,489.4150500000001,0.0,0.0,0.0,265.5855,89.1265,0.0,0.0,29932.97974539822
27-09-2040 02:00:00,19287.897721857276,3.580178621929589,3297.1169888425393,459.648,1028.55,0.0,488.26215,0.0,0.0,0.0,264.4395,90.2635,0.0,0.0,28711.677302149095
27-09-2040 03:00:00,18151.059539829366,5.072821068534674,7347.437714217202,462.79900000000004,1076.84,0.0,488.5722,0.0,0.0,0.0,259.3265,90.1125,0.0,0.0,28407.857974753493
27-09-2040 04:00:00,16673.286318715043,1.9144761815152183,8547.328936913156,467.029,1125.462,0.0,488.12565000000006,0.0,0.0,0.0,256.2475,89.6615,0.0,0.0,28173.796206835123
27-09-2040 05:00:00,15230.894133976512,7.809332220643998,10479.88260356841,465.644,1033.889,0.0,490.1190000000001,0.0,0.0,0.0,262.8855,89.7565,0.0,0.0,28602.96450264515
27-09-2040 06:00:00,13834.604042985187,5.4297573057663255,12776.401269576627,460.462,2152.894,0.0,492.72045,0.0,0.0,0.0,268.4915,89.7905,0.0,0.0,30689.524424831085
27-09-2040 07:00:00,12674.208155167491,53.32411059248602,15068.507412979638,463.644,3165.7490000000003,0.0,504.5982000000001,1804.5114352776109,0.0,0.0,259.4935,84.7535,0.0,0.0,34793.369925668994
27-09-2040 08:00:00,12830.309380480494,1851.1578562802458,15068.507412979638,474.01800000000003,3874.2009999999996,0.0,509.1999,966.0032267405568,0.0,0.0,252.8215,80.7205,0.0,0.0,36687.119990658975
27-09-2040 09:00:00,12842.627767106742,11763.6989979381,7852.255208703458,468.046,3409.7459999999996,0.0,503.97435000000013,0.0,0.0,0.0,250.2625,80.1385,0.0,0.0,38024.505857507385
27-09-2040 10:00:00,11501.648585736124,21827.18090294649,15.174151311022797,462.46,2802.69,0.0,502.56525000000005,0.0,0.0,0.0,239.8675,77.9305,0.0,0.0,38831.068780933696
27-09-2040 11:00:00,8937.593708051101,24326.109337357557,0.0,453.92900000000003,2455.526,0.0,506.38665000000003,0.0,0.0,0.0,242.924,81.39399999999999,0.0,0.0,39326.070506132
27-09-2040 12:00:00,7928.448952515113,25793.06452568541,0.0,461.44800000000004,2487.919,0.0,507.43620000000004,0.0,0.0,0.0,244.2755,81.2545,0.0,0.0,40132.72493927505
27-09-2040 13:00:00,7482.74185459622,26429.044555603432,0.0,471.827,2572.22,0.0,511.7700000000001,0.0,0.0,0.0,244.7745,81.4555,0.0,0.0,40429.54191338654
27-09-2040 14:00:00,7474.469064374088,25717.031330585847,0.0,468.846,2464.923,0.0,514.1919,0.0,0.0,0.0,246.4555,82.1365,0.0,0.0,39555.388648408734
27-09-2040 15:00:00,8109.186812621913,24698.96651290429,0.0,456.874,2642.495,0.0,510.7285500000001,0.0,0.0,0.0,245.8795,81.3865,0.0,0.0,39291.27598229114
27-09-2040 16:00:00,7225.776298646113,18755.724700376748,10188.897837918223,449.32099999999997,2940.7490000000003,0.0,510.60330000000005,0.0,0.0,0.0,239.0135,82.2495,0.0,-3706.3132715360016,39217.13972006705
27-09-2040 17:00:00,10111.083858268858,20736.845497353737,14190.308443924616,449.69800000000004,3213.6490000000003,0.0,516.37575,0.0,0.0,0.0,239.19099999999997,81.839,0.0,-12200.0,39234.70140188504
27-09-2040 18:00:00,10728.632512897446,13060.473130564647,14299.00806521601,451.11699999999996,4212.984,0.0,517.44015,0.0,0.0,0.0,239.81,82.38799999999999,0.0,-7457.899618016989,38608.90178822842
27-09-2040 19:00:00,5475.6258162202785,1401.4384218487799,9961.056076838746,450.592,5129.439,8000.0,522.7158000000001,0.0,0.0,0.0,243.327,83.61200000000001,0.0,0.0,38229.58136466277
27-09-2040 20:00:00,11705.043133393156,10.610740870431803,7218.43933987182,454.14300000000003,5167.137,8000.0,530.7985500000001,0.0,0.0,0.0,249.3725,89.2115,0.0,0.0,39995.328679452905
27-09-2040 21:00:00,12894.357255686346,6.587096014365921,6691.011573005511,452.37800000000004,4334.88,8000.0,536.32965,0.0,0.0,0.0,256.3285,88.6785,0.0,0.0,39635.61365471239
27-09-2040 22:00:00,13486.676337330411,3.482832375411866,11437.457359592303,447.07800000000003,3520.7340000000004,4985.824709376047,536.8596000000001,0.0,0.0,0.0,260.801,90.014,0.0,0.0,35983.12904395647
27-09-2040 23:00:00,12179.314555192232,3.5260973738641876,15068.507412979638,447.63199999999995,2741.7490000000003,0.0,533.8647000000001,598.1030536730286,0.0,0.0,262.006,90.098,0.0,0.0,32919.90191062102
28-09-2040 00:00:00,10777.482157125429,2.0226386776460217,15068.507412979638,446.89300000000003,2806.009,0.0,521.2128,939.8359311178574,0.0,0.0,261.79,89.61,0.0,0.0,31643.780683156907
28-09-2040 01:00:00,10192.728150596258,9.053200926148236,15068.507412979638,446.256,2640.9570000000003,0.0,518.0070000000001,183.8985983023722,0.0,0.0,265.8985,90.6025,0.0,0.0,29984.275777509498
28-09-2040 02:00:00,9353.960116295673,3.190793635858697,15068.507412979638,447.468,2283.236,0.0,516.7624500000001,204.0196141717588,0.0,0.0,264.1785,90.2115,0.0,0.0,28763.929350406797
28-09-2040 03:00:00,8972.670274679198,5.9705697864203415,15068.507412979638,445.18199999999996,2051.214,0.0,518.0136000000001,380.72221133902895,0.0,0.0,263.91700000000003,90.101,0.0,0.0,28315.734473329518
28-09-2040 04:00:00,8059.991920621137,2.7473274017224036,15068.507412979638,447.411,1732.348,0.0,517.8724500000001,1562.5978543144738,0.0,0.0,266.6675,90.8775,0.0,0.0,28266.972441992304
28-09-2040 05:00:00,7236.938047972808,8.231165955554129,15068.507412979638,435.38599999999997,1851.9389999999999,0.0,517.7593500000002,2512.530570773979,0.0,0.0,268.5225,91.0115,0.0,0.0,28526.27712807394
28-09-2040 06:00:00,6665.113512869556,5.592001049962531,15068.507412979638,436.9,2175.6710000000003,0.0,521.3385000000001,4917.12450329051,0.0,0.0,260.6015,90.6565,0.0,0.0,30741.983671918963
28-09-2040 07:00:00,6533.730280940645,55.32511677090589,15068.507412979638,433.405,2899.1020000000003,0.0,533.2023000000002,8171.282392495737,0.0,0.0,264.41700000000003,90.125,0.0,0.0,34758.96338814746
28-09-2040 08:00:00,6484.244015043371,1963.2899160190498,15068.507412979638,427.17900000000003,3116.305,0.0,538.6015500000001,7489.240894602448,0.0,0.0,261.95099999999996,89.704,0.0,0.0,36219.62288719207
28-09-2040 09:00:00,6315.603948461203,12640.118071586774,12759.273325581073,430.04699999999997,3663.566,0.0,538.8708000000001,0.0,0.0,0.0,250.44799999999998,87.76,0.0,0.0,37546.97690834535
28-09-2040 10:00:00,5942.184724359457,22749.039041219716,3195.8448020298747,431.01,3515.719,0.0,539.1489,0.0,0.0,0.0,256.4765,86.6575,0.0,0.0,38456.84835011796
28-09-2040 11:00:00,5542.007856153654,26202.516196894838,0.0,429.036,3508.675,0.0,535.07865,0.0,0.0,0.0,265.21299999999997,88.072,0.0,0.0,39179.17955521217
28-09-2040 12:00:00,5623.39823036937,26745.04754138123,0.0,424.218,3622.2459999999996,0.0,531.3768000000001,0.0,0.0,0.0,257.198,88.085,0.0,0.0,40009.8456172404
28-09-2040 13:00:00,5645.039943037117,27472.68020742826,0.0,424.333,3405.375,0.0,529.1022,0.0,0.0,0.0,258.42,87.26100000000001,0.0,0.0,40498.377307872724
28-09-2040 14:00:00,5935.465723907362,26649.92485411363,0.0,423.30199999999996,2947.792,0.0,530.6028000000001,0.0,0.0,0.0,260.7915,90.7495,0.0,0.0,39474.77267985998
28-09-2040 15:00:00,6989.156561172869,25294.22790291619,0.0,427.23800000000006,2510.575,0.0,528.9742500000001,0.0,0.0,0.0,263.1615,89.4695,0.0,0.0,38720.31747229264
28-09-2040 16:00:00,8328.470526290625,23678.87622747996,0.0,428.75199999999995,2440.114,0.0,525.9583500000001,0.0,0.0,0.0,267.7605,88.6155,0.0,0.0,38322.34692206679
28-09-2040 17:00:00,11395.590184976163,22502.632641165674,0.0,428.973,1846.835,0.0,524.9292,0.0,0.0,0.0,268.5895,90.3985,0.0,-1568.9845911700563,38183.21569753381
28-09-2040 18:00:00,13311.438101961938,14093.832835834382,0.0,427.56199999999995,1679.8970000000002,4496.414156129727,527.4891000000001,0.0,0.0,0.0,269.6565,90.6975,0.0,0.0,37518.61931189653
28-09-2040 19:00:00,14700.986922030326,2850.7091155242256,1374.1790265860618,423.689,2000.901,8000.0,529.3296,0.0,0.0,0.0,272.616,89.961,0.0,0.0,37229.63385838053
28-09-2040 20:00:00,16185.358311930953,10.946044608437294,3590.1658685301663,421.88699999999994,3312.165,8000.0,534.1536000000001,0.0,0.0,0.0,277.538,92.854,0.0,0.0,38934.74222217479
28-09-2040 21:00:00,18140.137365941606,7.744434722965515,6591.834627265573,422.506,2765.534,3233.5858438702708,536.6305500000001,0.0,0.0,0.0,275.967,93.50399999999999,0.0,0.0,38375.07958233272
28-09-2040 22:00:00,19299.95310996215,5.592001049962531,11359.87757688644,426.13800000000003,1765.0710000000001,0.0,533.3667,0.0,0.0,0.0,276.18,94.311,0.0,0.0,35022.3912193524
28-09-2040 23:00:00,20280.779022059287,4.120991102583606,8301.12730127745,425.54,1390.993,0.0,527.4981000000001,0.0,0.0,0.0,275.8785,94.2765,0.0,0.0,32322.667836224864
29-09-2040 00:00:00,19547.117573301828,1.2114199566649968,8024.674869139028,414.032,1268.7730000000001,0.0,507.9741000000001,0.0,0.0,0.0,277.6125,94.0855,0.0,0.0,30936.513242206307
29-09-2040 01:00:00,19594.105353246025,3.6667086188342313,6665.37171510034,414.60400000000004,1150.099,0.0,506.9380500000001,0.0,0.0,0.0,278.494,94.709,0.0,0.0,29334.705212962537
29-09-2040 02:00:00,19445.29073402528,3.5909948715426694,5710.108934457232,417.69,1048.731,0.0,506.2810500000001,0.0,0.0,0.0,280.5585,94.1795,0.0,0.0,28057.537203616706
29-09-2040 03:00:00,18610.823499074264,2.238963669907628,5897.750199433634,413.499,956.19,0.0,505.03815000000003,0.0,0.0,0.0,282.921,94.93700000000001,0.0,0.0,27287.604950217556
29-09-2040 04:00:00,17532.378724042606,1.6873349396405315,6403.945099404467,417.55300000000005,1080.491,0.0,503.12865000000005,0.0,0.0,0.0,278.337,94.76299999999999,0.0,0.0,26830.64225190643
29-09-2040 05:00:00,15959.419376316493,8.079738460971006,7808.359022956365,415.48800000000006,1064.928,0.0,500.1945000000001,0.0,0.0,0.0,278.2565,95.5855,0.0,0.0,26655.78689872716
29-09-2040 06:00:00,14599.751829426874,7.517293481090828,9642.997897321678,423.908,1030.7089999999998,0.0,498.7030500000001,0.0,0.0,0.0,283.885,95.28200000000001,0.0,0.0,27142.559445251947
29-09-2040 07:00:00,14266.931068249996,55.37919801897128,11001.30417777857,421.272,1024.3980000000001,0.0,503.2155000000001,0.0,0.0,0.0,282.0985,95.3915,0.0,0.0,28258.820265397488
29-09-2040 08:00:00,13820.26288831953,2302.9417863689982,9784.77778343424,418.574,1360.3020000000001,0.0,504.8083500000001,0.0,0.0,0.0,280.32099999999997,95.461,0.0,0.0,29238.397559937446
29-09-2040 09:00:00,12206.090125243569,13983.17178604296,1754.8566458207824,427.223,1786.2879999999998,0.0,504.81855000000013,0.0,0.0,0.0,277.546,94.523,0.0,0.0,31841.981801835344
29-09-2040 10:00:00,9223.096018702701,19406.259507327282,0.0,430.483,1752.661,0.0,499.97265000000004,0.0,0.0,0.0,281.623,94.54799999999999,0.0,0.0,33521.07611070701
29-09-2040 11:00:00,7987.41294355376,20900.109697390035,0.0,427.335,1454.269,0.0,497.9481000000001,0.0,0.0,0.0,285.337,93.848,0.0,0.0,34292.73402904904
29-09-2040 12:00:00,6974.601069017534,22024.53049966029,0.0,426.165,1762.6960000000001,0.0,496.66635000000014,0.0,0.0,0.0,276.467,93.992,0.0,0.0,34823.531677102306
29-09-2040 13:00:00,6722.312641663736,25690.925344028303,0.0,429.80800000000005,2007.6429999999998,0.0,495.7075500000001,0.0,0.0,0.0,276.4605,93.7505,0.0,-3072.964830851608,35430.05212779387
29-09-2040 14:00:00,8363.274396207717,35107.545173732295,0.0,434.223,2076.666,0.0,495.34590000000003,0.0,0.0,0.0,279.903,93.36200000000001,0.0,-12200.0,34896.18332436908
29-09-2040 15:00:00,8691.922765581307,33637.17537317913,0.0,438.473,1732.316,0.0,495.0445500000001,0.0,0.0,0.0,280.8255,92.7045,0.0,-12200.0,33550.97895660027
29-09-2040 16:00:00,9786.880936178537,29850.11096926067,6169.338315933681,435.37199999999996,1321.745,0.0,493.1731500000001,0.0,0.0,0.0,282.927,93.36200000000001,0.0,-12200.0,32610.3859173631
29-09-2040 17:00:00,11738.982445496526,23632.056113328155,17736.999750343035,439.108,1537.7,0.0,491.14305000000013,0.0,0.0,0.0,282.3255,93.7075,0.0,-12200.0,32236.805310583095
29-09-2040 18:00:00,13592.791736281717,13942.231628087926,16341.541831729759,441.916,1360.001,0.0,494.0575500000001,0.0,0.0,0.0,283.115,93.462,0.0,-12200.0,32122.841862088244
29-09-2040 19:00:00,13949.44153784883,2725.684079218104,10386.040957281366,434.43,2416.363,0.0,500.8222500000001,0.0,0.0,0.0,283.5955,92.6765,0.0,-500.1052328112437,32288.10580658301
29-09-2040 20:00:00,9675.162415253955,6.165021448781255,6034.676829445911,436.62300000000005,2823.3559999999998,8000.0,504.28125000000006,0.0,0.0,0.0,274.144,85.861,0.0,0.0,34381.974974395765
29-09-2040 21:00:00,11164.127065632176,1.3703933531709274,5280.9602992531145,445.713,2576.417,8000.0,501.32445000000007,0.0,0.0,0.0,271.6845,82.3715,0.0,0.0,34722.8486692468
29-09-2040 22:00:00,9612.280793562462,4.61105730599859,5032.254796709451,450.68800000000005,2110.947,8000.0,497.06895000000003,0.0,0.0,0.0,272.182,82.539,0.0,0.0,32354.319782476257
29-09-2040 23:00:00,12046.550581026097,6.749339758562126,5855.3900866181375,450.718,2023.445,8000.0,495.21750000000003,0.0,0.0,0.0,272.9475,81.7565,0.0,0.0,30399.04691654339
30-09-2040 00:00:00,10780.460228617489,1.5250911954443263,13051.359688317447,448.903,1389.366,1086.4837731399602,491.4055500000001,0.0,0.0,0.0,260.047,82.374,0.0,0.0,28575.97880796597
30-09-2040 01:00:00,9543.052185540195,4.477927339815256,13901.13484545837,448.727,1421.299,0.0,491.93025000000006,0.0,0.0,0.0,261.8395,82.5005,0.0,0.0,26941.836601493145
30-09-2040 02:00:00,8452.494008023948,3.104263638954054,14048.683079700253,443.793,1255.806,0.0,491.97300000000007,0.0,0.0,0.0,272.311,82.006,0.0,0.0,25648.082641983805
30-09-2040 03:00:00,7427.263889692611,4.499559839041417,14778.449389991893,445.99699999999996,1135.559,0.0,489.9309,0.0,0.0,0.0,278.2985,82.5425,0.0,0.0,25160.04569900701
30-09-2040 04:00:00,6450.920555334819,1.5575399442835676,15068.507412979638,447.524,1101.998,0.0,492.05610000000013,81.47858006037859,0.0,0.0,277.759,82.89,0.0,0.0,24514.67267772704
30-09-2040 05:00:00,5934.441738480101,10.599924620818722,15068.507412979638,446.00300000000004,1199.639,0.0,495.3715500000001,423.6559175647162,0.0,0.0,277.4595,83.0575,0.0,0.0,24451.62248289419
30-09-2040 06:00:00,5650.766892172834,7.711985974126274,15068.507412979638,445.853,1163.485,0.0,495.2016000000001,1048.586674400245,0.0,0.0,275.559,82.445,0.0,0.0,24769.52017102022
30-09-2040 07:00:00,5147.557897771695,52.41554562498728,15068.507412979638,441.55800000000005,1267.065,0.0,495.9400500000001,2058.7048623647606,0.0,0.0,275.343,82.314,0.0,0.0,25450.987823702057
30-09-2040 08:00:00,4579.620326109378,2011.2383505538348,15068.507412979638,443.355,1496.474,0.0,495.3160500000001,638.5091913369342,0.0,0.0,275.981,82.185,0.0,0.0,25694.22437070027
30-09-2040 09:00:00,3807.4295939702365,13162.034564166739,6744.02606125495,444.60699999999997,1935.865,0.0,493.18065,0.0,0.0,0.0,267.687,81.87100000000001,0.0,0.0,27655.595652471413
30-09-2040 10:00:00,2585.402559676192,21887.639000610525,0.0,442.765,2084.089,0.0,490.91880000000003,0.0,0.0,0.0,263.6145,79.8335,0.0,0.0,29351.50691774275
30-09-2040 11:00:00,1987.7630736176795,22717.743254574685,0.0,443.435,2116.56,0.0,490.28340000000003,0.0,0.0,0.0,262.5445,80.5205,0.0,0.0,30434.158376476385
30-09-2040 12:00:00,1964.8348668969422,22880.33509153372,0.0,442.634,2455.599,0.0,487.17525000000006,0.0,0.0,0.0,260.515,81.058,0.0,0.0,31103.739809731604
30-09-2040 13:00:00,2741.8593153142306,22636.950254648244,0.0,444.11800000000005,2537.945,0.0,485.4924000000001,0.0,0.0,0.0,268.428,80.566,0.0,0.0,31754.47768115306
30-09-2040 14:00:00,3697.4679648016813,22325.268672640028,0.0,433.445,2208.9,0.0,486.1959,0.0,0.0,0.0,267.2445,79.8305,0.0,0.0,31989.240279585003
30-09-2040 15:00:00,7373.350621457099,31128.83910367028,0.0,421.941,1438.059,0.0,484.33860000000016,0.0,0.0,0.0,275.1955,81.9365,0.0,-12200.0,30669.18620429058
30-09-2040 16:00:00,10767.965102096015,27760.410450618143,0.0,420.801,1060.595,0.0,484.5796500000001,0.0,0.0,0.0,273.55,81.61399999999999,0.0,-12200.0,29841.27808144896
30-09-2040 17:00:00,13768.421484297918,21437.890195958862,0.0,419.12699999999995,992.967,0.0,483.1575000000001,0.0,0.0,0.0,273.317,81.377,0.0,-10034.215824357272,29647.617853470638
30-09-2040 18:00:00,16536.754247035868,11954.641996592101,0.0,424.12199999999996,1534.711,0.0,486.6801000000001,0.0,0.0,0.0,275.2855,81.1585,0.0,-3736.1703337159233,29618.417698044515
30-09-2040 19:00:00,19782.14929603035,1969.1415070597263,0.0,422.588,2486.34,3241.5360886672643,494.17230000000006,0.0,0.0,0.0,269.4515,81.9375,0.0,0.0,30288.4983428439
30-09-2040 20:00:00,23264.632613963753,5.9705697864203415,2078.7207708235364,420.71,2644.53,2825.695853507139,498.04470000000003,0.0,0.0,0.0,274.157,81.91,0.0,0.0,33418.725468460696
30-09-2040 21:00:00,26319.186396614776,7.008929749276053,2953.3250341826933,424.06300000000005,1812.0839999999998,379.9057863765738,500.5119,0.0,0.0,0.0,278.9515,81.8825,0.0,0.0,33897.544109443596
30-09-2040 22:00:00,27029.78157770998,0.7658101206538289,1648.771712526388,422.52,1370.4189999999999,0.0,497.8606500000001,0.0,0.0,0.0,279.156,82.05,0.0,0.0,32237.95773782887
30-09-2040 23:00:00,26372.501595656562,6.415973779016152,825.6400151985581,415.12,897.454,0.0,488.6568000000001,0.0,0.0,0.0,278.2265,82.1175,0.0,0.0,30099.364497927672
01-10-2040 00:00:00,25762.166122549253,5.412950890672511,2.7100357414165046,417.277,1065.057,0.0,484.083,0.0,0.0,0.0,274.5465,82.6365,0.0,-497.8753351291016,28170.862316038703
01-10-2040 01:00:00,28670.03682548334,2.3852803526594117,0.0,414.14099999999996,1073.713,0.0,486.2968500000001,0.0,0.0,0.0,271.8585,82.5715,0.0,-4662.991045910188,26869.720620860957
01-10-2040 02:00:00,30082.741237907885,1.751590381262929,0.0,417.756,887.3710000000001,0.0,486.2070000000001,0.0,0.0,0.0,272.356,82.103,0.0,-6765.019384951949,25973.443951884805
01-10-2040 03:00:00,32162.823307649305,9.215262727611556,0.0,416.445,864.1389999999999,0.0,481.2438000000001,0.0,0.0,0.0,275.123,82.492,0.0,-9174.496827359282,25614.708378705975
01-10-2040 04:00:00,32470.515051128434,1.8928415495986115,0.0,418.295,740.868,0.0,483.1201500000001,0.0,0.0,0.0,276.42400000000004,82.939,0.0,-9454.42676342565,25517.50720397516
01-10-2040 05:00:00,34676.30662983833,10.00503031441936,0.0,420.524,622.0369999999999,0.0,484.8769500000001,0.0,0.0,0.0,278.285,83.008,0.0,-11064.460670792454,26027.22376602319
01-10-2040 06:00:00,35166.30187061006,2.7689598946412746,0.0,427.444,1251.364,0.0,495.4665000000001,0.0,0.0,0.0,277.7215,81.5565,0.0,-9500.154919237724,28788.5015693047
01-10-2040 07:00:00,35008.63046632038,17.554773120423363,0.0,422.191,1887.8829999999998,0.0,508.8453000000001,0.0,0.0,0.0,280.91700000000003,82.962,0.0,-5930.170662364017,32973.79071803991
01-10-2040 08:00:00,36688.57220094646,1413.9758631643954,0.0,429.20300000000003,2127.065,0.0,522.34965,0.0,0.0,0.0,275.553,81.288,0.0,-7132.920135064549,35162.75484913559
01-10-2040 09:00:00,36431.854703199795,11090.387459522655,68.08416653904715,432.824,2514.045,0.0,523.88715,0.0,0.0,0.0,252.9565,80.9245,0.0,-12200.0,36646.02840793619
01-10-2040 10:00:00,37262.54713584778,21124.892631818722,3599.2870486230822,434.705,1797.612,0.0,522.4639500000001,0.0,0.0,0.0,252.03900000000002,79.286,0.0,-12200.0,37529.33748046722
01-10-2040 11:00:00,38398.0857957702,27584.82199948373,12061.123696423398,439.111,1662.3929999999998,0.0,518.1501000000001,0.0,0.0,0.0,262.092,79.892,0.0,-12200.0,38203.68188288146
01-10-2040 12:00:00,37597.06191691249,31767.73613110223,14625.071847721323,431.973,1556.8120000000001,0.0,516.0037500000001,0.0,0.0,0.0,262.197,80.135,0.0,-12200.0,39207.85669168815
01-10-2040 13:00:00,36474.58422767681,33804.54409574138,15587.274861397222,436.031,1560.79,0.0,518.1478500000002,0.0,0.0,0.0,263.4565,80.5475,0.0,-12200.0,39564.57607517298
01-10-2040 14:00:00,36080.56216352545,34071.05648620768,15611.779197518568,435.151,1446.993,0.0,520.0327500000001,0.0,0.0,0.0,261.79400000000004,80.541,0.0,-12200.0,38646.66033411393
01-10-2040 15:00:00,37898.16041526096,31811.86642952359,15534.459860637435,434.395,1243.759,0.0,520.5015000000001,0.0,0.0,0.0,262.709,80.845,0.0,-12200.0,37999.99055318941
01-10-2040 16:00:00,40775.004549967634,28035.253898370855,15713.462545045797,435.694,970.934,0.0,520.5024,0.0,0.0,0.0,260.0095,81.2225,0.0,-12200.0,37613.78458142527
01-10-2040 17:00:00,41189.71840955083,21431.360248355817,14746.812967871869,434.256,1243.052,0.0,517.1451000000001,0.0,0.0,0.0,261.306,81.152,0.0,-12200.0,37618.087770056285
01-10-2040 18:00:00,40757.43006053917,12438.265221307469,12267.612633302866,434.173,1489.1370000000002,0.0,520.9311000000001,0.0,0.0,0.0,260.9465,79.9285,0.0,-12200.0,36847.61166622677
01-10-2040 19:00:00,40030.1192525479,2306.965431225064,7762.165057695209,435.773,2006.4589999999998,0.0,524.3958000000001,0.0,0.0,0.0,263.45,80.33800000000001,0.0,-12200.0,36777.02679939172
01-10-2040 20:00:00,40558.47167911771,7.701169724513196,4524.742328459135,434.225,2212.998,0.0,525.5056500000001,0.0,0.0,0.0,266.861,82.633,0.0,-10900.235534448933,39135.914058730756
01-10-2040 21:00:00,40659.536596207334,2.855489897853207,3950.4427801775164,435.704,1566.256,0.0,530.0476500000001,0.0,0.0,0.0,269.1495,83.7705,0.0,-10369.861423236529,38432.29659070957
01-10-2040 22:00:00,39766.409088113374,5.797509792611057,2957.4470950191317,434.36,1281.048,0.0,531.87045,0.0,0.0,0.0,270.112,83.68799999999999,0.0,-11569.287498766462,34837.16922883137
01-10-2040 23:00:00,39403.09983658337,2.109168674550664,1291.1785497933452,437.775,1143.739,0.0,523.9723500000001,0.0,0.0,0.0,271.39599999999996,84.04899999999999,0.0,-12086.7918696856,31862.3434577911
02-10-2040 00:00:00,38819.11548749176,6.93321600198449,519.2919619705353,443.708,1185.235,0.0,505.5268500000001,0.0,0.0,0.0,267.541,83.679,0.0,-12200.0,30243.38777239898
02-10-2040 01:00:00,37271.34598343809,3.5909948715426694,139.45721140506794,438.19199999999995,983.659,0.0,500.5269,0.0,0.0,0.0,265.653,83.391,0.0,-11275.374755055476,28961.6375813833
02-10-2040 02:00:00,36641.8319491458,1.8279461846105756,138.43985170926317,422.76199999999994,769.5360000000001,0.0,500.86890000000005,0.0,0.0,0.0,269.123,83.005,0.0,-11552.310821268864,27803.77778317499
02-10-2040 03:00:00,35902.29557753583,9.615645906028412,121.00441140530165,434.083,730.063,0.0,499.45740000000006,0.0,0.0,0.0,268.363,83.265,0.0,-10924.099484014965,27638.37955003086
02-10-2040 04:00:00,35029.12501606398,2.4228399133299936,10.384085170982871,440.337,798.763,0.0,496.90995000000004,0.0,0.0,0.0,264.5485,83.4355,0.0,-10189.635118450115,27437.881388666017
02-10-2040 05:00:00,35373.45583017641,11.238083347990464,0.0,441.78,589.6030000000001,0.0,489.4822500000001,0.0,0.0,0.0,243.81,82.806,0.0,-9992.782788025597,27754.825292589936
02-10-2040 06:00:00,35927.62078809428,3.796503614191196,0.0,429.75800000000004,955.63,0.0,492.6798000000001,0.0,0.0,0.0,247.77,83.39299999999999,0.0,-8734.089439561489,29990.86819702186
02-10-2040 07:00:00,34633.598445665346,22.47616669598093,0.0,414.483,1344.2720000000002,0.0,505.1050500000001,0.0,0.0,0.0,247.778,82.307,0.0,-4011.5732865661557,33930.268876927024
02-10-2040 08:00:00,34591.10097871112,1824.744574725104,0.0,423.226,1561.715,0.0,512.7684,0.0,0.0,0.0,249.9775,80.4085,0.0,-4282.947386484411,35714.24373692118
02-10-2040 09:00:00,34593.649743793285,12837.092793290578,227.66054296286893,445.86800000000005,2011.014,0.0,502.2189,0.0,0.0,0.0,245.36,82.19,0.0,-12200.0,37030.64895525833
02-10-2040 10:00:00,34572.20376142514,23416.855924830517,7974.854626513785,434.225,1286.315,0.0,492.32415000000003,0.0,0.0,0.0,239.817,82.265,0.0,-12200.0,37492.299108612635
02-10-2040 11:00:00,33476.114879709356,30012.431878893098,15619.654964818852,408.58099999999996,1180.299,0.0,490.7619,0.0,0.0,0.0,238.905,80.939,0.0,-12200.0,37919.54718833407
02-10-2040 12:00:00,30589.752519104037,33711.751490310766,17188.02018000788,399.92,1358.634,0.0,496.9753500000001,0.0,0.0,0.0,240.7935,79.5135,0.0,-12200.0,38464.64899548383
02-10-2040 13:00:00,28759.449118210843,35409.729619570564,17231.21411536855,404.64099999999996,1142.11,0.0,494.4876000000001,0.0,0.0,0.0,231.424,80.179,0.0,-12200.0,38414.005435092724
02-10-2040 14:00:00,27721.525453597766,35457.90519534723,17224.50480358157,402.256,957.801,0.0,495.7314,0.0,0.0,0.0,231.1255,81.9995,0.0,-12200.0,37577.39421740223
02-10-2040 15:00:00,26960.2878363489,33765.248660897065,17579.431782284228,407.274,1057.086,0.0,494.8092000000001,0.0,0.0,0.0,230.445,81.98299999999999,0.0,-12200.0,37045.797161295035
02-10-2040 16:00:00,27403.939268534166,29844.617766146155,17839.84078304135,405.50699999999995,1012.319,0.0,493.98495,0.0,0.0,0.0,229.4395,80.8755,0.0,-12200.0,36915.24069481302
02-10-2040 17:00:00,27436.88756858722,23795.24078504491,18001.951788362465,407.233,1483.392,0.0,495.9153000000001,0.0,0.0,0.0,234.1795,72.9955,0.0,-12200.0,36970.308340818665
02-10-2040 18:00:00,27503.890309533246,13890.173671869694,16768.315453777526,405.829,1844.681,0.0,501.13050000000004,0.0,0.0,0.0,234.7545,71.9945,0.0,-12200.0,36524.94394111806
02-10-2040 19:00:00,27778.425957222673,2627.3751935133428,10480.936059941741,407.05300000000005,2963.573,0.0,500.1090000000001,0.0,0.0,0.0,228.97299999999998,71.885,0.0,-10531.439092098833,36561.80784932568
02-10-2040 20:00:00,28934.200032789704,7.6687209756739545,5915.148529962229,407.708,3526.917,0.0,504.1791000000001,0.0,0.0,0.0,242.5935,73.5805,0.0,-1982.7135335532003,39200.20558659109
02-10-2040 21:00:00,29215.546568657723,2.163249922616066,5030.948939859489,407.185,2355.169,0.0,506.7544500000001,0.0,0.0,0.0,249.24900000000002,77.192,0.0,-661.4429651627506,38600.495913963634
02-10-2040 22:00:00,29594.523570336212,5.451389804992486,4952.8578128642985,399.713,1917.3039999999999,0.0,504.92310000000015,0.0,0.0,0.0,249.16299999999998,77.42,0.0,-3947.0559159255863,35050.02529385383
02-10-2040 23:00:00,28743.796838563616,1.5575399442835676,4721.390941384365,397.80199999999996,1417.5439999999999,0.0,503.7474,0.0,0.0,0.0,248.7485,78.2395,0.0,-5235.685258472899,32054.181303239726
03-10-2040 00:00:00,28433.717714235197,5.91648853835494,3901.934017440479,393.384,1003.43,0.0,492.32370000000003,0.0,0.0,0.0,254.75599999999997,80.101,0.0,-5370.492908953318,30213.673525799975
03-10-2040 01:00:00,28266.90703442672,2.7689599009485644,2872.0415026247792,394.05699999999996,1017.195,0.0,488.99565,0.0,0.0,0.0,259.3155,82.2045,0.0,-5438.38268769177,28805.296578251953
03-10-2040 02:00:00,27232.553187978796,2.001006178419861,1905.2165186067577,390.413,968.569,0.0,488.0983500000001,0.0,0.0,0.0,266.2175,85.5105,0.0,-4261.80320708912,27802.90732489383
03-10-2040 03:00:00,25715.566113802146,8.92340593079127,895.7852121558099,396.551,1010.107,0.0,486.99750000000006,0.0,0.0,0.0,266.906,90.09700000000001,0.0,-2062.0917499778625,27409.440838286966
03-10-2040 04:00:00,24524.546368745323,1.95774117996754,119.76779315437307,395.725,962.8560000000001,0.0,486.84615,0.0,0.0,0.0,271.747,93.367,0.0,-190.01359080128168,27179.376110638314
03-10-2040 05:00:00,22687.432079673537,9.723808402159216,127.81019695653231,391.394,997.079,2052.3115045276754,487.8366000000001,0.0,0.0,0.0,255.6755,90.3045,0.0,0.0,27630.431596340473
03-10-2040 06:00:00,21427.680765155168,3.2989561319895007,138.0714973366412,387.907,1434.086,5140.211012853742,489.33180000000004,0.0,0.0,0.0,257.6765,92.4045,0.0,0.0,29970.988269046487
03-10-2040 07:00:00,19773.048773665654,19.97761303535937,138.74681368644815,405.99699999999996,3208.3309999999997,8000.0,503.70420000000007,0.0,0.0,0.0,249.2045,93.6885,0.0,0.0,34194.36740739733
03-10-2040 08:00:00,19110.346646550817,2022.0978651653672,134.7913893518853,408.902,4042.18,8000.0,506.54895000000005,0.0,0.0,0.0,241.4965,94.4605,0.0,0.0,36022.350257346894
03-10-2040 09:00:00,16253.78723495629,13797.468300963084,572.9839969508466,407.05,4520.0509999999995,0.0,506.9820000000001,0.0,0.0,0.0,237.47299999999998,93.65299999999999,0.0,0.0,37263.265539235545
03-10-2040 10:00:00,7123.135721183002,13109.949471053813,9888.236333713576,411.54,4308.554,0.0,505.1674500000001,0.0,0.0,0.0,235.5,93.264,0.0,0.0,37637.61393485842
03-10-2040 11:00:00,8230.37079931005,20149.313333714104,16796.85414731328,410.719,4338.747,0.0,502.7692500000001,0.0,0.0,0.0,232.692,94.197,0.0,-12200.0,38392.065050527846
03-10-2040 12:00:00,12696.616705697332,33447.765690736596,17317.365186850337,404.49,4089.908,0.0,500.9718000000001,0.0,0.0,0.0,233.838,93.723,0.0,-12200.0,38935.452724447045
03-10-2040 13:00:00,13339.266888381067,35537.69730435553,16763.71979446197,407.92699999999996,3444.768,0.0,502.0578000000001,0.0,0.0,0.0,233.4905,94.0085,0.0,-12200.0,39098.86973502471
03-10-2040 14:00:00,14388.87986135605,35318.911944313426,16878.356937426288,407.19199999999995,2615.701,0.0,502.06905000000006,0.0,0.0,0.0,234.00599999999997,93.895,0.0,-12200.0,38207.707938427266
03-10-2040 15:00:00,16418.471465351777,33519.14693464014,17305.753253770643,408.048,1468.8020000000001,0.0,500.4591000000001,0.0,0.0,0.0,237.1535,93.0575,0.0,-12200.0,37348.84237600554
03-10-2040 16:00:00,17548.301029721457,29805.07235549261,17709.31178000121,392.89,1403.808,0.0,498.35895000000005,0.0,0.0,0.0,236.96900000000002,93.565,0.0,-12200.0,37346.51669003378
03-10-2040 17:00:00,18337.158033668726,23588.639558204977,17778.027411179035,392.065,2001.872,0.0,499.0888500000001,0.0,0.0,0.0,243.253,94.074,0.0,-12200.0,37321.13911123043
03-10-2040 18:00:00,18735.972117222806,13543.610216734896,16577.542970129754,399.19,3304.0209999999997,0.0,502.6435500000001,0.0,0.0,0.0,246.016,94.427,0.0,-12200.0,36851.46139817202
03-10-2040 19:00:00,18462.109438021274,2334.774008968859,10147.59289340608,401.04900000000004,3616.5609999999997,0.0,505.10265000000004,0.0,0.0,0.0,251.891,93.67200000000001,0.0,-802.3331997672794,37008.160256374445
03-10-2040 20:00:00,19287.271166556347,6.781788507401366,6019.296343649097,408.63699999999994,4630.244000000001,6714.7685237252845,508.73070000000007,0.0,0.0,0.0,253.88,93.649,0.0,0.0,39506.8977983053
03-10-2040 21:00:00,14016.92510439437,1.5972103642099422,5302.91492532663,407.551,3555.408,8000.0,518.7882000000001,0.0,0.0,0.0,256.721,94.913,0.0,0.0,38603.62807581299
03-10-2040 22:00:00,18572.90530049225,5.191799814278558,5038.8860995552095,405.167,2469.797,6220.412718133368,526.4665500000001,0.0,0.0,0.0,265.763,95.088,0.0,0.0,34907.05326515287
03-10-2040 23:00:00,16747.37454923698,1.3303987024088806,4846.622657732572,399.478,1710.944,6228.125529651188,524.0599500000001,0.0,0.0,0.0,266.7645,94.8335,0.0,0.0,32012.856110345765
04-10-2040 00:00:00,14601.59281907651,6.067916032938065,6521.481907592881,388.13800000000003,1405.724,558.8664747096009,510.7014000000001,0.0,0.0,0.0,268.111,95.443,0.0,0.0,30354.44299745701
04-10-2040 01:00:00,12932.097543503902,2.660797404817761,7390.342065565756,383.754,1421.611,0.0,507.3673500000001,0.0,0.0,0.0,265.007,95.639,0.0,0.0,28806.49141243962
04-10-2040 02:00:00,12078.04078633564,1.8495786838367363,12762.186929216181,383.87300000000005,1076.765,0.0,505.2958500000001,0.0,0.0,0.0,267.0615,94.9905,0.0,0.0,27785.979887250796
04-10-2040 03:00:00,10784.126737415503,9.053200926148236,13822.911673393919,385.505,1020.112,0.0,505.8850500000001,0.0,0.0,0.0,276.871,95.133,0.0,0.0,27415.18549095197
04-10-2040 04:00:00,10218.25834529637,1.9036599319021383,14193.393472195286,387.86699999999996,1004.6469999999999,0.0,507.2809500000001,0.0,0.0,0.0,272.6975,95.3855,0.0,0.0,27186.991504626407
04-10-2040 05:00:00,9458.919732076856,9.777889650224617,15003.803575727767,388.477,1251.762,0.0,508.4598000000001,0.0,0.0,0.0,275.904,95.788,0.0,0.0,27516.603180476417
04-10-2040 06:00:00,8769.940958576235,2.9095711459186084,15068.507412979638,397.793,2234.511,0.0,514.7446500000001,1917.6057333325407,0.0,0.0,276.26599999999996,95.632,0.0,0.0,29869.668785071717
04-10-2040 07:00:00,8098.77646727357,20.118224280329414,15068.507412979638,397.074,3251.947,0.0,524.6556,5715.295041334601,0.0,0.0,276.8045,95.0815,0.0,0.0,34153.90076908153
04-10-2040 08:00:00,6459.614977041508,1883.163138885351,15068.507412979638,395.34,3777.527,0.0,532.76265,6812.784945285959,0.0,0.0,280.5155,94.4795,0.0,0.0,36067.65798287261
04-10-2040 09:00:00,4571.52925395173,13476.441307919758,13203.406070180861,379.72900000000004,3907.8990000000003,0.0,530.8890000000001,0.0,0.0,0.0,279.4405,92.9955,0.0,0.0,37291.79611136844
04-10-2040 10:00:00,3269.651764509321,24102.552069051748,3491.3219632469572,382.912,4069.495,0.0,525.8977500000001,0.0,0.0,0.0,284.067,95.537,0.0,0.0,38077.18569509132
04-10-2040 11:00:00,3374.6577782025124,28293.70799124552,0.0,369.36800000000005,2908.828,0.0,520.0515000000001,0.0,0.0,0.0,278.3865,93.7455,0.0,0.0,38567.67294093053
04-10-2040 12:00:00,3891.9751291651432,29188.5831193416,0.0,378.12300000000005,2026.87,0.0,519.0819,0.0,0.0,0.0,275.7275,91.7735,0.0,0.0,39179.33207140673
04-10-2040 13:00:00,4365.2172170689555,29014.431310164106,0.0,378.668,1874.558,0.0,518.8977,0.0,0.0,0.0,273.4075,93.2185,0.0,0.0,39308.07508313632
04-10-2040 14:00:00,4742.417115401755,28399.706331187357,0.0,380.11800000000005,1167.76,0.0,520.75365,0.0,0.0,0.0,275.378,93.12,0.0,0.0,38354.85444697065
04-10-2040 15:00:00,5174.323578183106,27421.935137978693,0.0,380.39599999999996,1082.672,0.0,519.9298500000001,0.0,0.0,0.0,275.58099999999996,93.764,0.0,0.0,37726.769694330615
04-10-2040 16:00:00,6205.526568492472,26199.104684255955,0.0,375.215,1157.4160000000002,0.0,517.5615,0.0,0.0,0.0,273.92400000000004,94.441,0.0,0.0,37626.68484755035
04-10-2040 17:00:00,6628.791463955236,18445.166956984398,6810.916410453152,377.31199999999995,1744.316,0.0,514.3224,0.0,0.0,0.0,273.282,93.65700000000001,0.0,0.0,37709.44571458171
04-10-2040 18:00:00,6398.77243679395,8769.232344590642,16182.649541997933,378.50199999999995,1897.6529999999998,0.0,521.3538000000001,0.0,0.0,0.0,274.64799999999997,93.67399999999999,0.0,0.0,37183.35077319108
04-10-2040 19:00:00,6671.037406957669,1299.2775936614921,10333.501513221407,378.957,2489.1,8000.0,532.2129,0.0,0.0,0.0,279.475,93.277,0.0,0.0,37040.709444238804
04-10-2040 20:00:00,11462.423129797853,5.992202285646502,8128.159993572699,383.37699999999995,4011.163,8000.0,541.3275000000001,0.0,0.0,0.0,279.007,89.821,0.0,0.0,39473.60388502262
04-10-2040 21:00:00,12255.270848741005,2.033454927259102,10291.110287867341,394.772,2404.686,8000.0,538.1908500000002,0.0,0.0,0.0,284.7715,93.6175,0.0,0.0,38508.33707342138
04-10-2040 22:00:00,12383.246702767965,5.0079235708561916,14024.838169056373,398.55199999999996,2506.218,3262.682026713501,536.43165,0.0,0.0,0.0,283.467,95.637,0.0,0.0,34840.893227913766
04-10-2040 23:00:00,12589.94033481815,1.4385611985396838,14962.84482369304,392.147,2069.328,0.0,527.30265,0.0,0.0,0.0,278.26099999999997,94.906,0.0,0.0,32050.598660630356
05-10-2040 00:00:00,13440.547170206004,5.808326042224137,13592.921231821101,396.586,1191.44,0.0,513.0144,0.0,0.0,0.0,273.5805,95.8165,0.0,0.0,30428.885780033088
05-10-2040 01:00:00,13504.850308682602,2.6391649055916,12451.980176604473,390.369,1055.2269999999999,0.0,510.8643000000001,0.0,0.0,0.0,266.3135,96.0275,0.0,0.0,28974.370079694378
05-10-2040 02:00:00,13836.71576640683,1.7197836884797724,11327.222295241887,389.56800000000004,812.3810000000001,0.0,509.2675500000001,0.0,0.0,0.0,280.378,95.281,0.0,0.0,27809.88103489259
05-10-2040 03:00:00,13449.141033654518,8.945038430017433,11270.39280961963,395.83,843.138,0.0,510.1641000000001,0.0,0.0,0.0,284.92,95.738,0.0,0.0,27370.613563067367
05-10-2040 04:00:00,12943.615331690075,2.109168674550664,11434.925306476176,393.091,1006.447,0.0,512.27925,0.0,0.0,0.0,288.413,95.475,0.0,0.0,27187.678571483393
05-10-2040 05:00:00,12146.958001812272,9.756257150998458,12427.290873763697,387.12699999999995,1042.538,0.0,514.9900500000001,0.0,0.0,0.0,286.237,96.61200000000001,0.0,0.0,27435.560538573605
05-10-2040 06:00:00,11638.268582340681,3.039366141275573,14931.667278222763,391.08,1302.907,0.0,522.1605000000001,0.0,0.0,0.0,274.5795,95.5555,0.0,0.0,29751.265999342893
05-10-2040 07:00:00,11156.965817720094,19.631493047740797,15068.507412979638,391.30699999999996,3405.211,0.0,536.9869500000001,2300.667044183432,0.0,0.0,274.883,95.929,0.0,0.0,33961.4037560798
05-10-2040 08:00:00,10211.00654783194,1544.008816017604,15068.507412979638,388.76199999999994,3907.7059999999997,0.0,544.368,2926.184961168761,0.0,0.0,269.325,94.068,0.0,0.0,35724.84324045268
05-10-2040 09:00:00,9087.581290394237,12204.190763430795,10467.822848267262,388.53,2960.723,0.0,544.2642000000001,0.0,0.0,0.0,269.0515,92.9925,0.0,0.0,36864.17306500284
05-10-2040 10:00:00,8159.699301225415,23277.38038606985,172.83399051477136,390.181,2995.835,0.0,541.6243500000002,0.0,0.0,0.0,271.8805,95.5475,0.0,0.0,37563.80725641088
05-10-2040 11:00:00,6827.796699635341,25564.28477361778,0.0,370.04900000000004,1990.095,0.0,534.6412500000001,0.0,0.0,0.0,274.8595,94.0505,0.0,0.0,38327.74785530795
05-10-2040 12:00:00,6568.781018971202,26319.73891138195,0.0,368.98699999999997,2069.2529999999997,0.0,534.94725,0.0,0.0,0.0,277.8975,93.8125,0.0,0.0,39031.73954599192
05-10-2040 13:00:00,6885.423250491707,26132.9077394048,0.0,380.06300000000005,2135.737,0.0,537.3972,0.0,0.0,0.0,279.6715,93.9175,0.0,0.0,39219.880175689876
05-10-2040 14:00:00,7404.456218729935,25115.70196067683,0.0,385.51099999999997,1503.61,0.0,535.7151000000001,0.0,0.0,0.0,278.9465,90.9055,0.0,0.0,38068.31594840061
05-10-2040 15:00:00,8159.468590969775,24253.705651769265,0.0,392.31199999999995,1166.77,0.0,533.2999500000001,0.0,0.0,0.0,279.9115,92.9505,0.0,-537.3754480492298,37093.56672139541
05-10-2040 16:00:00,11339.20372516542,28656.49134271227,0.0,383.319,1195.428,0.0,532.5846000000001,0.0,0.0,0.0,281.436,94.505,0.0,-8524.432124929377,36679.00464114529
05-10-2040 17:00:00,11815.048378702239,22389.934015293366,0.0,380.18,1689.003,0.0,534.47265,0.0,0.0,0.0,280.137,94.23100000000001,0.0,-3392.927634142932,36562.59126177871
05-10-2040 18:00:00,12203.367317022256,12142.819363126178,0.0,389.73,2962.97,4956.031302912326,537.4663500000001,0.0,0.0,0.0,275.3955,92.6555,0.0,0.0,36160.03295002224
05-10-2040 19:00:00,10468.152639277738,1461.6773958143872,4051.47379132451,417.171,4057.3379999999997,8000.0,539.4609,0.0,0.0,0.0,277.744,93.411,0.0,0.0,36272.626728691794
05-10-2040 20:00:00,11915.928722800027,5.546669045674776,6267.709012864161,435.81699999999995,4141.258,8000.0,541.5100500000001,0.0,0.0,0.0,277.2235,91.8785,0.0,0.0,38215.18829978452
05-10-2040 21:00:00,14148.15629484591,1.8171299349974954,6595.0782925917065,439.912,2969.938,5768.762759787578,545.0008500000001,0.0,0.0,0.0,277.878,95.257,0.0,0.0,37235.18544786266
05-10-2040 22:00:00,14007.397939154982,4.997107321243113,15068.507412979638,438.022,2386.241,0.0,537.0493500000001,185.5487251208342,0.0,0.0,278.5355,95.2515,0.0,0.0,34177.563470672816
05-10-2040 23:00:00,13916.388847882708,1.1357062093734345,13533.78617716272,438.582,1852.389,0.0,529.11045,0.0,0.0,0.0,276.8595,94.9315,0.0,0.0,31594.97922080355
06-10-2040 00:00:00,14995.893352250503,6.003018535259583,10943.968444691163,434.833,1987.891,0.0,512.4774,0.0,0.0,0.0,274.79400000000004,94.84,0.0,0.0,30040.92401207783
06-10-2040 01:00:00,16258.850928154474,2.3471261660384313,8611.152045142828,436.13599999999997,1827.963,0.0,508.98480000000006,0.0,0.0,0.0,274.9125,95.2725,0.0,0.0,28644.437003863633
06-10-2040 02:00:00,16679.818737871,1.7089674388666922,7271.088112411646,434.099,1404.6070000000002,0.0,506.71755000000013,0.0,0.0,0.0,282.584,94.50399999999999,0.0,0.0,27215.215184416596
06-10-2040 03:00:00,17184.334989628394,8.501572195881138,6466.3110420660305,437.399,1097.9769999999999,0.0,507.4056000000001,0.0,0.0,0.0,286.688,94.213,0.0,0.0,26593.70015985509
06-10-2040 04:00:00,17082.639649612538,1.9469249303544593,6424.100205032835,442.26099999999997,849.515,0.0,510.02715,0.0,0.0,0.0,289.22700000000003,94.934,0.0,0.0,26199.452120748767
06-10-2040 05:00:00,16950.811640772474,9.301974667249082,6322.796398777555,444.751,860.6439999999999,0.0,507.94545000000005,0.0,0.0,0.0,284.5335,94.2225,0.0,0.0,25988.510691954165
06-10-2040 06:00:00,16596.51395622494,4.002012356839722,6932.664328956693,448.075,1012.596,0.0,507.6225000000001,0.0,0.0,0.0,285.2425,93.2295,0.0,0.0,26428.556368362373
06-10-2040 07:00:00,17191.215495062646,18.73374432985513,7380.369059908349,445.905,1243.816,0.0,510.0600000000001,0.0,0.0,0.0,288.226,95.038,0.0,0.0,27775.414606865386
06-10-2040 08:00:00,17975.074852775222,1241.8028018281395,6143.57911252954,452.93800000000005,1425.4370000000001,0.0,512.5221000000001,0.0,0.0,0.0,289.2825,95.8155,0.0,0.0,28802.578070081534
06-10-2040 09:00:00,15997.52902909064,10687.50835671503,0.0,452.01300000000003,2341.938,0.0,510.30645000000004,0.0,0.0,0.0,291.73400000000004,95.137,0.0,0.0,31155.705797126837
06-10-2040 10:00:00,10773.481022705615,16886.340855590264,0.0,452.11400000000003,2418.825,0.0,509.1675000000001,0.0,0.0,0.0,293.6025,94.8155,0.0,0.0,33059.249633752144
06-10-2040 11:00:00,8782.256609019838,19173.439338341457,0.0,451.35900000000004,1925.5179999999998,0.0,505.29990000000004,0.0,0.0,0.0,294.2965,94.5785,0.0,0.0,33879.4356012695
06-10-2040 12:00:00,9352.709484180155,19320.389146714566,0.0,451.559,1603.0870000000002,0.0,503.3406000000001,0.0,0.0,0.0,292.5,93.277,0.0,0.0,34401.57516535085
06-10-2040 13:00:00,17791.32422802655,29892.531992048767,0.0,449.35699999999997,1014.181,0.0,501.5763000000001,0.0,0.0,0.0,293.241,93.006,0.0,-12200.0,34659.29740291622
06-10-2040 14:00:00,23594.227388110787,33822.935855738724,0.0,449.165,823.2639999999999,0.0,496.15080000000006,0.0,0.0,0.0,290.408,93.579,0.0,-12200.0,33969.82488196406
06-10-2040 15:00:00,25508.33084372028,31103.675061148944,8086.304867905681,452.009,854.81,0.0,495.1573500000001,0.0,0.0,0.0,285.695,94.227,0.0,-12200.0,32505.247948663447
06-10-2040 16:00:00,26705.275483483867,26449.610169750064,17415.794737419405,450.283,949.3919999999999,0.0,496.1616000000001,0.0,0.0,0.0,282.4815,94.3685,0.0,-12200.0,31585.39264799838
06-10-2040 17:00:00,26682.6010276631,19705.273638067716,17059.8153176521,445.32,1192.779,0.0,498.31125000000003,0.0,0.0,0.0,283.647,94.39,0.0,-12200.0,31317.14418907306
06-10-2040 18:00:00,26857.88805261126,10255.556661001045,15271.437297903176,452.031,1314.6670000000001,0.0,502.73895000000005,0.0,0.0,0.0,291.05,94.773,0.0,-12200.0,31207.207540105424
06-10-2040 19:00:00,25769.809530788534,1446.630119176547,9163.534186954814,451.36300000000006,2550.394,0.0,502.1652000000001,0.0,0.0,0.0,293.2615,94.7705,0.0,-10368.704989285205,31751.96079195204
06-10-2040 20:00:00,26924.307317062172,5.137718566024775,5626.534108673135,453.735,3080.575,0.0,502.0065000000001,0.0,0.0,0.0,291.4,94.302,0.0,-4245.494511439352,34222.880495966485
06-10-2040 21:00:00,29019.481170773935,1.806313685372123,4689.151163438015,450.41,2023.892,0.0,500.5176000000001,0.0,0.0,0.0,289.17900000000003,95.491,0.0,-4239.174075572024,34170.40785721272
06-10-2040 22:00:00,30158.226092231915,4.824047327426247,3930.393777896388,451.44300000000004,1014.1419999999999,0.0,496.35015000000004,0.0,0.0,0.0,282.8775,93.8045,0.0,-5757.664046920741,31837.456162754672
06-10-2040 23:00:00,30673.645179795985,1.1789712078256829,3057.6921064246853,449.218,859.1469999999999,0.0,492.34680000000003,0.0,0.0,0.0,280.707,93.2,0.0,-7210.286675580908,29688.77304660628
07-10-2040 00:00:00,31861.1337829426,6.046283533711887,1595.1498402837315,448.301,793.6039999999999,0.0,487.60050000000007,0.0,0.0,0.0,280.0465,93.9395,0.0,-8128.910403198024,28201.611068825725
07-10-2040 01:00:00,32683.831834062104,2.6067161567523596,623.9572258475237,447.366,339.906,0.0,487.7061000000001,0.0,0.0,0.0,279.92,93.969,0.0,-8912.269546554038,26658.631511751148
07-10-2040 02:00:00,32262.465658938203,1.0708087116949527,392.36756957671605,448.814,182.745,0.0,486.86850000000004,0.0,0.0,0.0,279.0615,93.6925,0.0,-9275.856586840764,25428.415054915833
07-10-2040 03:00:00,31946.813286531782,7.679537225287033,162.04961292567896,447.89,223.93599999999998,0.0,485.2635000000001,0.0,0.0,0.0,276.7005,94.3465,0.0,-9425.303901094405,24734.512124506942
07-10-2040 04:00:00,30636.720960921662,1.7089674388666922,136.79979771687067,450.881,606.498,0.0,484.07205000000005,0.0,0.0,0.0,278.23400000000004,95.68799999999999,0.0,-8833.427190609458,24363.049632877803
07-10-2040 05:00:00,29383.575550440222,9.594013406802253,169.26760456056218,446.785,405.31699999999995,0.0,482.6785500000001,0.0,0.0,0.0,282.402,96.235,0.0,-7621.361371524359,24168.388377876137
07-10-2040 06:00:00,29791.09562693871,3.039366141275573,170.5568448647391,446.347,292.959,0.0,487.49250000000006,0.0,0.0,0.0,280.8535,95.6305,0.0,-7518.491456139345,24584.070522179514
07-10-2040 07:00:00,30186.452021823523,18.495786838367362,173.64400532096624,456.809,252.149,0.0,490.22280000000006,0.0,0.0,0.0,280.7015,94.6865,0.0,-7286.974672871456,25235.98611621558
07-10-2040 08:00:00,29622.401413602136,1372.4090159060845,163.7598296556971,454.605,321.19599999999997,0.0,491.39130000000006,0.0,0.0,0.0,279.8475,94.8445,0.0,-7845.436189057549,25562.378212397387
07-10-2040 09:00:00,28031.252624022578,11422.673463887291,215.31190113793127,448.471,884.73,0.0,490.68765,0.0,0.0,0.0,281.015,94.325,0.0,-12200.0,27351.8466313216
07-10-2040 10:00:00,28527.728082751408,22045.26894389503,6046.396701063204,448.038,1050.235,0.0,487.94295000000005,0.0,0.0,0.0,283.026,93.774,0.0,-12200.0,29273.971776324193
07-10-2040 11:00:00,31046.983183768025,28777.71372056152,12990.876443939982,453.538,724.845,0.0,485.1369,0.0,0.0,0.0,284.1955,94.4015,0.0,-12200.0,30257.992871986746
07-10-2040 12:00:00,32283.729862916567,32915.39429629811,15625.013643906248,453.651,466.227,0.0,481.3171500000001,0.0,0.0,0.0,280.47700000000003,94.4,0.0,-12200.0,30741.572622175066
07-10-2040 13:00:00,32564.063080952223,34365.50724942457,16538.786827924952,456.49800000000005,509.74,0.0,483.58260000000007,0.0,0.0,0.0,275.7385,92.5925,0.0,-12200.0,31230.98555881942
07-10-2040 14:00:00,32578.41970611914,33944.852485722266,16733.98833438632,456.62699999999995,442.95099999999996,0.0,482.5083000000001,0.0,0.0,0.0,275.2525,92.8585,0.0,-12200.0,31172.58599194863
07-10-2040 15:00:00,33314.22381930075,31886.628346849207,16941.389386855153,454.186,246.88,0.0,481.1923500000001,0.0,0.0,0.0,278.9885,95.1225,0.0,-12200.0,29526.368594764237
07-10-2040 16:00:00,33599.73192000702,27518.50757310594,17772.791516882513,452.949,487.634,0.0,484.4631000000001,0.0,0.0,0.0,277.611,95.56,0.0,-12200.0,28474.99485961925
07-10-2040 17:00:00,35270.971494596415,20729.136874725802,17997.42629178459,447.98199999999997,1040.73,0.0,483.26475000000005,0.0,0.0,0.0,277.414,95.13,0.0,-12200.0,28322.461925472675
07-10-2040 18:00:00,36444.96595301941,11247.904502639141,16368.089657584933,449.55800000000005,1289.904,0.0,486.85665000000006,0.0,0.0,0.0,277.828,95.044,0.0,-12200.0,28415.15048079798
07-10-2040 19:00:00,34372.734853462185,1680.1745823966721,9717.46900063593,451.449,2050.447,0.0,492.9447,0.0,0.0,0.0,281.4105,94.6395,0.0,-12200.0,29376.545613001566
07-10-2040 20:00:00,33673.86656203274,4.975474822016952,5868.051792320242,454.204,3256.21,0.0,494.74320000000006,0.0,0.0,0.0,283.324,95.40299999999999,0.0,-12200.0,32749.033553962097
07-10-2040 21:00:00,33738.32440552191,1.5467236946704874,5390.603133010765,456.63599999999997,1678.075,0.0,495.1132500000001,0.0,0.0,0.0,284.4885,95.0295,0.0,-10673.448374870331,32852.74159034002
07-10-2040 22:00:00,32643.43062002827,4.423846091749854,4609.323508686182,451.283,1180.229,0.0,495.77070000000003,0.0,0.0,0.0,284.3125,95.2785,0.0,-9836.594793014021,31146.556313415844
07-10-2040 23:00:00,30084.13399413205,1.0708087116949527,2716.4117801933317,451.595,967.211,0.0,493.0875000000001,0.0,0.0,0.0,281.6355,94.9645,0.0,-6862.001468302242,29154.48017376246
08-10-2040 00:00:00,27635.234865209015,6.727707259335965,1886.3602828655567,453.4,713.798,0.0,490.3185000000001,0.0,0.0,0.0,277.2855,95.0655,0.0,-4957.919569734335,27370.80737023169
08-10-2040 01:00:00,24708.386202812937,1.5359074450574066,315.59199391229777,455.885,389.642,0.0,491.58000000000004,0.0,0.0,0.0,278.373,95.059,0.0,-1284.3934688300178,26003.852705155175
08-10-2040 02:00:00,21630.866461045232,1.5683561938966477,85.5722288962279,451.954,387.214,1436.3702430924059,491.3190000000001,0.0,0.0,0.0,276.4435,94.6605,0.0,0.0,25359.459879418308
08-10-2040 03:00:00,19881.261062336216,8.707080938529666,87.24736425743322,448.975,361.778,2962.5213248345244,491.4999,0.0,0.0,0.0,273.8885,94.6715,0.0,0.0,25105.285689325527
08-10-2040 04:00:00,18739.42977602746,2.4120236637169135,91.79917186193052,446.875,334.56699999999995,4032.2982121831665,490.9089,0.0,0.0,0.0,273.966,95.573,0.0,0.0,25003.135550076466
08-10-2040 05:00:00,18365.279570741302,8.404225949363417,89.08913612054312,437.171,404.44599999999997,4800.215148875861,493.18380000000013,0.0,0.0,0.0,272.115,94.22399999999999,0.0,0.0,25477.488442484373
08-10-2040 06:00:00,18452.970239493854,4.120991102583606,94.7372365006886,439.765,1567.8529999999998,6229.393724485479,500.5773000000001,0.0,0.0,0.0,275.4685,94.0615,0.0,0.0,28242.166612923225
08-10-2040 07:00:00,19103.396523860905,14.299081988492194,179.4301222334143,432.63300000000004,1956.392,4269.201346528564,517.98195,0.0,0.0,0.0,286.8695,96.3845,0.0,0.0,32548.35572108023
08-10-2040 08:00:00,19774.44498640414,1133.629489447723,4890.766554341986,441.085,1918.3110000000001,0.0,527.5963500000001,0.0,0.0,0.0,292.0615,96.3635,0.0,0.0,34826.04968227549
08-10-2040 09:00:00,18524.587057439916,10783.735966743408,0.0,440.52099999999996,2089.799,0.0,526.0221000000001,0.0,0.0,0.0,291.999,95.061,0.0,0.0,35907.08930522607
08-10-2040 10:00:00,13297.440839356927,15582.944431778651,2861.5643862718134,445.811,1860.1470000000002,0.0,527.6034000000001,0.0,0.0,0.0,287.633,94.78,0.0,0.0,36631.68481782351
08-10-2040 11:00:00,5702.851546957936,10078.00091956008,15690.264989913005,443.162,1541.02,0.0,526.9506000000001,0.0,0.0,0.0,278.416,95.02,0.0,0.0,36974.97236044657
08-10-2040 12:00:00,9294.47603474376,22673.20812028313,17246.465740463405,440.51199999999994,1838.7379999999998,0.0,528.03015,0.0,0.0,0.0,280.814,95.19200000000001,0.0,-12200.0,37461.3197215802
08-10-2040 13:00:00,9923.803031339055,31729.458669412797,17148.59749179546,442.995,1593.911,0.0,526.1064,0.0,0.0,0.0,283.1725,95.4135,0.0,-12200.0,37592.01866050736
08-10-2040 14:00:00,8851.557564479872,31131.27644667849,16712.115100926516,441.713,1207.5539999999999,0.0,525.2050500000001,0.0,0.0,0.0,279.08299999999997,94.241,0.0,-12200.0,36637.203300131674
08-10-2040 15:00:00,8870.597236822321,28084.877128175645,16916.87628039159,442.26599999999996,1023.665,0.0,523.8555,0.0,0.0,0.0,277.4805,95.0075,0.0,-12200.0,35689.8474696331
08-10-2040 16:00:00,9632.038675674272,24536.599702704676,17223.592687992204,446.91900000000004,1054.174,0.0,523.4490000000001,0.0,0.0,0.0,274.5425,94.7765,0.0,-12200.0,35332.47598641883
08-10-2040 17:00:00,9979.362553056711,18661.44793433275,17396.43859217252,443.967,2078.527,0.0,526.2975000000001,0.0,0.0,0.0,280.1385,95.3035,0.0,-12200.0,35220.96507273071
08-10-2040 18:00:00,11128.279547601729,10251.825173696569,15963.759341240308,448.19,2570.888,0.0,529.9044,0.0,0.0,0.0,282.79400000000004,95.434,0.0,-8958.504315130165,34925.82726472229
08-10-2040 19:00:00,5871.619732998442,749.75093297856,9680.275526390598,448.20300000000003,3001.972,8000.0,531.4626000000001,0.0,0.0,0.0,283.345,94.46600000000001,0.0,0.0,35557.51772339625
08-10-2040 20:00:00,12227.063862650703,3.999018650342506,6511.649941097843,433.57199999999995,3611.5440000000003,8000.0,532.8900000000001,0.0,0.0,0.0,287.6475,95.0285,0.0,0.0,38265.25304261775
08-10-2040 21:00:00,12845.926049031474,1.6722669271158446,5962.884095234749,448.566,2876.9309999999996,8000.0,534.4542,0.0,0.0,0.0,289.2795,95.2425,0.0,0.0,37512.464725459766
08-10-2040 22:00:00,13751.662818118673,3.1691611366325363,8871.145921462909,449.972,1731.375,6908.971265137312,532.59015,0.0,0.0,0.0,274.9075,95.1145,0.0,0.0,33916.754082135056
08-10-2040 23:00:00,12095.120219723864,1.406112449700443,15068.507412979638,450.27099999999996,1104.655,0.0,523.20615,261.30254370869807,0.0,0.0,275.3545,95.5705,0.0,0.0,30897.94822044321
09-10-2040 00:00:00,11419.856045587974,1.5575399442835676,14768.356624194661,440.585,935.793,0.0,514.1028000000001,0.0,0.0,0.0,274.16200000000003,95.546,0.0,0.0,29231.431289753044
09-10-2040 01:00:00,10814.673242148341,2.7473274017224036,14263.540080021734,441.434,864.9010000000001,0.0,509.4027000000001,0.0,0.0,0.0,274.0335,95.8705,0.0,0.0,27902.14105691024
09-10-2040 02:00:00,10560.330466225203,1.3087662031827199,13646.474616344281,441.668,807.6619999999999,0.0,508.2217500000001,0.0,0.0,0.0,273.825,95.075,0.0,0.0,26857.70197273859
09-10-2040 03:00:00,9951.067318078916,3.688341118060393,13988.819925298758,443.909,743.783,0.0,504.6217500000001,0.0,0.0,0.0,274.4605,95.3465,0.0,0.0,26518.259698172118
09-10-2040 04:00:00,9584.919229568175,1.5899886931228084,14182.208342976322,442.8,868.753,0.0,501.12615000000005,0.0,0.0,0.0,272.4955,95.5785,0.0,0.0,26458.84124872349
09-10-2040 05:00:00,9004.99975468196,4.207521099488249,15068.507412979638,441.335,917.934,0.0,501.24420000000003,28.031431615143447,0.0,0.0,266.785,95.67,0.0,0.0,26843.415297205833
09-10-2040 06:00:00,8403.591753549144,3.461199876185705,15068.507412979638,442.26800000000003,1848.93,0.0,507.54630000000014,1871.717031472439,0.0,0.0,269.888,95.63799999999999,0.0,0.0,29091.02450904649
09-10-2040 07:00:00,8652.372884270228,9.561564657963011,15068.507412979638,440.769,2517.512,0.0,517.3902,4684.587261056124,0.0,0.0,271.9235,95.8495,0.0,0.0,32948.84278851638
09-10-2040 08:00:00,8276.358483582546,664.8640474664347,15068.507412979638,441.084,2934.4359999999997,0.0,525.0540000000001,5713.598295484739,0.0,0.0,291.455,95.95200000000001,0.0,0.0,34758.90386963249
09-10-2040 09:00:00,7909.533560641788,7962.209092675274,14770.87453280874,417.916,3070.4970000000003,0.0,523.59675,0.0,0.0,0.0,285.8055,95.6925,0.0,0.0,35843.323028260216
09-10-2040 10:00:00,7996.0484712987745,16122.04188203114,6784.701977987197,416.07800000000003,2903.0879999999997,0.0,520.72245,0.0,0.0,0.0,275.414,95.691,0.0,0.0,36495.64372018869
09-10-2040 11:00:00,9285.063126727864,21953.902383987956,0.0,409.37300000000005,2058.493,0.0,517.98465,0.0,0.0,0.0,276.7665,94.3795,0.0,0.0,36877.703855395746
09-10-2040 12:00:00,9072.072353502148,22649.540009309705,0.0,419.88800000000003,1681.805,0.0,516.3405,0.0,0.0,0.0,288.08099999999996,95.09200000000001,0.0,0.0,37116.17854920706
09-10-2040 13:00:00,9196.796321506512,22902.97276576417,0.0,437.19699999999995,1471.7089999999998,0.0,516.1836000000001,0.0,0.0,0.0,289.744,94.374,0.0,0.0,37314.40682320796
09-10-2040 14:00:00,10226.661926290706,21405.47780815329,0.0,443.965,1091.245,0.0,513.327,0.0,0.0,0.0,289.1635,94.5655,0.0,0.0,36437.352030626236
09-10-2040 15:00:00,11266.024210516973,19459.411477092537,0.0,441.648,1075.191,0.0,512.39475,0.0,0.0,0.0,279.3985,93.6245,0.0,0.0,35342.675599927985
09-10-2040 16:00:00,13420.751571707067,16735.139270493364,0.0,446.02,1240.192,0.0,512.8422,0.0,0.0,0.0,267.9645,90.9265,0.0,0.0,34960.99489525376
09-10-2040 17:00:00,17100.52661417961,13218.49879502305,0.0,444.336,1201.0410000000002,0.0,513.1399500000001,0.0,0.0,0.0,278.1855,91.9635,0.0,0.0,34973.6980062981
09-10-2040 18:00:00,18707.777130454717,7693.544268535972,0.0,448.44300000000004,1427.9479999999999,3339.0133183281832,520.5952500000001,0.0,0.0,0.0,290.801,95.41,0.0,0.0,34602.92518546095
09-10-2040 19:00:00,18000.38459283241,964.2794692557246,3686.5457748719855,455.29699999999997,1893.682,8000.0,523.63755,0.0,0.0,0.0,291.66700000000003,94.588,0.0,0.0,35516.57679691446
09-10-2040 20:00:00,17342.965641896993,3.3854861288941427,7221.62425414093,453.168,2904.677,8000.0,525.66555,0.0,0.0,0.0,290.7725,94.4735,0.0,0.0,38105.75458226824
09-10-2040 21:00:00,18348.946589038747,2.5201861598477167,12188.526148094596,463.849,2793.32,1535.5618707935973,525.8680500000002,0.0,0.0,0.0,289.5815,92.9875,0.0,0.0,37300.13279535961
09-10-2040 22:00:00,19121.968860620476,1.6981511892536116,11046.234703602942,447.902,1530.043,0.0,524.6862000000001,0.0,0.0,0.0,288.278,91.745,0.0,0.0,33926.512886642864
09-10-2040 23:00:00,18578.741547091624,0.9626462155641495,9198.699804933945,449.344,1026.345,0.0,516.19965,0.0,0.0,0.0,285.2,92.37700000000001,0.0,0.0,30868.93703630207
10-10-2040 00:00:00,17626.20344654374,5.105269817373916,8644.903074880967,434.265,942.0060000000001,0.0,501.98820000000006,0.0,0.0,0.0,281.51099999999997,91.70200000000001,0.0,0.0,29114.229290063362
10-10-2040 01:00:00,17594.751917487338,1.7197836884797724,7439.0388981260585,433.68699999999995,776.2230000000001,0.0,497.7442500000001,0.0,0.0,0.0,282.264,91.87799999999999,0.0,0.0,27659.703173984537
10-10-2040 02:00:00,16458.242483611146,0.6489749767848197,7832.765903237421,439.035,692.232,0.0,498.4449000000001,0.0,0.0,0.0,283.675,92.51299999999999,0.0,0.0,26811.590375270327
10-10-2040 03:00:00,15376.150537908043,5.8299585414502975,8243.910964245157,437.974,930.585,0.0,499.19250000000005,0.0,0.0,0.0,281.057,91.55799999999999,0.0,0.0,26361.06423236053
10-10-2040 04:00:00,14883.534969242944,1.2114199566649968,8632.18820641165,439.173,839.245,0.0,498.5097,0.0,0.0,0.0,279.1395,92.3125,0.0,0.0,26159.898719646764
10-10-2040 05:00:00,13838.316963286976,5.029556070082354,10185.853941421974,437.895,819.808,0.0,498.2682000000001,0.0,0.0,0.0,279.2885,92.2515,0.0,0.0,26670.465280486445
10-10-2040 06:00:00,13358.723689055338,2.3471261660384313,12288.808890772145,436.981,1811.274,0.0,503.4765000000001,0.0,0.0,0.0,276.517,91.147,0.0,0.0,29353.846367371065
10-10-2040 07:00:00,13330.486156635176,9.92931714480774,15068.507412979638,442.67,2406.084,0.0,514.0119,683.0542868605771,0.0,0.0,282.70599999999996,93.04899999999999,0.0,0.0,33524.60555864365
10-10-2040 08:00:00,13733.836933044775,551.5205677709661,15068.507412979638,443.45,2689.268,0.0,521.4063000000001,1658.8677032067353,0.0,0.0,287.857,94.198,0.0,0.0,35800.830528491766
10-10-2040 09:00:00,12670.26317734684,6313.217757913113,6429.211266604152,434.73699999999997,3396.5009999999997,0.0,518.1948000000001,5891.281739458849,0.0,0.0,286.972,93.74799999999999,0.0,0.0,36840.05281482788
10-10-2040 10:00:00,12266.030582365564,13621.335787736583,1001.1540523741584,434.645,3581.097,0.0,517.9848000000001,4843.780328606103,0.0,0.0,282.8935,95.3095,0.0,0.0,37574.74750344048
10-10-2040 11:00:00,13092.803744531278,19172.3103789738,0.0,436.892,3140.9990000000003,0.0,510.67590000000007,0.0,0.0,0.0,282.5435,93.7955,0.0,0.0,37984.856854790756
10-10-2040 12:00:00,13634.125849790224,19826.038377703917,0.0,437.278,2373.179,0.0,507.79620000000006,0.0,0.0,0.0,277.969,92.876,0.0,0.0,38488.492112573585
10-10-2040 13:00:00,14759.685855346088,19680.186950824947,0.0,415.04,1378.229,0.0,509.52465,0.0,0.0,0.0,276.8595,92.4705,0.0,0.0,38448.40230085556
10-10-2040 14:00:00,15974.497500036454,17586.97776586714,0.0,425.37699999999995,1081.039,0.0,506.67675,0.0,0.0,0.0,268.4065,91.3045,0.0,0.0,37331.2520509022
10-10-2040 15:00:00,16350.747785789412,16134.646607337741,0.0,437.931,1110.786,0.0,501.9760500000001,0.0,0.0,0.0,259.3505,92.1135,0.0,0.0,36242.56132285454
10-10-2040 16:00:00,19248.49648935085,16574.607010791013,0.0,434.259,1230.415,0.0,503.2341000000001,0.0,0.0,0.0,266.117,91.805,0.0,-3726.7257567345105,36055.496490314334
10-10-2040 17:00:00,24588.34170188483,15649.969519903249,0.0,438.457,1438.326,0.0,511.33470000000005,0.0,0.0,0.0,265.894,91.781,0.0,-8675.942829362499,35935.95280905202
10-10-2040 18:00:00,23295.476601769642,7662.283615877956,0.0,443.72900000000004,1516.9089999999999,0.0,512.0560500000001,0.0,0.0,0.0,269.4895,93.0855,0.0,-51.04841195204427,35375.86312386517
10-10-2040 19:00:00,19937.125042376876,660.5591801204289,0.0,443.16900000000004,2555.998,8000.0,512.1532500000001,0.0,0.0,0.0,268.267,92.72200000000001,0.0,0.0,36190.24603617473
10-10-2040 20:00:00,21739.465512247225,3.6775248684473123,0.0,446.185,2636.7859999999996,8000.0,516.47775,0.0,0.0,0.0,274.9285,92.4325,0.0,0.0,39093.72621936072
10-10-2040 21:00:00,24648.202085296136,2.001006178419861,0.0,447.999,2428.179,7730.0,518.1310500000001,0.0,0.0,0.0,275.6375,92.7705,0.0,0.0,37860.213180778504
10-10-2040 22:00:00,27078.838287484752,3.5909948715426694,0.0,438.79900000000004,1644.088,0.0,516.9117000000001,0.0,0.0,0.0,274.2755,92.6415,0.0,0.0,34331.97756188259
10-10-2040 23:00:00,28085.368967146558,1.420614375584181,0.0,444.588,1319.986,0.0,512.51445,0.0,0.0,0.0,273.91,92.47399999999999,0.0,0.0,31365.763747965106
11-10-2040 00:00:00,26618.137944782506,3.9920799805032217,0.0,445.958,1080.6989999999998,0.0,497.4559500000001,0.0,0.0,0.0,271.112,92.323,0.0,0.0,29580.735038265582
11-10-2040 01:00:00,25436.669549444458,2.549924677646432,0.0,444.14599999999996,813.502,0.0,494.54145000000005,0.0,0.0,0.0,265.95,92.825,0.0,0.0,28080.841306155406
11-10-2040 02:00:00,24623.950320338507,1.2851749641983383,0.0,447.39,749.829,0.0,492.2766000000001,0.0,0.0,0.0,260.2945,91.1405,0.0,0.0,27173.506841082628
11-10-2040 03:00:00,24133.12900982502,4.9922784348593225,0.0,445.525,709.686,0.0,480.79080000000005,0.0,0.0,0.0,271.7605,91.1705,0.0,0.0,26625.59613201781
11-10-2040 04:00:00,23919.367749400986,0.9626372117498789,0.0,441.147,782.948,0.0,479.63535000000013,0.0,0.0,0.0,274.763,91.094,0.0,0.0,26476.732142327302
11-10-2040 05:00:00,24534.61448409944,4.819330415624568,0.0,436.406,723.6110000000001,0.0,470.80740000000003,0.0,0.0,0.0,276.252,93.09200000000001,0.0,0.0,27047.49312525433
11-10-2040 06:00:00,26410.50201754703,2.1271530056363614,0.0,435.005,1097.2169999999999,0.0,473.97720000000004,0.0,0.0,0.0,274.1365,92.3905,0.0,0.0,29355.716364712727
11-10-2040 07:00:00,28019.68455670732,10.005030892099304,0.0,430.63699999999994,1853.5739999999998,1439.7950507257665,489.4027500000001,0.0,0.0,0.0,273.3705,92.2615,0.0,0.0,33294.75546963956
11-10-2040 08:00:00,26075.20885653413,513.4690016321495,0.0,437.98,2364.49,4708.017363187573,495.3348000000001,0.0,0.0,0.0,268.841,91.99600000000001,0.0,0.0,35699.63677737983
11-10-2040 09:00:00,26544.14295539939,4464.601720291942,0.0,438.231,2711.486,770.0136363929705,494.58240000000006,0.0,0.0,0.0,269.276,92.09,0.0,0.0,36586.94921402278
11-10-2040 10:00:00,23726.815875788852,8747.082276686422,0.0,437.227,2708.632,0.0,490.97145000000006,0.0,0.0,0.0,270.501,93.006,0.0,0.0,37331.17058493488
11-10-2040 11:00:00,22989.35429193043,10409.842048230148,0.0,442.666,2157.39,0.0,491.32230000000004,0.0,0.0,0.0,267.8365,94.1175,0.0,0.0,37739.461273662644
11-10-2040 12:00:00,26492.755276553715,13347.512047573191,0.0,437.99800000000005,1783.12,0.0,486.3972,0.0,0.0,0.0,268.1305,94.6275,0.0,-5514.131539289648,38285.74898722287
11-10-2040 13:00:00,31472.891988869746,17691.67317423415,0.0,435.478,1298.33,0.0,484.60215,0.0,0.0,0.0,265.7675,93.6545,0.0,-12200.0,38377.480038438895
11-10-2040 14:00:00,32236.980479584785,18119.542056241844,0.0,425.765,1060.578,0.0,489.8788500000001,0.0,0.0,0.0,264.19599999999997,93.471,0.0,-12200.0,37213.719351463835
11-10-2040 15:00:00,31781.272783381897,16882.491966348935,0.0,429.27,1206.22,0.0,494.15970000000004,0.0,0.0,0.0,259.414,93.064,0.0,-12200.0,36285.64863578181
11-10-2040 16:00:00,30763.221858000463,12747.864165453895,0.0,423.801,1146.828,0.0,490.8402000000001,0.0,0.0,0.0,266.9835,94.4965,0.0,-10829.260181174086,35979.18929025738
11-10-2040 17:00:00,27410.99713859958,9488.165399047622,0.0,404.648,1729.6960000000001,0.0,490.8343500000001,0.0,0.0,0.0,265.875,94.79899999999999,0.0,-4984.172027608496,35800.44960999606
11-10-2040 18:00:00,25957.505390905466,5279.660204915284,0.0,404.031,1964.9260000000002,0.0,495.53220000000005,0.0,0.0,0.0,256.7695,94.7855,0.0,-296.25339910764524,35089.86549979976
11-10-2040 19:00:00,23889.9077309115,439.9509530120424,0.0,404.25,2529.931,6624.799941609377,499.1961000000001,0.0,0.0,0.0,248.668,94.802,0.0,0.0,35616.01437984457
11-10-2040 20:00:00,24219.618921335634,3.028549891662492,0.0,403.425,2819.841,8000.0,499.18545000000006,0.0,0.0,0.0,254.278,94.67299999999999,0.0,0.0,37908.18398785757
11-10-2040 21:00:00,26517.7309421276,2.195698671455307,0.0,404.496,1988.15,6325.681189582618,501.85800000000006,0.0,0.0,0.0,263.258,95.448,0.0,0.0,36911.72054664434
11-10-2040 22:00:00,29109.152063884914,3.255691133537179,0.0,401.001,1552.329,927.9713935567706,498.48375000000004,0.0,0.0,0.0,264.2305,95.4305,0.0,0.0,33568.127356730074
11-10-2040 23:00:00,27736.84302509733,1.3234779686412999,0.0,403.209,1336.411,0.0,490.03650000000005,0.0,0.0,0.0,267.041,95.766,0.0,0.0,30964.5676662196
12-10-2040 00:00:00,26577.923227610696,5.050626253264293,0.0,404.05300000000005,1007.363,0.0,471.2355000000001,0.0,0.0,0.0,264.6005,94.7895,0.0,0.0,29396.35858264761
12-10-2040 01:00:00,25131.925187538487,2.4176506204610257,0.0,401.42699999999996,983.738,0.0,469.89915,0.0,0.0,0.0,263.611,95.085,0.0,0.0,27875.68470502341
12-10-2040 02:00:00,24209.501073468484,0.69917131654772,0.0,401.54900000000004,687.493,0.0,468.0469500000001,0.0,0.0,0.0,262.3935,94.4625,0.0,0.0,26625.366985735247
12-10-2040 03:00:00,23688.207060541212,6.712140457249653,0.0,396.425,648.543,0.0,467.8287,0.0,0.0,0.0,268.806,94.604,0.0,0.0,26058.017157696413
12-10-2040 04:00:00,23215.134308897548,0.993706182951118,0.0,391.217,697.34,0.0,465.5593500000001,0.0,0.0,0.0,261.962,93.236,0.0,0.0,25607.412524745032
12-10-2040 05:00:00,22853.666572000475,7.791647349171628,0.0,383.20300000000003,701.534,0.0,462.3730500000001,0.0,0.0,0.0,257.3315,94.8955,0.0,0.0,25248.614085134777
12-10-2040 06:00:00,22625.931139075914,2.739802245357471,0.0,381.713,968.3810000000001,0.0,465.4437000000001,0.0,0.0,0.0,255.1675,94.3335,0.0,0.0,25309.12655928637
12-10-2040 07:00:00,23077.15536135334,12.825750836867023,0.0,382.67699999999996,1512.19,0.0,473.21745000000004,0.0,0.0,0.0,255.5685,94.2885,0.0,0.0,26369.431791581326
12-10-2040 08:00:00,22445.56795334962,793.0281279800429,0.0,385.31199999999995,1875.9189999999999,0.0,477.49620000000004,0.0,0.0,0.0,254.3335,94.3855,0.0,0.0,26935.420505581344
12-10-2040 09:00:00,21941.55709246296,8248.948279518581,0.0,385.592,2405.078,0.0,475.7355000000001,0.0,0.0,0.0,247.34900000000002,94.34700000000001,0.0,-5673.720367129923,28815.81461581613
12-10-2040 10:00:00,21488.031883155054,17220.969727364405,0.0,382.272,2529.405,0.0,473.76630000000006,0.0,0.0,0.0,245.6985,93.8045,0.0,-12200.0,30666.602728750957
12-10-2040 11:00:00,22294.416520934046,23404.287922947115,0.0,381.236,2234.841,0.0,472.51725000000005,0.0,0.0,0.0,248.5855,93.6895,0.0,-12200.0,31464.031420085714
12-10-2040 12:00:00,23720.1478441638,27618.537451246953,0.0,375.89099999999996,1752.585,0.0,470.3079000000001,0.0,0.0,0.0,248.2635,94.4025,0.0,-12200.0,31804.73362721556
12-10-2040 13:00:00,23822.757328678574,28509.945817555836,0.0,375.841,1385.06,0.0,465.61890000000005,0.0,0.0,0.0,244.8945,93.1625,0.0,-12200.0,32169.312430599806
12-10-2040 14:00:00,23581.95577316855,28834.920831338164,0.0,373.03,1112.046,0.0,465.5035500000001,0.0,0.0,0.0,247.6805,94.0795,0.0,-12200.0,31706.91866779931
12-10-2040 15:00:00,23561.967911730226,26188.876823140123,0.0,378.82099999999997,1040.887,0.0,459.59685000000013,0.0,0.0,0.0,244.755,93.02,0.0,-12200.0,30118.948321291147
12-10-2040 16:00:00,22234.343641672738,22356.23612022234,0.0,377.43199999999996,1231.539,0.0,457.04625000000004,0.0,0.0,0.0,242.981,92.50200000000001,0.0,-12200.0,29389.09509187919
12-10-2040 17:00:00,21370.900157912754,15588.065271130952,0.0,383.71,1568.7579999999998,0.0,464.42505000000006,0.0,0.0,0.0,245.9695,92.1605,0.0,-12200.0,28921.790679604434
12-10-2040 18:00:00,19907.487429592795,6262.110978491271,0.0,382.842,1852.207,0.0,467.8486500000001,0.0,0.0,0.0,251.4105,93.0415,0.0,-1708.1192656284366,28817.914503421758
12-10-2040 19:00:00,19119.34661065734,489.48937623995033,0.0,382.224,2692.625,5320.141127341081,465.59790000000004,0.0,0.0,0.0,253.408,92.575,0.0,0.0,29877.569867931594
12-10-2040 20:00:00,19112.14122469668,2.7473274017224036,0.0,380.05,3161.678,8000.0,468.7803000000001,0.0,0.0,0.0,254.1315,92.9725,0.0,0.0,32784.900527044265
12-10-2040 21:00:00,18897.143801096558,2.3687586652645916,0.0,384.29900000000004,2650.467,8000.0,469.7073000000001,0.0,0.0,0.0,256.165,93.67399999999999,0.0,0.0,32772.96557683352
12-10-2040 22:00:00,18807.600539818428,4.207521099488249,569.7967962717339,382.531,2593.907,2409.8588726589187,470.35635000000013,0.0,0.0,0.0,254.675,93.561,0.0,0.0,31345.177037624693
12-10-2040 23:00:00,18986.551695488684,1.1573387085995952,1637.0876853518748,381.244,1772.852,0.0,466.6243500000001,0.0,0.0,0.0,254.8875,93.5685,0.0,0.0,29255.621474183095
13-10-2040 00:00:00,19880.487537273344,6.0246510344857445,1194.897332391738,382.481,1261.725,0.0,461.2615500000001,0.0,0.0,0.0,253.519,92.575,0.0,0.0,27680.50898685812
13-10-2040 01:00:00,20364.435757608957,1.95774117996754,2977.5212522868096,380.215,1110.067,0.0,461.9803500000001,0.0,0.0,0.0,255.205,93.152,0.0,0.0,26166.110592654153
13-10-2040 02:00:00,21655.35239691046,1.1465224589865148,800.6744873734933,377.64,764.556,0.0,458.62800000000004,0.0,0.0,0.0,258.0685,93.9295,0.0,0.0,24904.007835414795
13-10-2040 03:00:00,22075.608340154486,7.666365965922219,0.0,370.037,669.71,0.0,458.6031000000001,0.0,0.0,0.0,258.0025,93.3335,0.0,0.0,24412.395689642988
13-10-2040 04:00:00,21964.720717612345,1.5304342883114188,0.0,374.045,434.474,0.0,460.9134,0.0,0.0,0.0,264.48900000000003,93.70700000000001,0.0,0.0,24068.007798474744
13-10-2040 05:00:00,22213.058148689695,7.1878718369698475,0.0,373.67,333.173,0.0,460.84410000000014,0.0,0.0,0.0,269.135,93.33,0.0,0.0,24233.878831822025
13-10-2040 06:00:00,22818.30798251525,2.8544507844099556,0.0,368.074,468.086,0.0,465.17805000000004,0.0,0.0,0.0,269.04,93.135,0.0,0.0,25003.641085462834
13-10-2040 07:00:00,23804.625501812003,13.533194156469834,0.0,362.968,900.122,0.0,472.2247500000001,0.0,0.0,0.0,266.4575,94.3695,0.0,0.0,26485.00409993349
13-10-2040 08:00:00,23668.489382525462,787.6875910064634,0.0,370.316,1150.633,0.0,482.1370500000001,0.0,0.0,0.0,262.4295,94.3105,0.0,0.0,27439.508476068513
13-10-2040 09:00:00,19412.82213600117,6940.427216612208,0.0,364.398,1374.7089999999998,0.0,483.73320000000007,0.0,0.0,0.0,263.2555,94.3055,0.0,0.0,29640.878497624482
13-10-2040 10:00:00,15625.033716541246,12148.187090140204,0.0,370.265,1677.904,0.0,483.95865000000003,0.0,0.0,0.0,267.8685,95.1515,0.0,0.0,31716.19425636385
13-10-2040 11:00:00,17786.82078916087,18481.566190464204,0.0,368.806,1530.82,0.0,479.35980000000006,0.0,0.0,0.0,271.133,94.24600000000001,0.0,-8534.695017547985,32421.202225690595
13-10-2040 12:00:00,25390.280822144814,29662.049397514398,0.0,370.728,1282.344,0.0,476.20815,0.0,0.0,0.0,271.1405,93.0575,0.0,-12200.0,32867.289403357136
13-10-2040 13:00:00,26256.11707706339,31829.25804148311,0.0,373.06199999999995,1007.235,0.0,479.0077500000001,0.0,0.0,0.0,265.7445,94.1535,0.0,-12200.0,33263.594551136484
13-10-2040 14:00:00,26704.205101916457,31840.005605276554,0.0,376.741,925.303,0.0,477.4870500000001,0.0,0.0,0.0,274.811,93.54,0.0,-12200.0,33024.02620461289
13-10-2040 15:00:00,27478.262327270764,29830.636002151492,0.0,375.983,586.946,0.0,472.71225000000004,0.0,0.0,0.0,275.7015,93.3355,0.0,-12200.0,31614.528449030196
13-10-2040 16:00:00,28376.050698502386,25922.082551632004,13028.430329851166,369.00800000000004,641.9490000000001,0.0,472.4950500000001,0.0,0.0,0.0,277.23900000000003,92.74,0.0,-12200.0,30657.041823305375
13-10-2040 17:00:00,28702.641403834474,18301.937991275663,14394.788972439099,374.95099999999996,765.686,0.0,477.62295000000006,0.0,0.0,0.0,278.7865,92.3575,0.0,-12200.0,30172.298858140442
13-10-2040 18:00:00,27081.530153004536,8167.56640731681,9608.234388470039,372.939,1334.11,0.0,485.1748500000001,0.0,0.0,0.0,281.9495,91.5315,0.0,-12200.0,29980.92562909914
13-10-2040 19:00:00,25617.850560148538,660.1806113817489,5191.437431872648,377.75699999999995,2088.968,0.0,491.9887500000001,0.0,0.0,0.0,279.3905,91.8265,0.0,-5268.834992481181,30913.03988389072
13-10-2040 20:00:00,26721.949293973645,3.9695636080000436,3800.776890445588,380.404,2877.946,0.0,495.54465000000005,0.0,0.0,0.0,281.894,92.807,0.0,-2604.9738345739024,33316.72003360111
13-10-2040 21:00:00,31061.513852073385,1.925292431128255,2971.9707817109593,382.30300000000005,1773.213,0.0,493.78965,0.0,0.0,0.0,280.3255,92.5785,0.0,-5011.905615616877,33170.32903820687
13-10-2040 22:00:00,35242.525110409246,4.358948594071368,2442.8911178394046,376.727,1129.529,0.0,490.5657000000001,0.0,0.0,0.0,277.5705,93.4795,0.0,-10014.345910006941,31020.35734620975
13-10-2040 23:00:00,37593.37993761321,1.016727463629551,1687.7383429441543,371.69199999999995,890.89,0.0,486.39540000000005,0.0,0.0,0.0,275.8225,93.2865,0.0,-12200.0,29093.53135449812
14-10-2040 00:00:00,37762.72004437728,4.196704849875167,740.5238440969842,370.38300000000004,1044.396,0.0,476.67285000000015,0.0,0.0,0.0,272.335,93.552,0.0,-12200.0,27671.997095238567
14-10-2040 01:00:00,37478.73965567018,1.4710099473789244,147.14003117682296,366.44,593.238,0.0,473.5074000000001,0.0,0.0,0.0,264.3395,94.2095,0.0,-12200.0,26189.732747257127
14-10-2040 02:00:00,35726.84075514975,1.0491762124687918,138.93099087273004,370.966,706.08,0.0,476.4490500000001,0.0,0.0,0.0,264.9395,93.6425,0.0,-12200.0,24776.48086134384
14-10-2040 03:00:00,36751.278010291644,5.137718566213154,139.02746463700896,368.30800000000005,389.435,0.0,475.1058000000001,0.0,0.0,0.0,264.529,93.725,0.0,-12200.0,24149.06346005269
14-10-2040 04:00:00,34664.454360423326,1.6116211923489685,137.51019543549046,357.4,460.102,0.0,474.8020500000001,0.0,0.0,0.0,271.4895,94.5775,0.0,-12200.0,23699.208760389694
14-10-2040 05:00:00,34478.13924615452,6.273424775586589,135.35269125300692,355.579,729.6089999999999,0.0,474.46125000000006,0.0,0.0,0.0,264.7185,95.0885,0.0,-12200.0,23495.842178594863
14-10-2040 06:00:00,36940.776180194174,3.0501823908886516,45.37775056975079,357.44599999999997,372.36699999999996,0.0,468.27945000000005,0.0,0.0,0.0,271.029,95.859,0.0,-12200.0,24098.73162788362
14-10-2040 07:00:00,35661.744753483705,9.453402161832205,0.0,358.379,762.047,0.0,474.6675,0.0,0.0,0.0,269.9925,95.2085,0.0,-12200.0,24676.207415269364
14-10-2040 08:00:00,37387.792446402935,394.50107213787874,0.0,351.349,1055.532,0.0,475.93020000000007,0.0,0.0,0.0,271.066,94.985,0.0,-12200.0,25125.9903207237
14-10-2040 09:00:00,33928.13972070022,4261.580715054424,0.0,362.50199999999995,1509.065,0.0,479.4720000000001,0.0,0.0,0.0,273.20099999999996,95.595,0.0,-12200.0,26804.424346070122
14-10-2040 10:00:00,33895.6594033102,9948.829659109739,533.6490121604584,368.97900000000004,1534.82,0.0,481.14465000000007,0.0,0.0,0.0,268.63599999999997,95.43,0.0,-12200.0,28770.73715254514
14-10-2040 11:00:00,36259.81112634492,12903.537014663729,4140.539947475452,368.473,1184.741,0.0,482.0361000000001,0.0,0.0,0.0,266.48400000000004,94.93,0.0,-12200.0,30036.087388756543
14-10-2040 12:00:00,36144.40505458963,14905.13808681231,4576.022519332997,369.88800000000003,1333.786,0.0,482.6316000000001,0.0,0.0,0.0,261.6235,93.8145,0.0,-12200.0,30617.09113611606
14-10-2040 13:00:00,31591.11938924575,16111.409508661482,4423.734297281713,372.366,1321.977,0.0,482.05695000000003,0.0,0.0,0.0,268.4575,95.5055,0.0,-12200.0,31056.373859560732
14-10-2040 14:00:00,30256.850537795555,17128.28839978562,3015.734789314971,369.756,970.3610000000001,0.0,478.95045000000005,0.0,0.0,0.0,270.399,94.613,0.0,-12200.0,30648.918289995876
14-10-2040 15:00:00,32636.256175070113,17080.61037149116,4057.5023474765185,366.99199999999996,833.17,0.0,479.59875000000005,0.0,0.0,0.0,269.306,94.147,0.0,-12200.0,29039.43460426764
14-10-2040 16:00:00,33589.28546403293,15553.702046111832,4667.786609826115,368.94199999999995,840.466,0.0,479.04750000000007,0.0,0.0,0.0,266.09,93.255,0.0,-12200.0,27961.938564900975
14-10-2040 17:00:00,33405.712496112006,10418.665909802723,3778.421288164507,372.07300000000004,1184.605,0.0,483.0495000000001,0.0,0.0,0.0,264.7535,93.4785,0.0,-12200.0,27827.54687411175
14-10-2040 18:00:00,31346.04731120114,5062.621345149537,3210.8310516698693,371.034,1651.392,0.0,484.38300000000004,0.0,0.0,0.0,270.0195,94.6885,0.0,-12200.0,28158.677016074464
14-10-2040 19:00:00,28181.146310706023,527.4219636330229,1959.9346836250625,374.765,2328.285,0.0,490.13745000000006,0.0,0.0,0.0,283.3335,94.7095,0.0,-5633.212872880809,29581.524774560854
14-10-2040 20:00:00,28260.25085126069,2.5850836575261975,909.0547399123025,381.05199999999996,2894.453,0.0,491.0571000000001,0.0,0.0,0.0,282.7475,93.7835,0.0,-1674.7456645756283,32543.573036413116
14-10-2040 21:00:00,28347.276288459172,1.6548861908012897,420.8799520858738,379.027,2716.257,0.0,494.47515000000004,0.0,0.0,0.0,281.4695,91.6825,0.0,-703.8592647493388,32831.24982658162
14-10-2040 22:00:00,30129.628870704895,1.1140737101472735,6.209402281296207,376.869,2294.51,0.0,493.5507,0.0,0.0,0.0,283.0705,93.5875,0.0,-3345.5204383568926,31006.733186146543
14-10-2040 23:00:00,32640.90892832329,0.9950949644033901,0.0,374.64300000000003,1435.2279999999998,0.0,493.0851000000001,0.0,0.0,0.0,284.203,94.706,0.0,-6895.462482870305,29023.661825814663
15-10-2040 00:00:00,36318.730530383924,4.012828606452802,0.0,365.173,870.34,0.0,478.40475000000004,0.0,0.0,0.0,277.582,94.08,0.0,-11990.371917219883,26948.338999251657
15-10-2040 01:00:00,38005.614649369905,1.7954974357713342,0.0,366.39300000000003,720.845,0.0,476.97315000000003,0.0,0.0,0.0,280.6375,94.5045,0.0,-12200.0,25420.356619982067
15-10-2040 02:00:00,39760.43360700268,0.7787699721417836,0.0,366.639,730.798,0.0,474.6342000000001,0.0,0.0,0.0,278.151,94.508,0.0,-12200.0,24670.399524182216
15-10-2040 03:00:00,38298.103813768605,4.618538584785301,0.0,363.519,614.9630000000001,0.0,474.3933000000001,0.0,0.0,0.0,276.267,93.87200000000001,0.0,-12200.0,24269.228737805537
15-10-2040 04:00:00,38321.52615267239,1.200603707051916,0.0,364.773,674.882,0.0,476.6880000000001,0.0,0.0,0.0,274.9795,93.3815,0.0,-12200.0,24285.42372572394
15-10-2040 05:00:00,37495.989264572236,4.899761074725387,0.0,366.048,986.0939999999999,0.0,484.42590000000007,0.0,0.0,0.0,278.025,93.177,0.0,-12200.0,24995.89363476969
15-10-2040 06:00:00,34760.26317471073,2.0659036760983427,0.0,368.365,1318.921,0.0,492.4383000000001,0.0,0.0,0.0,274.2295,94.6315,0.0,-10046.347958781702,27816.73645184289
15-10-2040 07:00:00,33076.457685474976,10.978493357276529,0.0,364.63199999999995,1778.479,0.0,501.63165000000004,0.0,0.0,0.0,276.279,94.38,0.0,-4485.354231458943,32281.197194959972
15-10-2040 08:00:00,31202.098164625866,572.8718445071863,52.92024486625451,367.082,2166.5429999999997,0.0,520.8373500000001,0.0,0.0,0.0,277.209,93.48,0.0,-1104.5236176793114,34880.61886071842
15-10-2040 09:00:00,27971.404989908122,7030.421637257243,119.40820912393974,375.539,2406.3379999999997,0.0,524.64165,0.0,0.0,0.0,285.381,94.40700000000001,0.0,-3978.5879493646353,35622.44944728304
15-10-2040 10:00:00,24995.28278100706,14142.516775342856,557.1622996126243,374.226,2685.248,0.0,522.7335,0.0,0.0,0.0,289.42,94.834,0.0,-8045.562184307484,36484.2864715637
15-10-2040 11:00:00,23364.421214699625,18169.557933787248,1628.380666899291,373.352,2649.0559999999996,0.0,524.3002500000001,0.0,0.0,0.0,287.8655,94.4725,0.0,-11281.338418216055,36802.11757335113
15-10-2040 12:00:00,22076.79205691533,20529.40400937066,1320.296085914626,373.602,2578.665,0.0,522.6763500000001,0.0,0.0,0.0,281.632,92.398,0.0,-11438.005537011315,37302.94727713542
15-10-2040 13:00:00,19778.32034696913,21430.949230870512,884.4977817377076,378.783,2605.712,0.0,524.45325,0.0,0.0,0.0,275.5455,90.3145,0.0,-9580.556338957831,37303.2839287356
15-10-2040 14:00:00,18236.43350101861,20193.440480138765,1472.9614326807496,377.212,2272.172,0.0,523.1565,0.0,0.0,0.0,274.8745,90.9945,0.0,-8130.86465160815,36277.12521244997
15-10-2040 15:00:00,16281.84396064836,17287.795632829704,1498.1235444674967,370.76599999999996,2523.9339999999997,0.0,520.6944000000001,0.0,0.0,0.0,273.9655,92.1975,0.0,-4384.875989855771,35401.183416097876
15-10-2040 16:00:00,15573.747515218847,13936.58619895942,1399.4835056854936,358.92199999999997,2910.829,0.0,520.18005,0.0,0.0,0.0,269.6595,92.2635,0.0,-761.3889749819336,35207.76461009581
15-10-2040 17:00:00,16625.02222241711,9060.718219629327,909.4406349693309,359.398,2287.419,4074.566125393154,523.14885,0.0,0.0,0.0,268.1865,90.0225,0.0,0.0,35056.15495691245
15-10-2040 18:00:00,14248.393540118253,3093.2743293471653,579.8950266085449,373.835,2456.839,8000.0,526.04145,0.0,0.0,0.0,267.6745,89.0765,0.0,0.0,34832.78271427943
15-10-2040 19:00:00,12548.893227356819,112.7269534675232,5453.660208346875,374.74800000000005,2773.5690000000004,8000.0,528.09225,0.0,0.0,0.0,267.2835,87.2445,0.0,0.0,36013.452239361606
15-10-2040 20:00:00,11776.563260706358,1.8063136853844148,12497.321644280244,376.48699999999997,3533.349,3655.433874606846,534.1413000000001,0.0,0.0,0.0,268.024,86.977,0.0,0.0,38623.11927348756
15-10-2040 21:00:00,9383.110408290027,1.243868705504238,15068.507412979638,379.352,2703.045,0.0,534.5980500000001,7748.931110925332,0.0,0.0,264.9965,86.7745,0.0,0.0,37605.14509698929
15-10-2040 22:00:00,6102.169045488081,3.407118628120304,15068.507412979638,376.369,2455.103,0.0,534.2367,8581.130831269144,0.0,0.0,257.782,79.763,0.0,0.0,34153.084993435965
15-10-2040 23:00:00,4790.316950359929,0.8112187209810247,15068.507412979638,375.57,2199.924,0.0,527.7348000000001,7288.850864017233,0.0,0.0,257.682,78.322,0.0,0.0,31189.878352486452
16-10-2040 00:00:00,3521.7822587526443,6.132813530616547,15068.507412979638,372.134,2240.736,0.0,515.8108500000001,6674.458434001779,0.0,0.0,271.3615,87.2765,0.0,0.0,29294.417502182314
16-10-2040 01:00:00,3139.3205266659174,2.6499811552046806,15068.507412979638,373.05800000000005,2130.79,0.0,510.99600000000004,5611.345634256431,0.0,0.0,275.887,87.12299999999999,0.0,0.0,27695.356624394317
16-10-2040 02:00:00,2770.701025579296,1.254684955117318,15068.507412979638,372.59,1730.162,0.0,508.5489,5399.6898983296705,0.0,0.0,284.336,90.006,0.0,0.0,26700.668322889516
16-10-2040 03:00:00,2562.0465074947274,7.722802223739356,15068.507412979638,370.48,1556.244,0.0,506.0205,5427.476378866555,0.0,0.0,288.6975,92.3055,0.0,0.0,26344.88747198732
16-10-2040 04:00:00,2049.0253476710495,1.3412149520219607,15068.507412979638,372.514,1472.9379999999999,0.0,499.0779,6107.08387351979,0.0,0.0,293.0185,93.0515,0.0,0.0,26422.374254612467
16-10-2040 05:00:00,1838.0850630256928,7.744434722965515,15068.507412979638,373.85,1710.139,0.0,499.22640000000007,6432.847875993339,0.0,0.0,288.589,93.426,0.0,0.0,26796.958864341555
16-10-2040 06:00:00,2308.9568421734425,3.6991573676734726,15068.507412979638,372.343,3272.8390000000004,0.0,506.81655000000006,6578.321046170833,0.0,0.0,289.93,93.021,0.0,0.0,29047.239713522133
16-10-2040 07:00:00,2856.148471649518,11.908690824001443,13060.913587600582,366.98900000000003,3954.512,0.0,514.26345,11540.931176491304,0.0,0.0,285.839,92.459,0.0,0.0,33349.76917699103
16-10-2040 08:00:00,3129.6359928787524,443.4554178866803,0.0,369.966,4556.443,0.0,519.9607500000001,24562.0,0.0,0.0,272.562,91.06299999999999,1194.4617471953097,0.0,35864.49562398221
16-10-2040 09:00:00,2898.460292588649,6318.593433970814,15.92304351479384,375.339,4632.782999999999,0.0,516.9138,20803.739290551734,0.0,0.0,274.6485,91.5615,0.0,0.0,36702.714213567095
16-10-2040 10:00:00,2067.918697331713,15371.588851376402,180.7177735507049,370.379,4674.907999999999,0.0,515.6007000000001,12915.571017673143,0.0,0.0,282.772,91.085,0.0,0.0,37285.314545090194
16-10-2040 11:00:00,2031.7564006424193,22921.060675066146,1232.9736865072248,373.38699999999994,4666.275,0.0,514.06875,4585.307764152444,0.0,0.0,281.9805,91.1835,0.0,0.0,37621.79279761206
16-10-2040 12:00:00,2261.6248435762686,26892.960592983054,2509.804736394584,370.35900000000004,3957.7,0.0,513.4768500000001,0.0,0.0,0.0,277.8055,91.4315,0.0,0.0,38040.1923341137
16-10-2040 13:00:00,2649.389089968987,27786.134037282383,1354.4972070791955,375.361,3540.657,0.0,513.3613500000001,0.0,0.0,0.0,281.8515,92.1725,0.0,0.0,37932.62303407827
16-10-2040 14:00:00,2691.9948504320096,27079.822121298625,1601.721418667617,378.56,2805.949,0.0,514.16655,0.0,0.0,0.0,286.8955,92.6285,0.0,0.0,36849.817571187195
16-10-2040 15:00:00,2597.969011414531,24211.277010162434,3680.206819863433,380.162,2580.431,0.0,513.77205,0.0,0.0,0.0,286.5825,92.7745,0.0,0.0,35868.19395570505
16-10-2040 16:00:00,2799.344658657468,21332.067076907737,5635.795240109743,363.978,2888.2990000000004,0.0,506.66595,0.0,0.0,0.0,288.79,92.71700000000001,0.0,0.0,35608.49942335046
16-10-2040 17:00:00,3072.967546772706,16326.771854707526,9646.244656766876,365.50300000000004,3463.775,0.0,510.97425000000004,0.0,0.0,0.0,287.087,91.432,0.0,0.0,35479.21479313481
16-10-2040 18:00:00,3380.0337909812406,8364.065214550048,15068.507412979638,371.55300000000005,3264.837,0.0,519.5185500000001,1978.0525178160387,0.0,0.0,276.661,83.728,0.0,0.0,35107.89105404368
16-10-2040 19:00:00,3594.7682160599884,670.8562497520813,14909.945221704224,377.95099999999996,4421.248,0.0,524.2119,9935.916223183787,0.0,0.0,264.1015,82.0625,0.0,0.0,36186.38626048006
16-10-2040 20:00:00,4199.920078497106,2.4444724125561543,2104.5410603870573,382.786,5308.5869999999995,0.0,525.2475000000001,24562.0,0.0,0.0,264.495,83.12299999999999,409.1401878882534,0.0,38927.439672380926
16-10-2040 21:00:00,4959.359249974793,2.2497799195207087,769.2272251696947,386.936,4493.948,0.0,525.6364500000001,24562.0,0.0,0.0,273.151,83.477,954.9018093749182,0.0,37903.13830575252
16-10-2040 22:00:00,4495.936517182506,4.034461105678963,275.00869708139345,380.87,2915.563,0.0,525.5418000000001,24562.0,0.0,0.0,279.7735,84.1845,13.013938749067165,0.0,34267.78312359977
16-10-2040 23:00:00,3927.182876578857,0.9842787147903099,0.0,368.94699999999995,2253.658,0.0,518.4861000000001,23267.19417045724,0.0,0.0,277.8065,82.5895,0.0,0.0,31306.48107512871
17-10-2040 00:00:00,3285.238294526204,5.862407290289539,6.01255682290563,368.217,2042.8570000000002,0.0,508.0497000000001,22458.233505828928,0.0,0.0,280.8615,84.7955,0.0,0.0,29585.372274561785
17-10-2040 01:00:00,2406.5138231029346,2.238963669907628,88.30760118180035,353.836,2147.621,0.0,508.14915,21721.52903145308,0.0,0.0,276.7815,84.4135,0.0,0.0,28102.93271895195
17-10-2040 02:00:00,1940.2406504539622,1.7738649365451737,137.21687621285926,356.585,1915.8210000000001,0.0,507.85965000000004,21382.56214072496,0.0,0.0,275.3105,82.8175,0.0,0.0,27097.40237596722
17-10-2040 03:00:00,1700.5213658444304,7.6687209756739545,137.71386227115454,360.63,1766.259,0.0,505.52460000000013,21372.818775009084,0.0,0.0,277.54400000000004,83.11,0.0,0.0,26698.662548935637
17-10-2040 04:00:00,1568.6778865031104,1.8063136853844148,137.6553933231198,363.458,1655.614,0.0,504.3531000000001,21391.695527253985,0.0,0.0,274.944,83.26700000000001,0.0,0.0,26467.8036211031
17-10-2040 05:00:00,1929.4151671990603,7.528109730703909,136.97325559604784,362.774,1731.092,0.0,504.78405000000015,21375.1163048248,0.0,0.0,280.45599999999996,83.10799999999999,0.0,0.0,26915.840774115757
17-10-2040 06:00:00,2451.3512033723446,3.8938498607089187,135.0827596095913,359.54400000000004,2478.759,0.0,509.52270000000004,22406.536463489952,0.0,0.0,281.1915,84.0475,0.0,0.0,29282.31032026895
17-10-2040 07:00:00,2752.3568787132726,13.239089526410321,134.1862357397253,347.395,4222.402,0.0,518.14155,24562.0,0.0,0.0,283.911,84.243,188.9978686109789,0.0,33792.32690672092
17-10-2040 08:00:00,2580.3674486088653,570.373290846565,130.72682298100324,361.135,5252.554,0.0,526.08375,24562.0,0.0,0.0,281.22,84.318,1261.2778802347311,0.0,36349.99931016637
17-10-2040 09:00:00,2096.303199513823,9317.647412938437,181.86766286205471,362.289,5493.606,0.0,523.2837000000001,17886.54124661359,0.0,0.0,277.683,83.962,0.0,0.0,37012.94517298589
17-10-2040 10:00:00,1219.1760573453853,20724.312827398368,3187.0838884255722,360.01199999999994,5010.094,0.0,521.5908000000001,5027.708989327546,0.0,0.0,268.8395,83.3305,0.0,0.0,37526.429257030366
17-10-2040 11:00:00,843.2351415386747,28349.822885868067,856.7004439813736,361.539,4232.322,0.0,518.6796,0.0,0.0,0.0,265.3365,83.1435,0.0,0.0,37777.527827863
17-10-2040 12:00:00,764.7400825591003,29791.50987754593,0.0,359.42,3806.055,0.0,512.9374500000001,0.0,0.0,0.0,270.3815,81.8905,0.0,0.0,38204.720852958104
17-10-2040 13:00:00,1247.7403375236474,29926.694873780736,0.0,362.25199999999995,3154.0559999999996,0.0,508.8748500000001,0.0,0.0,0.0,273.0635,82.4195,0.0,0.0,38164.505680367954
17-10-2040 14:00:00,1622.6640492570118,29204.295076707782,0.0,364.023,2391.268,0.0,511.20960000000014,0.0,0.0,0.0,261.07,83.361,0.0,0.0,37027.669681594285
17-10-2040 15:00:00,2172.9156548080045,28266.548719035767,0.0,361.99300000000005,2190.4339999999997,0.0,508.19760000000014,0.0,0.0,0.0,253.139,83.815,0.0,0.0,36400.26418400611
17-10-2040 16:00:00,3110.1586317956203,25715.43876260545,0.0,357.41900000000004,2197.151,1333.8993666621323,509.10045,0.0,0.0,0.0,252.4845,83.8895,0.0,0.0,36093.67426973951
17-10-2040 17:00:00,3798.9169506533235,18197.777529027775,0.0,355.772,2457.301,7939.930532137032,513.8442,0.0,0.0,0.0,254.8805,83.5785,0.0,0.0,36039.921610923564
17-10-2040 18:00:00,3505.6465259411216,7415.101554746447,15068.507412979638,359.44699999999995,2440.876,1049.6455754689032,526.1613000000001,2610.3116313440587,0.0,0.0,260.248,82.85600000000001,0.0,0.0,35492.815517782765
17-10-2040 19:00:00,3550.9596241241984,370.09961301076964,15068.507412979638,360.26099999999997,3571.884,0.0,530.2768500000001,11328.32883600747,0.0,0.0,269.6125,83.4365,0.0,0.0,36708.33945721149
17-10-2040 20:00:00,3769.1439709833567,3.8938498607089187,15068.507412979638,363.944,4944.608,0.0,535.3627500000001,13013.531558544906,0.0,0.0,277.788,89.29299999999999,0.0,0.0,39451.48196898715
17-10-2040 21:00:00,4596.42129047497,1.8495786838367363,15068.507412979638,365.064,4141.004,0.0,536.58465,11948.413671721828,0.0,0.0,279.4105,93.8565,0.0,0.0,38240.635068861506
17-10-2040 22:00:00,5160.208900174977,4.207521099488249,15068.507412979638,352.06300000000005,2837.362,0.0,535.0095000000001,9171.758196723214,0.0,0.0,284.615,94.31200000000001,0.0,0.0,34472.2065310257
17-10-2040 23:00:00,6557.767572269411,0.6489749767848197,15068.507412979638,351.4,2077.228,0.0,528.35625,5825.1936305729905,0.0,0.0,283.265,94.11200000000001,0.0,0.0,31532.36425511127
18-10-2040 00:00:00,8357.454851174109,2.0118224280329415,15068.507412979638,343.26300000000003,1858.517,0.0,517.5261000000002,2652.2403629146174,0.0,0.0,282.7515,94.6045,0.0,0.0,29750.038429972014
18-10-2040 01:00:00,9681.431951662787,1.0491762124687918,15068.507412979638,349.38599999999997,1355.9920000000002,0.0,511.63845000000003,239.11753732078432,0.0,0.0,285.16700000000003,94.633,0.0,0.0,28105.988994694722
18-10-2040 02:00:00,10710.43300467563,0.627342477558659,13109.955260484727,354.01099999999997,1519.281,0.0,510.44130000000007,0.0,0.0,0.0,285.0085,94.1005,0.0,0.0,27081.30447762633
18-10-2040 03:00:00,11952.586624013647,2.260596169133789,6576.75648363315,354.036,1534.55,0.0,507.80850000000004,5021.416617779959,0.0,0.0,286.387,95.155,0.0,0.0,26818.778723913627
18-10-2040 04:00:00,13083.147650156348,0.7138724744633017,154.50419518179703,354.115,1235.057,0.0,505.7529,10471.719336351302,0.0,0.0,285.8815,95.3055,0.0,0.0,26673.95827333269
18-10-2040 05:00:00,15276.47409830628,3.060998640501734,64.88104266921505,352.129,1383.297,0.0,505.3945500000001,8616.656671533197,0.0,0.0,286.149,94.509,0.0,0.0,27079.27117635928
18-10-2040 06:00:00,18269.05305291995,1.092441210921113,0.0,355.87199999999996,2387.637,0.0,511.4842500000001,7122.71022098558,0.0,0.0,286.967,94.588,0.0,0.0,29588.23548712169
18-10-2040 07:00:00,20234.25535715281,7.647088476447793,0.0,355.556,2797.187,0.0,525.1317,8803.165548293928,0.0,0.0,289.01,94.124,0.0,0.0,33777.12959790939
18-10-2040 08:00:00,22492.940805490165,443.27154164325805,0.0,358.366,2848.235,0.0,531.5119500000001,8637.040978420391,0.0,0.0,289.5595,93.9305,0.0,0.0,36423.564566637615
18-10-2040 09:00:00,23776.779690466385,4147.58826038217,0.0,359.23699999999997,2884.005,0.0,528.72375,4304.6282915792035,0.0,0.0,289.0015,93.9155,0.0,0.0,37160.74192130516
18-10-2040 10:00:00,23825.876132949114,9145.726671772583,0.0,356.409,2699.468,0.0,526.7211000000001,0.0,0.0,0.0,288.5955,93.1735,0.0,0.0,37738.864972541014
18-10-2040 11:00:00,22689.278777940875,10991.92406823241,0.0,344.962,2403.5860000000002,0.0,524.91255,0.0,0.0,0.0,289.358,94.28,0.0,0.0,38142.01958541914
18-10-2040 12:00:00,22551.46639775296,11816.224213458629,0.0,340.059,1976.994,0.0,524.2152000000001,0.0,0.0,0.0,286.164,94.48,0.0,0.0,38398.12254738708
18-10-2040 13:00:00,22214.931881506724,12410.105805916142,0.0,349.806,1584.783,0.0,526.93665,0.0,0.0,0.0,280.85900000000004,94.412,0.0,0.0,38269.78835345709
18-10-2040 14:00:00,21377.38166791994,12236.187743550954,0.0,354.159,1284.818,0.0,526.20135,0.0,0.0,0.0,278.7655,94.6955,0.0,0.0,36981.340469555726
18-10-2040 15:00:00,21697.543099741684,11030.413155263313,0.0,354.30199999999996,1101.155,0.0,521.3904,0.0,0.0,0.0,277.328,93.961,0.0,0.0,35972.205536509195
18-10-2040 16:00:00,22315.535027579328,9613.321213370516,0.0,350.434,1391.8929999999998,0.0,521.7826500000001,0.0,0.0,0.0,280.0455,93.9955,0.0,0.0,35535.25742681353
18-10-2040 17:00:00,27726.136521328208,7744.162716153852,0.0,354.95300000000003,2092.5,0.0,526.8969000000001,0.0,0.0,0.0,275.6995,93.7165,0.0,-4340.502495717039,35652.14100244822
18-10-2040 18:00:00,28372.328035570936,2990.6578234444373,0.0,356.32199999999995,1955.0479999999998,0.0,532.4454000000001,0.0,0.0,0.0,267.2785,94.0995,0.0,-428.2284524474344,35250.56883808634
18-10-2040 19:00:00,27945.04325576543,175.37467122648448,0.0,353.412,2432.495,3954.7733182261254,532.1049,0.0,0.0,0.0,270.89,93.84200000000001,0.0,0.0,36702.43559251899
18-10-2040 20:00:00,28105.928733592304,2.0118224280329415,0.0,353.958,2436.459,6287.646739161279,533.10405,0.0,0.0,0.0,274.848,94.10600000000001,0.0,0.0,38954.0745798126
18-10-2040 21:00:00,27448.587135163176,0.9085649674987477,0.0,353.365,2176.173,6125.525110295555,533.2818000000001,0.0,0.0,0.0,273.959,93.27600000000001,0.0,0.0,37798.12458195284
18-10-2040 22:00:00,27421.88118236749,2.476921161395395,0.0,345.944,1756.737,3185.9343837759952,529.6876500000001,0.0,0.0,0.0,277.749,93.90799999999999,0.0,0.0,34298.726799523254
18-10-2040 23:00:00,26690.29278077853,0.6381587271717395,0.0,353.36300000000006,1621.622,1275.6748286020302,522.1773000000001,0.0,0.0,0.0,275.5195,94.2235,0.0,0.0,31430.119258229006
19-10-2040 00:00:00,26037.58459747601,1.4493774481527641,0.0,354.586,1264.91,501.52590932051316,503.4546000000001,0.0,0.0,0.0,274.5205,94.0755,0.0,0.0,29569.289627840346
19-10-2040 01:00:00,25267.34843090453,2.43651963521419,0.0,349.17699999999996,1141.761,0.0,493.9045500000001,0.0,0.0,0.0,274.39799999999997,94.384,0.0,0.0,28118.90711637433
19-10-2040 02:00:00,24303.079999552305,1.938555325028487,0.0,350.29900000000004,1023.247,0.0,493.9285500000001,0.0,0.0,0.0,272.7185,94.7785,0.0,0.0,27012.68818567333
19-10-2040 03:00:00,23874.187936158236,3.384171653256974,0.0,350.13599999999997,1085.632,0.0,493.45095000000003,0.0,0.0,0.0,274.858,94.23700000000001,0.0,0.0,26638.2237289463
19-10-2040 04:00:00,24022.406464209955,2.4073395255125223,0.0,356.499,863.755,0.0,493.84185000000014,0.0,0.0,0.0,276.9095,94.6485,0.0,0.0,26573.33329602928
19-10-2040 05:00:00,24308.76592403061,5.069140025857371,0.0,352.48699999999997,796.515,0.0,494.61945000000003,0.0,0.0,0.0,275.03700000000003,94.13799999999999,0.0,0.0,26809.01843144296
19-10-2040 06:00:00,26007.079348789986,3.3888681376311487,0.0,348.68300000000005,1138.197,0.0,498.0570000000001,0.0,0.0,0.0,267.634,95.015,0.0,0.0,28908.435468830663
19-10-2040 07:00:00,29711.600332468417,9.913220657065118,0.0,355.72900000000004,1622.011,0.0,514.9120500000001,0.0,0.0,0.0,265.7125,94.7295,0.0,0.0,33232.316455557106
19-10-2040 08:00:00,30212.651315703017,156.65174314624238,0.0,360.73900000000003,2520.854,1046.7197816155167,526.8088500000001,0.0,0.0,0.0,266.566,94.985,0.0,0.0,35896.584287337086
19-10-2040 09:00:00,28962.015994050602,2762.2538261884547,0.0,355.06699999999995,3085.708,190.11879512284213,526.56555,0.0,0.0,0.0,264.03700000000003,94.61200000000001,0.0,0.0,37003.48730896931
19-10-2040 10:00:00,25454.287611934153,6993.6617997270205,0.0,360.694,3149.17,0.0,526.8846000000001,0.0,0.0,0.0,267.39599999999996,93.95200000000001,0.0,0.0,37686.45222429293
19-10-2040 11:00:00,25122.80355840455,10556.432617960629,0.0,365.34,2820.744,0.0,524.9815500000001,0.0,0.0,0.0,260.0945,85.0825,0.0,-2797.929798987301,38064.31816414944
19-10-2040 12:00:00,29200.5253542044,15578.380520003377,0.0,370.52099999999996,2398.3520000000003,0.0,527.3829000000001,0.0,0.0,0.0,257.39799999999997,80.859,0.0,-11384.416209424526,38378.084523356374
19-10-2040 13:00:00,29705.20298299347,17170.783991318676,0.0,376.285,1868.723,0.0,530.53245,0.0,0.0,0.0,264.3325,88.4025,0.0,-12200.0,38037.08397967031
19-10-2040 14:00:00,29424.54094725419,18014.411808477038,0.0,381.971,1772.0079999999998,0.0,529.18275,0.0,0.0,0.0,262.3395,91.1805,0.0,-12200.0,36789.74293011119
19-10-2040 15:00:00,30122.189077181927,17033.828643697932,0.0,398.983,1760.567,0.0,529.4005500000001,0.0,0.0,0.0,258.873,93.678,0.0,-12200.0,35884.268790621405
19-10-2040 16:00:00,30044.261720219205,14088.997538698954,0.0,410.38199999999995,1921.316,0.0,527.7565500000001,0.0,0.0,0.0,247.5745,94.0355,0.0,-12200.0,35243.020774418284
19-10-2040 17:00:00,29041.565270333722,9267.24367659997,0.0,415.92800000000005,2459.889,0.0,528.7764000000001,0.0,0.0,0.0,246.57299999999998,93.67399999999999,0.0,-8416.090443137957,35044.07269837719
19-10-2040 18:00:00,27938.661672073773,3632.4427398099792,0.0,419.18199999999996,2727.975,0.0,527.41695,0.0,0.0,0.0,254.4885,93.4385,0.0,-2009.1801598077436,34743.30332288218
19-10-2040 19:00:00,27938.023515819863,180.83687728109004,0.0,422.91,3346.837,2309.9358902156855,529.01595,0.0,0.0,0.0,260.221,92.48100000000001,0.0,0.0,36096.35632281952
19-10-2040 20:00:00,28173.295031317874,2.595899907139279,0.0,425.11699999999996,3928.591,3605.769142747162,534.3744,0.0,0.0,0.0,257.3385,94.3395,0.0,0.0,37906.45869490539
19-10-2040 21:00:00,28791.34155655308,1.64406994118821,0.0,430.274,3135.792,2841.9946380464535,532.3869,0.0,0.0,0.0,257.955,94.24,0.0,0.0,36883.77957980016
19-10-2040 22:00:00,29639.586041766357,1.6538159392861838,0.0,423.8,2166.315,0.0,529.5288,0.0,0.0,0.0,253.0805,95.0245,0.0,0.0,33810.748631079965
19-10-2040 23:00:00,27420.4603260661,0.8635524824790921,0.0,410.51800000000003,1998.055,0.0,520.2243000000001,0.0,0.0,0.0,249.3195,95.6485,0.0,0.0,31318.927140586602
20-10-2040 00:00:00,25960.257151794416,4.216726071922499,0.0,410.074,1720.57,0.0,502.5030000000001,0.0,0.0,0.0,263.79400000000004,95.641,0.0,0.0,29519.410880366344
20-10-2040 01:00:00,24198.892658848432,1.879727372271052,0.0,420.144,1713.651,0.0,494.2101000000001,0.0,0.0,0.0,266.7365,94.9345,0.0,0.0,27709.96507189853
20-10-2040 02:00:00,23645.03678423899,1.3452530552483035,0.0,418.375,977.544,0.0,493.1475000000001,0.0,0.0,0.0,266.8885,93.8575,0.0,0.0,26389.627539676672
20-10-2040 03:00:00,26979.87581276046,1.6693243721767446,0.0,401.648,982.232,0.0,493.31820000000005,0.0,0.0,0.0,267.9255,94.8735,0.0,-3999.916476745464,25691.119736164095
20-10-2040 04:00:00,28033.059717918433,1.210261352269763,0.0,415.86,752.539,0.0,489.54345000000006,0.0,0.0,0.0,266.724,93.40799999999999,0.0,-5327.717881089582,25183.497481860933
20-10-2040 05:00:00,28371.411525725212,1.0383033916835518,0.0,418.625,725.81,0.0,491.6934,0.0,0.0,0.0,268.6475,95.1745,0.0,-5868.087543308149,24971.832903109665
20-10-2040 06:00:00,27906.749817460353,1.7522268469042759,0.0,410.75800000000004,814.409,0.0,487.8178500000001,0.0,0.0,0.0,267.1665,94.7045,0.0,-5020.252367481669,25463.596821094612
20-10-2040 07:00:00,27910.360999178167,4.056092859672198,0.0,407.57099999999997,1383.38,0.0,489.9856500000001,0.0,0.0,0.0,273.5825,94.0415,0.0,-4108.391417039606,27007.872393832276
20-10-2040 08:00:00,27048.65891336195,149.3291405362164,0.0,415.157,2209.385,0.0,494.5330500000001,0.0,0.0,0.0,273.285,93.581,0.0,-2797.6019504072246,28497.689269370403
20-10-2040 09:00:00,26227.821468823407,3544.5390774286534,0.0,418.466,3039.903,0.0,494.67870000000005,0.0,0.0,0.0,273.3795,93.5965,0.0,-3967.901349185362,30821.4360535004
20-10-2040 10:00:00,25107.447782049298,10066.867390856774,0.0,419.84,3210.472,0.0,493.0002,0.0,0.0,0.0,279.7405,94.8325,0.0,-7631.682522458985,32820.02351868954
20-10-2040 11:00:00,26890.005349102124,14769.902517881199,0.0,425.92699999999996,3186.692,0.0,491.42610000000013,0.0,0.0,0.0,280.715,95.23299999999999,0.0,-12200.0,33341.50168327348
20-10-2040 12:00:00,29431.12800367899,17527.494540504395,0.0,423.957,2756.25,0.0,487.70445000000007,0.0,0.0,0.0,279.1225,95.0375,0.0,-12200.0,33646.43661083372
20-10-2040 13:00:00,31355.004731429155,18682.053472954187,0.0,430.213,1667.183,0.0,491.8866000000001,0.0,0.0,0.0,277.866,94.124,0.0,-12200.0,33858.425193500756
20-10-2040 14:00:00,31803.68020889783,17366.602827510615,0.0,431.34,1383.8429999999998,0.0,488.9842500000001,0.0,0.0,0.0,278.062,95.09700000000001,0.0,-12200.0,33124.27584328139
20-10-2040 15:00:00,31367.156810166944,14833.32900563107,0.0,431.87800000000004,1394.9460000000001,0.0,488.4816000000001,0.0,0.0,0.0,273.633,94.906,0.0,-12200.0,31448.69610271764
20-10-2040 16:00:00,31980.42295051359,11326.690064820817,0.0,429.671,1413.912,0.0,487.59600000000006,0.0,0.0,0.0,276.6035,95.1735,0.0,-12200.0,30244.359412155576
20-10-2040 17:00:00,31825.219014273523,6926.271969732895,0.0,429.86300000000006,1668.385,0.0,489.95790000000005,0.0,0.0,0.0,275.601,94.896,0.0,-12200.0,29709.388028241305
20-10-2040 18:00:00,31882.115650273114,2363.199112963469,0.0,430.809,2044.122,0.0,493.4064,0.0,0.0,0.0,279.8295,93.8545,0.0,-8618.25158355487,29680.695268155152
20-10-2040 19:00:00,31475.949242634655,68.94277503377403,0.0,437.848,3130.2070000000003,0.0,492.0825000000001,0.0,0.0,0.0,282.0275,95.5265,0.0,-5256.393190341321,31489.008364885278
20-10-2040 20:00:00,31431.243361625933,1.5899886931228084,0.0,438.75,3534.691,0.0,492.2029500000001,0.0,0.0,0.0,280.4485,95.8015,0.0,-3417.372563768269,33653.090780805345
20-10-2040 21:00:00,30085.824146394432,2.3471261660384313,0.0,435.19800000000004,2585.7470000000003,0.0,493.03935000000007,0.0,0.0,0.0,276.2605,95.3985,0.0,-1216.5962533476013,33508.91350217659
20-10-2040 22:00:00,28947.999719911353,1.1465224589865148,0.0,424.24300000000005,2125.26,0.0,490.62165000000005,0.0,0.0,0.0,270.4455,94.8555,0.0,-1668.6888974857175,31354.22385189737
20-10-2040 23:00:00,27875.73154250673,0.8328512202071854,0.0,417.847,1684.555,0.0,488.54490000000004,0.0,0.0,0.0,271.20799999999997,95.988,0.0,-2235.016869827523,29198.98997919708
21-10-2040 00:00:00,25356.495779616685,0.9626462155641495,0.0,396.81300000000005,1418.869,0.0,481.5222,0.0,0.0,0.0,276.7885,95.5825,0.0,-1350.6969908262618,27215.945402196914
21-10-2040 01:00:00,22940.45986298979,5.8840397895156995,0.0,388.28,1291.812,0.0,479.65410000000014,0.0,0.0,0.0,274.224,95.35700000000001,0.0,-390.08350333323324,25583.03076509499
21-10-2040 02:00:00,21236.770912012897,2.260596169133789,0.0,388.23699999999997,1045.281,331.76646048001203,479.58840000000004,0.0,0.0,0.0,272.6965,94.4305,0.0,0.0,24321.516497172215
21-10-2040 03:00:00,20313.99418825903,6.998113499662972,0.0,391.413,957.541,590.9244517018014,478.92930000000007,0.0,0.0,0.0,274.8365,94.3195,0.0,0.0,23564.265035374305
21-10-2040 04:00:00,19413.553000695618,1.7197836884797724,0.0,392.73699999999997,1119.181,975.5629815769134,480.0748500000001,0.0,0.0,0.0,277.967,94.75399999999999,0.0,0.0,23205.150031662633
21-10-2040 05:00:00,18244.10686964231,7.787699721417837,0.0,391.92900000000003,987.2719999999999,2421.1661482562376,481.0693500000001,0.0,0.0,0.0,277.204,94.63600000000001,0.0,0.0,23360.215478620394
21-10-2040 06:00:00,17865.330984480173,3.4395673769595447,0.0,385.077,897.237,3097.8332964214787,479.22645000000006,0.0,0.0,0.0,272.255,95.29299999999999,0.0,0.0,23571.671370578613
21-10-2040 07:00:00,16839.81466187557,9.258709668796762,0.0,381.142,1350.266,4622.702214523673,480.4357500000001,0.0,0.0,0.0,279.013,95.085,0.0,0.0,24568.829318463188
21-10-2040 08:00:00,15496.201627665869,211.6848211775951,0.0,386.42,1920.991,5562.940224618469,488.4903000000001,0.0,0.0,0.0,280.267,95.48100000000001,0.0,0.0,24990.154933956175
21-10-2040 09:00:00,14501.371044305422,3489.7223264153986,0.0,390.74,1966.261,4900.061600264562,491.5537500000001,0.0,0.0,0.0,279.7355,94.2035,0.0,0.0,26738.334987067537
21-10-2040 10:00:00,13677.59392572331,9996.875439891042,0.0,387.208,1999.0929999999998,1227.042622156856,491.9877,0.0,0.0,0.0,278.3155,94.2695,0.0,0.0,28972.50715017639
21-10-2040 11:00:00,11233.053999689851,14541.331980650648,0.0,390.961,2381.33,0.0,491.72100000000006,0.0,0.0,0.0,278.2095,94.0835,0.0,0.0,30098.928896796355
21-10-2040 12:00:00,9597.701290943658,16443.90084734334,0.0,393.131,2369.988,0.0,489.6558000000001,0.0,0.0,0.0,278.594,92.84700000000001,0.0,0.0,30390.23557239547
21-10-2040 13:00:00,8817.58317999968,17736.288563728245,0.0,393.37699999999995,2432.958,0.0,488.5753500000001,0.0,0.0,0.0,267.207,91.36200000000001,0.0,0.0,30992.041040730674
21-10-2040 14:00:00,8197.39979738341,18496.14159427709,0.0,390.52,2104.619,0.0,485.8593000000001,0.0,0.0,0.0,261.6925,91.6315,0.0,0.0,30792.207254788966
21-10-2040 15:00:00,7966.213927488016,17468.446737200575,0.0,407.339,1797.124,0.0,483.71865,0.0,0.0,0.0,266.807,90.538,0.0,0.0,29265.930452963476
21-10-2040 16:00:00,9985.70657468485,19726.841802283954,0.0,425.407,1645.7120000000002,0.0,484.5592500000001,0.0,0.0,0.0,261.39599999999996,91.304,0.0,-5381.192332668312,28070.604493574392
21-10-2040 17:00:00,10369.349668858173,13747.985991444892,0.0,427.19800000000004,1810.285,0.0,485.69520000000006,0.0,0.0,0.0,266.661,91.478,0.0,-431.4786329592116,27722.06295404394
21-10-2040 18:00:00,11264.891902117395,4732.714915700976,0.0,435.01,2686.034,6933.073840127121,487.8456000000001,0.0,0.0,0.0,282.7135,90.9655,0.0,0.0,27811.711229227352
21-10-2040 19:00:00,12441.307493987184,165.13168284289742,0.0,435.723,3547.493,8000.0,490.9980000000001,0.0,0.0,0.0,287.0155,90.7755,0.0,0.0,29802.54343191825
21-10-2040 20:00:00,14415.718614093543,3.9262986095481596,179.40303833988764,430.858,3253.304,8000.0,491.2863000000001,0.0,0.0,0.0,282.8725,91.4675,0.0,0.0,32944.27846240102
21-10-2040 21:00:00,16127.27431495985,4.423846091749854,5948.426647072545,428.9,2954.72,796.9261598728772,494.3173500000001,0.0,0.0,0.0,286.1495,90.7705,0.0,0.0,32865.50570786218
21-10-2040 22:00:00,17426.664921325126,2.0767199257114233,7728.4057093712,428.73800000000006,2478.901,0.0,494.43645000000004,0.0,0.0,0.0,288.6485,92.6535,0.0,0.0,31080.613890747038
21-10-2040 23:00:00,17494.50693696436,1.0275437132426313,7334.699700048754,431.784,2321.3520000000003,0.0,492.48675000000003,0.0,0.0,0.0,283.2165,94.6075,0.0,0.0,29030.977395283684
22-10-2040 00:00:00,18212.144814044415,1.2114199566649968,5577.387329409252,431.54900000000004,1580.114,0.0,487.3135500000001,0.0,0.0,0.0,282.237,94.804,0.0,0.0,27183.020131716257
22-10-2040 01:00:00,19034.390353002043,6.597912263979001,3505.424728391892,433.292,1199.07,0.0,484.9249500000001,0.0,0.0,0.0,274.9975,94.0215,0.0,0.0,25510.23627339236
22-10-2040 02:00:00,19849.944900165818,2.996101142823251,2085.0280281775667,430.015,977.066,0.0,483.5265000000001,0.0,0.0,0.0,277.2435,94.3215,0.0,0.0,24656.82409490312
22-10-2040 03:00:00,20987.401902244026,7.625455977221632,724.2879375514094,433.185,884.9119999999999,0.0,484.98675000000003,0.0,0.0,0.0,282.843,94.92200000000001,0.0,0.0,24347.763790275298
22-10-2040 04:00:00,21793.684789043855,2.842498052052076,0.0,435.26,802.7189999999999,0.0,485.2948500000001,0.0,0.0,0.0,282.3245,94.0655,0.0,0.0,24345.65497489239
22-10-2040 05:00:00,22471.159179004113,8.410503802911933,0.0,426.55400000000003,779.617,0.0,483.5548500000001,0.0,0.0,0.0,283.188,94.462,0.0,0.0,25016.987368459377
22-10-2040 06:00:00,24530.973403381286,4.668283846283353,0.0,424.207,1476.9720000000002,0.0,494.17005000000006,0.0,0.0,0.0,284.3195,94.5045,0.0,0.0,27849.21161355424
22-10-2040 07:00:00,27245.70464708181,11.12641053253272,0.0,434.225,3119.6940000000004,0.0,508.4503500000001,0.0,0.0,0.0,288.482,94.303,0.0,0.0,32354.830525732705
22-10-2040 08:00:00,29056.784146939724,394.51122793893046,0.0,435.31300000000005,3840.3959999999997,0.0,520.0339500000001,0.0,0.0,0.0,283.9755,94.4775,0.0,0.0,35333.45655395266
22-10-2040 09:00:00,24099.807788193822,6685.519936974057,0.0,431.824,3356.447,0.0,517.4584500000001,0.0,0.0,0.0,282.1705,93.7035,0.0,0.0,36223.7806274522
22-10-2040 10:00:00,18763.98916358565,13100.12321565767,0.0,423.092,2993.363,0.0,516.2137500000001,0.0,0.0,0.0,273.66200000000003,91.70200000000001,0.0,0.0,36991.881198553696
22-10-2040 11:00:00,18491.499130439886,17799.68287893993,0.0,419.083,2416.399,0.0,514.3215,0.0,0.0,0.0,269.879,93.05,0.0,-3899.2470487160645,37260.164624606536
22-10-2040 12:00:00,29130.80925604193,31571.228503049195,0.0,403.593,1499.183,0.0,516.2020500000001,0.0,0.0,0.0,266.97700000000003,94.40700000000001,0.0,-12200.0,37471.13246474215
22-10-2040 13:00:00,29489.11248219508,33760.69849674327,0.0,401.904,1247.0639999999999,0.0,514.2252,0.0,0.0,0.0,273.22900000000004,94.249,0.0,-12200.0,37613.78309346242
22-10-2040 14:00:00,30083.65292981334,33036.726972248405,0.0,399.705,1271.188,0.0,514.42515,0.0,0.0,0.0,272.2935,94.2275,0.0,-12200.0,36643.643947430945
22-10-2040 15:00:00,31316.437337769115,30571.303252207035,0.0,417.033,1165.178,0.0,513.3966000000001,0.0,0.0,0.0,267.998,94.369,0.0,-12200.0,35705.19171477842
22-10-2040 16:00:00,32832.6994227081,25601.640082391543,0.0,420.73199999999997,1418.964,0.0,515.8131000000001,0.0,0.0,0.0,266.574,94.104,0.0,-12200.0,35252.501329868675
22-10-2040 17:00:00,34069.509105865414,17543.68643768681,0.0,426.899,1368.731,0.0,518.6863500000001,0.0,0.0,0.0,265.0455,94.8815,0.0,-12200.0,35065.062646656435
22-10-2040 18:00:00,35161.99728091127,6527.6499059674925,0.0,435.155,1678.375,0.0,521.4846000000001,0.0,0.0,0.0,253.8895,94.5365,0.0,-11717.287488262667,34675.492390834595
22-10-2040 19:00:00,36294.30647639032,193.41617558039158,0.0,433.709,3240.967,0.0,520.37805,0.0,0.0,0.0,256.79400000000004,93.41799999999999,0.0,-5691.253662679883,36454.350518496474
22-10-2040 20:00:00,37603.88054033635,5.332411059247841,0.0,434.85699999999997,3710.955,0.0,521.5807500000001,0.0,0.0,0.0,259.3385,93.5165,0.0,-4659.281893399984,38860.97385877127
22-10-2040 21:00:00,38484.778617191434,4.1209911025835835,0.0,429.32199999999995,2192.212,0.0,524.8837500000001,0.0,0.0,0.0,266.4595,94.8135,0.0,-5036.613647227496,37766.65602712562
22-10-2040 22:00:00,39632.40747384662,1.9577411799675393,0.0,424.861,1691.539,0.0,519.5151000000001,0.0,0.0,0.0,270.23900000000003,95.18299999999999,0.0,-9015.695731293225,34309.71614932768
22-10-2040 23:00:00,40149.7603740224,0.930197466724908,0.0,421.24699999999996,966.927,0.0,516.3324,0.0,0.0,0.0,279.902,96.175,0.0,-11945.923203224822,31082.007367978356
23-10-2040 00:00:00,39477.34277211788,1.114073710147274,0.0,428.583,945.4830000000001,0.0,502.2246000000001,0.0,0.0,0.0,279.6965,96.0735,0.0,-12200.0,28997.14483944071
23-10-2040 01:00:00,38536.10200511325,6.608728513592079,0.0,430.404,653.1419999999999,0.0,496.1820000000001,0.0,0.0,0.0,278.3045,95.3175,0.0,-12200.0,27429.64811809457
23-10-2040 02:00:00,35960.306089625956,2.0226386776460217,0.0,424.245,595.93,0.0,492.35355000000004,0.0,0.0,0.0,286.5405,95.1575,0.0,-11878.712781675236,26453.753159676537
23-10-2040 03:00:00,34954.81633089913,7.3117847384423005,0.0,413.996,746.3,0.0,489.6187500000001,0.0,0.0,0.0,289.4715,95.4395,0.0,-11337.052306792953,26125.62684276531
23-10-2040 04:00:00,34122.785699896165,1.460193697765844,0.0,409.995,722.3510000000001,0.0,487.5681000000001,0.0,0.0,0.0,294.2335,94.2685,0.0,-10607.956903938382,25990.493030492784
23-10-2040 05:00:00,34181.21778314556,8.004024713679444,0.0,406.913,607.446,0.0,486.67680000000007,0.0,0.0,0.0,298.714,96.04,0.0,-10116.233465104731,26452.94073194745
23-10-2040 06:00:00,35230.15644465394,3.2448748839240977,0.0,408.819,794.329,0.0,490.4352,0.0,0.0,0.0,292.473,95.43799999999999,0.0,-8949.413392628834,28918.14703051722
23-10-2040 07:00:00,34883.16470432524,8.6854484393035,0.0,406.496,1579.128,0.0,507.51270000000005,0.0,0.0,0.0,288.8875,94.8905,0.0,-5111.875435407561,33323.4642253266
23-10-2040 08:00:00,33832.13365752179,300.92969673512084,0.0,414.725,1975.995,0.0,514.1953500000001,0.0,0.0,0.0,290.673,93.882,0.0,-2034.4185909146909,36101.363317889845
23-10-2040 09:00:00,31693.14347741333,5850.130846978691,0.0,413.469,1982.293,0.0,516.9429,0.0,0.0,0.0,291.195,94.32700000000001,0.0,-4897.081849495757,36699.59097949499
23-10-2040 10:00:00,28290.143727315404,15234.395541284086,0.0,413.30400000000003,2417.234,0.0,516.1057500000001,0.0,0.0,0.0,291.2835,92.5125,0.0,-10815.541015822888,37229.749547493986
23-10-2040 11:00:00,26771.71789652181,22168.877044473313,0.0,417.499,2198.176,0.0,514.1769,0.0,0.0,0.0,289.073,93.4,0.0,-12200.0,37573.986410430545
23-10-2040 12:00:00,23344.205137181463,26977.88978494495,0.0,425.71,1774.3970000000002,0.0,511.3614,0.0,0.0,0.0,290.07,92.196,0.0,-12200.0,37883.34393564239
23-10-2040 13:00:00,20825.97108924783,29040.55940240898,0.0,425.62699999999995,1633.724,0.0,513.3282,0.0,0.0,0.0,291.617,94.6,0.0,-12200.0,37863.53133798705
23-10-2040 14:00:00,19677.096857241624,28841.226738289526,0.0,411.913,1548.7579999999998,0.0,519.1315500000001,0.0,0.0,0.0,293.5465,95.2885,0.0,-12200.0,36811.166247577414
23-10-2040 15:00:00,19042.268705767397,25941.714704511083,0.0,408.71,1664.536,0.0,519.1434,0.0,0.0,0.0,293.805,95.714,0.0,-12200.0,36039.582355388324
23-10-2040 16:00:00,18313.194260632776,21879.9533848087,0.0,417.92699999999996,1770.741,0.0,518.6173500000001,0.0,0.0,0.0,288.8005,94.2925,0.0,-8891.69862519933,35635.19496526925
23-10-2040 17:00:00,18830.57810181105,15148.038604373254,0.0,393.524,2184.697,0.0,521.6454000000001,0.0,0.0,0.0,292.211,94.257,0.0,-3181.123899405291,35455.672988527054
23-10-2040 18:00:00,18685.6117697781,5421.331447317736,0.0,388.792,2886.028,5594.096984426746,526.4598000000001,0.0,0.0,0.0,297.8485,95.5025,0.0,0.0,34931.422377118484
23-10-2040 19:00:00,18999.442490661455,118.94629699504439,0.0,386.86,3786.005,8000.0,528.474,0.0,0.0,0.0,298.715,95.26799999999999,0.0,0.0,36688.04996745511
23-10-2040 20:00:00,19232.277402211424,3.093447389340975,424.04547646559513,388.832,4186.789000000001,8000.0,532.9626000000001,0.0,0.0,0.0,290.9705,93.7675,0.0,0.0,39002.869346333035
23-10-2040 21:00:00,20233.064128555987,3.9262986095481596,5380.232572278914,385.588,2983.547,2135.9030155732544,535.518,0.0,0.0,0.0,291.99,94.818,0.0,0.0,37835.9791014437
23-10-2040 22:00:00,21006.186958395894,1.8928436822890575,7817.549735534605,373.913,2220.7329999999997,0.0,530.1060000000001,0.0,0.0,0.0,293.95,95.47200000000001,0.0,0.0,34431.92997996703
23-10-2040 23:00:00,20333.676533483827,0.9301974667249082,7718.526278071247,379.051,1462.894,0.0,518.78115,0.0,0.0,0.0,282.3435,91.5635,0.0,0.0,31376.27918159424
24-10-2040 00:00:00,19726.969885670333,1.0599924620818724,6663.672403475601,379.37300000000005,1235.525,0.0,502.17750000000007,0.0,0.0,0.0,281.822,90.792,0.0,0.0,29405.542661495405
24-10-2040 01:00:00,19528.990013453407,7.095459746180695,5487.990840925908,377.255,1024.094,0.0,502.16985000000017,0.0,0.0,0.0,277.862,91.066,0.0,0.0,27781.07035374869
24-10-2040 02:00:00,19478.389871465595,2.855489897853207,4494.183511166946,379.27099999999996,1107.545,0.0,499.5499500000001,0.0,0.0,0.0,277.309,90.825,0.0,0.0,26793.28731595046
24-10-2040 03:00:00,18205.44608699994,8.101370960197167,5239.139054982679,379.23900000000003,1152.803,0.0,496.16325000000006,0.0,0.0,0.0,277.5755,90.7905,0.0,0.0,26303.08389902941
24-10-2040 04:00:00,17443.686340333632,2.790592400174725,6070.95048269317,380.639,1145.151,0.0,495.98145,0.0,0.0,0.0,279.5005,90.8415,0.0,0.0,26365.378208722377
24-10-2040 05:00:00,17073.7441113895,10.318702130878634,6627.7677840916585,370.215,1192.373,0.0,496.30665000000005,0.0,0.0,0.0,281.4035,90.8685,0.0,0.0,26616.553037652302
24-10-2040 06:00:00,17016.499389111614,5.105269817373916,8536.109314543166,365.73699999999997,1599.131,0.0,499.3209,0.0,0.0,0.0,278.4375,90.0255,0.0,0.0,28932.51889192451
24-10-2040 07:00:00,16710.102244082467,11.50848958831747,11750.75959193783,372.54400000000004,2903.152,0.0,519.1894500000001,0.0,0.0,0.0,276.3015,88.5755,0.0,0.0,33288.26981146339
24-10-2040 08:00:00,16992.616802795423,393.2031221843092,13157.219392001272,373.962,3423.611,0.0,530.0094,0.0,0.0,0.0,265.313,88.214,0.0,0.0,35924.58030880759
24-10-2040 09:00:00,15824.980720389238,8527.195891214526,6690.767716086873,375.574,3339.191,0.0,528.74805,0.0,0.0,0.0,273.7815,88.0515,0.0,0.0,36398.86401094188
24-10-2040 10:00:00,12408.801381133486,19189.10090380456,0.0,383.60699999999997,3438.422,0.0,521.48895,0.0,0.0,0.0,275.0435,88.2395,0.0,0.0,37153.16744629608
24-10-2040 11:00:00,9751.60971443429,21918.319677864536,0.0,392.16,3185.011,0.0,517.8321000000001,0.0,0.0,0.0,272.296,88.065,0.0,0.0,37505.405829586496
24-10-2040 12:00:00,9171.142147214387,22310.339922322473,0.0,388.94199999999995,2790.184,0.0,517.99545,0.0,0.0,0.0,277.187,87.682,0.0,0.0,37473.759835186574
24-10-2040 13:00:00,9010.08997881928,22791.834798200518,0.0,402.955,2262.013,0.0,518.29395,0.0,0.0,0.0,273.8955,87.6885,0.0,0.0,37531.904960405926
24-10-2040 14:00:00,12151.11923883662,30733.430507571786,0.0,399.94699999999995,1354.1529999999998,0.0,518.3937000000001,0.0,0.0,0.0,278.1355,88.7055,0.0,-11261.593199864485,36485.45080251246
24-10-2040 15:00:00,14177.061024640918,32333.018500328253,0.0,386.365,1357.131,0.0,516.7956,0.0,0.0,0.0,274.67,87.45200000000001,0.0,-12200.0,35664.152582746945
24-10-2040 16:00:00,14364.598995011676,28081.12490042204,0.0,390.277,1356.025,0.0,517.0122000000001,0.0,0.0,0.0,276.7825,87.4265,0.0,-12013.322055294639,35420.08240454868
24-10-2040 17:00:00,14549.365313107674,20435.973593835402,0.0,398.32300000000004,1719.191,0.0,520.1971500000001,0.0,0.0,0.0,282.3515,88.8665,0.0,-5215.607173803912,35174.29325724045
24-10-2040 18:00:00,14890.001638768557,7912.162305715553,0.0,398.63599999999997,2424.708,6329.286626710818,523.7346000000001,0.0,0.0,0.0,282.5175,90.0835,0.0,0.0,34865.0849003067
24-10-2040 19:00:00,16648.262782931113,226.8275706359076,571.8023885844923,397.939,3469.344,8000.0,528.0207,0.0,0.0,0.0,281.117,89.902,0.0,0.0,36534.83219839588
24-10-2040 20:00:00,18061.063766389452,6.684442260883643,1531.5953406167864,394.01300000000003,4101.122,8000.0,531.3903000000001,0.0,0.0,0.0,286.046,93.335,0.0,0.0,39071.81447808117
24-10-2040 21:00:00,18333.661733796387,4.196704849875167,7436.357271817033,395.05300000000005,3457.525,1400.7133732891816,532.3347,0.0,0.0,0.0,288.313,94.33200000000001,0.0,0.0,37811.358523752395
24-10-2040 22:00:00,18443.424940218007,2.238963669907628,11819.609023250607,381.851,1867.0,0.0,530.53965,0.0,0.0,0.0,290.1465,94.7935,0.0,0.0,34163.73322775159
24-10-2040 23:00:00,17906.679766716028,1.0383599628557116,9836.191697741826,388.671,1477.565,0.0,520.9758,0.0,0.0,0.0,292.5945,95.4835,0.0,0.0,31156.919230850403
25-10-2040 00:00:00,17816.065173225816,1.0708087116949527,8316.155863879041,381.13,1074.188,0.0,508.9638000000001,0.0,0.0,0.0,287.7055,94.6075,0.0,0.0,29052.43642385888
25-10-2040 01:00:00,16885.52612546603,7.0738272469545365,8133.122771003182,383.17699999999996,842.485,0.0,506.66850000000005,0.0,0.0,0.0,285.8435,95.7745,0.0,0.0,27653.25136696375
25-10-2040 02:00:00,15342.420977541484,2.790592400174725,8446.306568905713,387.786,1075.927,0.0,503.13450000000006,0.0,0.0,0.0,287.0295,95.3745,0.0,0.0,26616.094373096457
25-10-2040 03:00:00,13828.056153327972,8.350144701298014,9611.209358875494,386.832,1056.188,0.0,503.0241000000001,0.0,0.0,0.0,286.443,95.561,0.0,0.0,26240.194032196214
25-10-2040 04:00:00,12384.453401866047,2.7473274017224036,11009.289021027978,388.501,1008.1139999999999,0.0,504.1012500000001,0.0,0.0,0.0,278.823,95.17399999999999,0.0,0.0,26140.288856932988
25-10-2040 05:00:00,11362.611323310088,10.167274636295508,12353.346877363998,385.869,1048.553,0.0,507.3783000000001,0.0,0.0,0.0,285.5655,95.7905,0.0,0.0,26558.096556201577
25-10-2040 06:00:00,9610.507438648,4.93220982356463,15068.507412979638,376.374,1396.1129999999998,0.0,511.89195000000007,882.947636784831,0.0,0.0,285.013,95.211,0.0,0.0,28820.795571536157
25-10-2040 07:00:00,8304.1628419675,11.778895828644478,15068.507412979638,381.56,3215.425,0.0,520.1575500000001,4633.657200316633,0.0,0.0,280.4535,94.8245,0.0,0.0,33205.64844095149
25-10-2040 08:00:00,7598.282545843113,476.10967546856995,15068.507412979638,389.455,3790.583,0.0,520.1602500000001,7043.554141206863,0.0,0.0,275.0185,94.9875,0.0,0.0,35962.293843816136
25-10-2040 09:00:00,6802.348461899098,9967.75809593263,13809.141072692106,384.35400000000004,3955.328,0.0,515.82825,0.0,0.0,0.0,272.7715,94.7935,0.0,0.0,36539.73392009288
25-10-2040 10:00:00,4763.2977199137895,22515.01866459111,3733.137445549255,387.015,3966.696,0.0,510.69495000000006,0.0,0.0,0.0,268.501,93.31299999999999,0.0,0.0,37222.50688820576
25-10-2040 11:00:00,3034.904750157518,27451.046553499928,0.0,390.092,3671.2709999999997,0.0,511.6279500000001,0.0,0.0,0.0,267.346,92.589,0.0,0.0,37333.37388596025
25-10-2040 12:00:00,2264.670241233187,28386.183730698787,0.0,389.536,3597.4640000000004,0.0,508.7380500000001,0.0,0.0,0.0,273.5485,92.3125,0.0,0.0,37753.49834342335
25-10-2040 13:00:00,1931.2879555982488,28583.76249823701,0.0,395.32199999999995,3717.659,0.0,505.07565000000005,0.0,0.0,0.0,270.448,92.76799999999999,0.0,0.0,37744.77144116854
25-10-2040 14:00:00,1573.8719296853465,29236.206712019244,0.0,376.31800000000004,2483.9179999999997,0.0,503.72940000000006,0.0,0.0,0.0,271.678,92.757,0.0,0.0,36739.66777153784
25-10-2040 15:00:00,1450.7378464545343,29033.844445496936,0.0,388.21,2023.5320000000002,0.0,505.74915000000004,0.0,0.0,0.0,272.8955,92.5725,0.0,0.0,35949.26896080035
25-10-2040 16:00:00,1730.9170331900089,26425.17942971655,0.0,400.783,2073.282,1988.035845958563,506.4238500000001,0.0,0.0,0.0,268.79900000000004,92.82,0.0,0.0,35592.69614165858
25-10-2040 17:00:00,1982.0883563553696,17722.717029771673,866.2396112145834,401.663,3648.0159999999996,8000.0,511.79655000000014,0.0,0.0,0.0,278.2965,92.6435,0.0,0.0,35364.27412502259
25-10-2040 18:00:00,2018.1500947864902,5507.753281726248,14215.11678361171,405.733,3898.954,6577.540132320555,518.1450000000001,0.0,0.0,0.0,284.4915,93.5405,0.0,0.0,34922.80298018128
25-10-2040 19:00:00,2687.264744672543,62.323230270568864,15068.507412979638,406.774,4620.43,0.0,522.4960500000001,11857.623766427376,0.0,0.0,279.3075,94.2035,0.0,0.0,36708.96700555351
25-10-2040 20:00:00,2578.994441622266,5.862407290289539,15068.507412979638,402.212,5342.93,0.0,524.88945,13439.018687392007,0.0,0.0,281.5065,93.3165,0.0,0.0,38766.55480262373
25-10-2040 21:00:00,2526.8085732555664,4.131807352196685,15068.507412979638,401.061,4693.142,0.0,527.0400000000001,13116.121751596263,0.0,0.0,284.971,93.154,0.0,0.0,37665.289300329605
25-10-2040 22:00:00,2382.5152080273124,1.925292431128299,15068.507412979638,393.92900000000003,2652.863,0.0,523.3111500000001,11961.603607029985,0.0,0.0,284.9245,93.0045,0.0,0.0,34108.64177433997
25-10-2040 23:00:00,2506.3759087197864,1.1248899597603543,15068.507412979638,387.35,2028.973,0.0,513.48675,9815.508313670154,0.0,0.0,287.562,91.917,0.0,0.0,31321.558974919622
26-10-2040 00:00:00,2600.455894491666,1.1357062093734345,15068.507412979638,391.452,2260.7270000000003,0.0,506.2557000000001,7575.916963584528,0.0,0.0,287.6155,93.3985,0.0,0.0,29339.423171244634
26-10-2040 01:00:00,2410.532285804558,2.271412418746869,12845.793176598565,388.452,2128.904,0.0,507.6543000000001,8708.155639713272,0.0,0.0,289.284,95.348,0.0,0.0,27860.748533696227
26-10-2040 02:00:00,2202.4540438918293,1.2330524558911575,0.0,390.57,1898.9579999999999,0.0,507.3157500000001,20976.678570473847,0.0,0.0,289.9375,95.1195,0.0,0.0,26823.210993323966
26-10-2040 03:00:00,2346.233014953273,2.1740661722291463,0.0,388.531,1644.744,0.0,507.1773000000001,20587.058976473963,0.0,0.0,287.121,94.74,0.0,0.0,26309.486975266074
26-10-2040 04:00:00,2061.1387501556346,1.4710099473789249,0.0,395.55300000000005,1657.543,0.0,507.14445000000006,20843.01356384464,0.0,0.0,278.5035,94.7895,0.0,0.0,26290.051948189983
26-10-2040 05:00:00,2099.161374621137,4.499559839041417,0.0,402.606,1791.1629999999998,0.0,510.1677000000001,21078.178362152772,0.0,0.0,284.053,95.198,0.0,0.0,26733.191471403534
26-10-2040 06:00:00,2576.0047672542637,2.0875361753245034,0.0,401.725,2298.294,0.0,514.158,22218.129811055212,0.0,0.0,290.471,94.965,0.0,0.0,28932.728322698993
26-10-2040 07:00:00,2738.8859397433457,6.078732282551146,0.0,400.24800000000005,4162.248,0.0,527.5498500000001,24562.0,0.0,0.0,289.6655,93.9205,6.959128346403304,0.0,33435.95496256712
26-10-2040 08:00:00,2594.2638263633708,275.5331426436083,0.0,394.561,5000.894,0.0,534.86595,24562.0,0.0,0.0,289.051,94.20299999999999,1555.0800070704827,0.0,36001.20779287311
26-10-2040 09:00:00,2938.4554059644756,3988.83816481099,17.93047739731987,394.583,5005.514,0.0,532.7931000000001,22705.02659295081,0.0,0.0,284.032,95.08200000000001,0.0,0.0,36712.0597363867
26-10-2040 10:00:00,2728.0411183618726,9992.397512551228,131.71105027292137,394.976,5125.93,0.0,533.4636000000002,17183.470497049213,0.0,0.0,288.783,94.51299999999999,0.0,0.0,37262.70085732495
26-10-2040 11:00:00,2390.42063416987,14315.198200415685,852.5064968205074,393.319,4807.331,0.0,528.1224000000001,13161.629478664956,0.0,0.0,282.7925,95.2455,0.0,0.0,37691.455499456046
26-10-2040 12:00:00,3315.6223589958395,15647.576276503758,585.8101351847195,381.36699999999996,4594.314,0.0,526.6549500000001,11707.284000191894,0.0,0.0,273.307,93.95200000000001,0.0,0.0,37972.926368468674
26-10-2040 13:00:00,5147.840234419643,16382.670232707926,250.82204224435654,378.47,3455.62,0.0,531.0037500000001,10625.305355649003,0.0,0.0,265.1295,93.6565,0.0,0.0,37942.78730846918
26-10-2040 14:00:00,6966.095982458599,14432.889812455613,109.83391888325663,383.07800000000003,2543.679,0.0,532.7337000000001,10726.623904803108,0.0,0.0,264.1325,94.4875,0.0,0.0,36836.54940624151
26-10-2040 15:00:00,8485.206382932833,11906.051659095852,93.0435859726142,395.13800000000003,1719.879,0.0,529.8921,11571.394030425412,0.0,0.0,261.4915,92.6735,0.0,0.0,35802.518994362785
26-10-2040 16:00:00,10373.00203412403,8176.911647494919,201.01624334343165,400.649,1503.786,0.0,530.45565,12979.149904793614,0.0,0.0,259.723,93.241,0.0,0.0,35260.79151502004
26-10-2040 17:00:00,12222.64356158904,4411.429037194038,137.44100718032578,395.699,2189.038,0.0,530.56185,14045.501394243529,0.0,0.0,259.7035,93.9795,0.0,0.0,35029.621974937596
26-10-2040 18:00:00,15849.145643353379,1073.2099191090565,28.37692944619318,380.106,2683.92,0.0,530.8708500000001,13336.623500360016,0.0,0.0,263.269,93.41799999999999,0.0,0.0,34984.45634986637
26-10-2040 19:00:00,18428.61580288931,19.274556810509143,13.516071820697093,379.426,3129.897,0.0,533.0043000000001,13172.782608961654,0.0,0.0,276.4325,94.4935,0.0,0.0,36842.85464891923
26-10-2040 20:00:00,19843.11080623534,3.234058634311018,0.0,401.49199999999996,3477.572,0.0,534.5937000000001,12815.941059160898,0.0,0.0,274.96299999999997,93.935,0.0,0.0,38259.13119136425
26-10-2040 21:00:00,20475.378589751457,2.4444724125561543,0.0,410.63199999999995,2648.8109999999997,0.0,533.6298,11911.938193355254,0.0,0.0,278.758,94.68,0.0,0.0,37119.79132306467
26-10-2040 22:00:00,22016.41842575813,1.4169286993135233,0.0,411.436,2116.972,0.0,530.6404500000001,7881.876842852078,0.0,0.0,280.5185,94.5085,0.0,0.0,34003.96879403836
26-10-2040 23:00:00,23620.330378875085,0.8544837194333461,0.0,414.82300000000004,1768.6470000000002,0.0,524.0602500000001,4031.8711957622436,0.0,0.0,283.767,94.00399999999999,0.0,0.0,31331.606072234223
27-10-2040 00:00:00,24968.955855492208,0.5948937287194181,0.0,412.91900000000004,1192.42,0.0,508.5262500000001,1642.6338607819962,0.0,0.0,283.08,95.0,0.0,0.0,29639.73611412813
27-10-2040 01:00:00,24951.199433325804,2.88208537442382,0.0,416.87699999999995,1193.796,0.0,505.5166500000001,0.0,0.0,0.0,279.91200000000003,94.47399999999999,0.0,0.0,27937.24879693606
27-10-2040 02:00:00,23692.097811728923,1.4528293527862703,0.0,417.939,1074.724,0.0,503.8521000000001,0.0,0.0,0.0,283.246,95.63600000000001,0.0,0.0,26536.490591292622
27-10-2040 03:00:00,22659.593495315046,7.0405240799842765,0.0,417.12199999999996,1356.029,0.0,499.46205000000015,0.0,0.0,0.0,282.0105,94.6865,0.0,0.0,25769.93526963555
27-10-2040 04:00:00,22614.60896935292,1.2760695494891552,0.0,415.025,944.227,0.0,495.9972,0.0,0.0,0.0,280.42,95.31299999999999,0.0,0.0,25296.66003433898
27-10-2040 05:00:00,22247.00674540316,4.117842889314559,0.0,414.64099999999996,1043.086,0.0,495.12660000000005,0.0,0.0,0.0,283.6585,95.5535,0.0,0.0,25040.618078848856
27-10-2040 06:00:00,22306.040079492646,2.1816715347717075,0.0,410.333,1584.009,0.0,494.07615000000004,0.0,0.0,0.0,282.2865,95.2505,0.0,0.0,25664.649620620676
27-10-2040 07:00:00,23920.475921659527,4.013595729473578,0.0,408.56,1455.981,0.0,496.4305500000001,0.0,0.0,0.0,288.3355,94.4635,0.0,0.0,27211.226699933395
27-10-2040 08:00:00,25437.91729160198,54.91469716203978,0.0,405.80400000000003,1678.0720000000001,0.0,498.08580000000006,0.0,0.0,0.0,285.6355,94.5915,0.0,0.0,29052.23889678738
27-10-2040 09:00:00,29248.58619341708,1063.786389062562,0.0,410.1,1910.1960000000001,0.0,503.7322500000001,0.0,0.0,0.0,285.553,95.006,0.0,-3109.8655663165628,31087.845762304427
27-10-2040 10:00:00,36841.67153805086,5302.222178254463,0.0,411.55,2600.058,0.0,508.7005500000001,0.0,0.0,0.0,289.7215,95.0835,0.0,-12200.0,33080.452360722324
27-10-2040 11:00:00,36890.13910838944,9150.086350329982,0.0,410.116,2348.281,0.0,508.2624,0.0,0.0,0.0,290.7125,95.2855,0.0,-12200.0,33735.31523722066
27-10-2040 12:00:00,37197.1002994438,12116.689173815472,0.0,404.25699999999995,2304.276,0.0,508.28895000000006,0.0,0.0,0.0,290.151,94.369,0.0,-12200.0,33977.750516211345
27-10-2040 13:00:00,37594.3874570853,15006.879600719292,0.0,400.327,1892.7160000000001,0.0,503.9398500000001,0.0,0.0,0.0,288.491,95.021,0.0,-12200.0,34097.94890113813
27-10-2040 14:00:00,38531.80438287698,15813.421548435545,0.0,400.82199999999995,1467.256,0.0,497.46345,0.0,0.0,0.0,285.012,94.70200000000001,0.0,-12200.0,33294.078446531974
27-10-2040 15:00:00,39380.71399322556,15334.17543304713,0.0,397.575,1468.234,0.0,492.89250000000004,0.0,0.0,0.0,274.655,94.40100000000001,0.0,-12200.0,31667.435200952383
27-10-2040 16:00:00,41471.36275139874,13793.627827434413,0.0,396.00699999999995,1096.764,0.0,491.47290000000004,0.0,0.0,0.0,266.7165,94.9195,0.0,-12200.0,30632.031027350415
27-10-2040 17:00:00,42238.382469610726,9210.83694799811,0.0,396.778,1190.152,0.0,495.04275000000007,0.0,0.0,0.0,268.188,95.04,0.0,-12200.0,30305.55709321055
27-10-2040 18:00:00,40191.17490588628,3127.745716863871,0.0,394.381,1175.219,0.0,497.32815000000005,0.0,0.0,0.0,270.4685,95.9675,0.0,-12200.0,30450.594042389625
27-10-2040 19:00:00,37987.38653126321,69.63501500901098,0.0,399.096,1933.997,0.0,504.08970000000005,0.0,0.0,0.0,277.546,95.45299999999999,0.0,-9796.96237814903,32377.352703781224
27-10-2040 20:00:00,35195.17377368553,3.0285498916624913,0.0,414.87300000000005,3105.18,0.0,505.4248500000001,0.0,0.0,0.0,278.0745,95.6075,0.0,-6333.660895079334,34101.59143425318
27-10-2040 21:00:00,34249.318929680856,1.5791724435097274,0.0,413.72,2243.0389999999998,0.0,506.14005000000014,0.0,0.0,0.0,277.9605,95.3965,0.0,-4626.310762420191,33891.18678806532
27-10-2040 22:00:00,35145.33555388465,0.8220349705941048,0.0,404.694,2089.056,0.0,503.96610000000015,0.0,0.0,0.0,274.5955,95.3595,0.0,-7574.288125463099,31589.758703060816
27-10-2040 23:00:00,35195.42903695628,0.6489749767848195,0.0,406.361,1396.362,0.0,500.35020000000003,0.0,0.0,0.0,269.74,95.479,0.0,-8906.1690889087,29540.952118890316
28-10-2040 00:00:00,32396.95846161985,0.9626462155641493,0.0,408.17199999999997,1217.287,0.0,497.8708500000001,0.0,0.0,0.0,269.99,95.55799999999999,0.0,-7967.61650229901,27444.25582161736
28-10-2040 01:00:00,32448.954816346144,4.834863577046906,0.0,407.43,981.595,0.0,497.1934500000001,0.0,0.0,0.0,267.2825,95.5695,0.0,-9639.072628631639,25545.90906731949
28-10-2040 02:00:00,32791.34021492545,1.8712111830628966,0.0,403.749,767.49,0.0,494.51040000000006,0.0,0.0,0.0,265.1265,95.4605,0.0,-11022.660812320406,24253.860685254247
28-10-2040 02:00:00,32278.27651122331,6.5979122639789995,0.0,405.902,539.604,0.0,494.69115000000005,0.0,0.0,0.0,266.2625,95.5625,0.0,-11001.949882617442,23527.046248021285
28-10-2040 03:00:00,33132.56532591044,7.1711734934722555,0.0,408.644,325.305,0.0,495.43635000000006,0.0,0.0,0.0,264.525,95.675,0.0,-11934.383502501416,23228.91503070148
28-10-2040 04:00:00,32875.08203823204,3.893849860708918,0.0,404.74699999999996,487.366,0.0,495.0861000000001,0.0,0.0,0.0,260.347,95.179,0.0,-11978.217091347324,23077.33141686841
28-10-2040 05:00:00,33553.54087087759,5.689347296480252,0.0,398.603,641.986,0.0,499.4575500000001,0.0,0.0,0.0,264.2785,93.7045,0.0,-12200.0,23168.90548800125
28-10-2040 06:00:00,32928.50167907401,13.433782019445765,0.0,400.17800000000005,845.793,0.0,493.6528500000001,0.0,0.0,0.0,263.60900000000004,94.734,0.0,-11805.365339591717,23701.66501510361
28-10-2040 07:00:00,32844.400166613195,134.93271392317703,0.0,403.469,913.076,0.0,498.58950000000004,0.0,0.0,0.0,254.0805,94.6955,0.0,-11204.493594152576,24434.298131154563
28-10-2040 08:00:00,32575.205709482896,4147.8802991217235,0.0,408.361,1530.996,0.0,500.14305000000013,0.0,0.0,0.0,255.16299999999998,93.934,0.0,-12200.0,26031.3350074435
28-10-2040 09:00:00,34381.313246409445,14304.16562581034,0.0,405.014,1424.844,0.0,500.0010000000001,0.0,0.0,0.0,260.433,94.03200000000001,0.0,-12200.0,28631.472755334962
28-10-2040 10:00:00,35858.1775755749,20588.168693518524,0.0,404.605,1225.4,0.0,498.2208000000001,0.0,0.0,0.0,253.2275,93.7755,0.0,-12200.0,30367.29081289081
28-10-2040 11:00:00,37299.83491150369,23989.403281849314,0.0,403.325,1151.843,0.0,497.8735500000001,0.0,0.0,0.0,252.4365,94.1625,0.0,-12200.0,30974.5120940959
28-10-2040 12:00:00,39016.15939438261,24305.832664279984,0.0,404.337,1412.652,0.0,495.5965500000001,0.0,0.0,0.0,253.9,93.94,0.0,-12200.0,31202.64395797148
28-10-2040 13:00:00,39555.72406673876,22416.049980631422,0.0,388.971,1226.198,0.0,496.1784,0.0,0.0,0.0,255.47799999999998,93.774,0.0,-12200.0,31827.299700168856
28-10-2040 14:00:00,37853.89931116339,19312.70572289448,0.0,379.06699999999995,1362.896,0.0,498.4056000000001,0.0,0.0,0.0,249.4395,92.3355,0.0,-12200.0,31565.899590370194
28-10-2040 15:00:00,36971.22212666884,15949.046785719533,0.0,380.13,1275.44,0.0,496.18245,0.0,0.0,0.0,254.137,91.81700000000001,0.0,-12200.0,30056.40849772402
28-10-2040 16:00:00,36463.64271566248,10388.899590867526,0.0,378.74,976.038,0.0,494.8120500000001,0.0,0.0,0.0,259.9785,91.8975,0.0,-12200.0,29265.994435367054
28-10-2040 17:00:00,34857.03889532672,3745.6672410097176,0.0,374.12,1460.9279999999999,0.0,496.13625,0.0,0.0,0.0,242.7685,69.3465,0.0,-12200.0,29121.944005573278
28-10-2040 18:00:00,34317.72175099069,132.3476302656509,0.0,383.866,2095.649,0.0,500.9833500000001,0.0,0.0,0.0,245.9915,69.5475,0.0,-7327.014951109959,31264.378421633177
28-10-2040 19:00:00,34102.821018023424,6.251792276360428,0.0,381.07800000000003,2887.6240000000003,0.0,504.52170000000007,0.0,0.0,0.0,248.7945,69.6445,0.0,-5446.41701370123,33524.647965585566
28-10-2040 20:00:00,34475.51699619138,1.9361086807413783,0.0,372.8,2475.063,0.0,505.7070000000001,0.0,0.0,0.0,249.0255,68.7155,0.0,-4514.56754567851,34363.95202408689
28-10-2040 21:00:00,35156.961635579624,1.4385611985396833,0.0,355.45099999999996,2216.775,0.0,508.1886000000001,0.0,0.0,0.0,248.146,68.523,0.0,-5256.932610480351,33977.188066245035
28-10-2040 22:00:00,35972.63221150283,0.7679537225287031,0.0,370.06,1413.2089999999998,0.0,506.6778000000001,0.0,0.0,0.0,245.99400000000003,68.214,0.0,-6939.781174728643,32242.992632203062
28-10-2040 23:00:00,35440.725437269124,0.7463212233025425,0.0,374.61800000000005,1044.267,0.0,499.32510000000013,0.0,0.0,0.0,257.237,83.885,0.0,-8566.377503584947,29667.021261335674
29-10-2040 00:00:00,36038.726060499976,1.730599938092852,0.0,351.907,1057.269,0.0,489.7252500000001,0.0,0.0,0.0,260.634,89.54799999999999,0.0,-11065.43877628546,27704.41050649065
29-10-2040 01:00:00,37141.60649226779,4.023644856065883,0.0,347.44800000000004,790.081,0.0,488.41635000000014,0.0,0.0,0.0,263.4,91.931,0.0,-12200.0,26322.795687200043
29-10-2040 02:00:00,38298.9624265884,2.3146774171991904,0.0,367.295,639.384,0.0,487.65375000000006,0.0,0.0,0.0,258.178,92.958,0.0,-12200.0,25305.255623870195
29-10-2040 03:00:00,37135.75477516716,6.6303610128182395,0.0,358.155,669.67,0.0,488.6475000000001,0.0,0.0,0.0,253.8165,92.4045,0.0,-12200.0,24953.836364141804
29-10-2040 04:00:00,37380.62573669542,3.2665073831502585,0.0,349.28,854.291,0.0,491.01090000000005,0.0,0.0,0.0,258.028,92.79299999999999,0.0,-12200.0,24720.932231339237
29-10-2040 05:00:00,40155.65076737617,8.598918442398862,0.0,364.70099999999996,809.288,0.0,491.41665000000006,0.0,0.0,0.0,264.306,92.022,0.0,-12200.0,25611.442300197992
29-10-2040 06:00:00,41905.34898909272,6.5979122639789995,0.0,373.705,1113.941,0.0,494.70345000000003,0.0,0.0,0.0,261.5315,92.4435,0.0,-12200.0,28930.658566341543
29-10-2040 07:00:00,43115.43612694937,152.90932078011662,0.0,378.75300000000004,1613.06,0.0,509.1748500000001,0.0,0.0,0.0,258.611,91.348,0.0,-12200.0,33547.514607039346
29-10-2040 08:00:00,44615.9664554134,6215.265801417058,0.0,371.81800000000004,1894.362,0.0,520.7118000000002,0.0,0.0,0.0,272.038,90.09299999999999,0.0,-12200.0,36819.07291029805
29-10-2040 09:00:00,44565.53648893942,17205.83009326179,0.0,364.629,1918.226,0.0,523.76895,0.0,0.0,0.0,272.6885,89.8765,0.0,-12200.0,38724.06081489239
29-10-2040 10:00:00,44874.0995041446,24980.1933789067,0.0,362.59,1707.07,0.0,524.196,0.0,0.0,0.0,266.8035,88.5305,0.0,-12200.0,39732.27283896642
29-10-2040 11:00:00,47047.77454807226,29971.88175909366,0.0,360.57,1509.639,0.0,523.7701500000001,0.0,0.0,0.0,265.6095,86.3235,0.0,-12200.0,40005.88949594967
29-10-2040 12:00:00,47957.01458322586,31573.000373068327,0.0,367.907,1513.307,0.0,523.5864,0.0,0.0,0.0,227.412,49.193000000000005,0.0,-12200.0,40324.436679870116
29-10-2040 13:00:00,49657.605566325954,30368.600162402217,0.0,370.167,1324.225,0.0,526.9132500000001,0.0,0.0,0.0,230.38,49.593,0.0,-12200.0,40222.17122349832
29-10-2040 14:00:00,51430.73772982223,26601.06246467485,0.0,371.843,1238.272,0.0,531.5920500000001,0.0,0.0,0.0,233.1775,48.1555,0.0,-12200.0,39112.302691858626
29-10-2040 15:00:00,51637.86840353294,21105.30440376951,0.0,371.211,1403.5610000000001,0.0,533.6818500000002,0.0,0.0,0.0,230.4235,44.9925,0.0,-12200.0,38439.014743084765
29-10-2040 16:00:00,50499.599200138706,13996.724546808147,0.0,371.66900000000004,1431.46,0.0,536.2845000000001,0.0,0.0,0.0,223.52200000000002,36.913000000000004,0.0,-12200.0,38069.55542147449
29-10-2040 17:00:00,46868.48304137434,4327.603102692666,0.0,371.019,1718.776,0.0,539.4723000000001,0.0,0.0,0.0,226.878,37.472,0.0,-12200.0,38010.27498058239
29-10-2040 18:00:00,43275.331492695754,111.77512350157211,0.0,368.289,2753.178,0.0,545.4376500000001,0.0,0.0,0.0,237.77700000000002,37.056,0.0,-8657.331040885547,39843.149136488886
29-10-2040 19:00:00,44422.99129035326,3.720789866899632,0.0,371.73699999999997,3038.958,0.0,549.8302500000001,0.0,0.0,0.0,238.7335,38.6015,0.0,-8267.062863626932,41455.8869970221
29-10-2040 20:00:00,46257.893297745235,2.8987548963055274,0.0,373.51599999999996,3267.5879999999997,0.0,552.6220500000001,0.0,0.0,0.0,243.669,44.53,0.0,-9912.60639711385,41787.948975734536
29-10-2040 21:00:00,47485.05600136477,1.7414161877059326,0.0,370.41900000000004,2017.777,0.0,553.27845,0.0,0.0,0.0,245.6415,48.3115,0.0,-11285.393096509782,40297.109497711404
29-10-2040 22:00:00,46013.36268724463,1.016727463629551,0.0,370.125,1463.8270000000002,0.0,550.3918500000002,0.0,0.0,0.0,248.1775,48.3375,0.0,-12200.0,36784.19096863836
29-10-2040 23:00:00,44242.609113316685,0.7246887240763819,0.0,364.311,1101.453,0.0,539.46045,0.0,0.0,0.0,237.3625,42.9645,0.0,-12200.0,33228.888933077316
30-10-2040 00:00:00,42050.69048078117,1.5575399442835671,0.0,353.575,1021.878,0.0,520.2111000000001,0.0,0.0,0.0,227.7345,37.4845,0.0,-12200.0,30672.277447160897
30-10-2040 01:00:00,40203.97674567914,2.487737411008475,0.0,354.13,1080.731,0.0,514.5322500000001,0.0,0.0,0.0,232.071,42.163000000000004,0.0,-12200.0,28819.462728791957
30-10-2040 02:00:00,39248.25945712285,1.4385611985396833,0.0,352.603,1107.251,0.0,509.11620000000005,0.0,0.0,0.0,240.731,51.611000000000004,0.0,-12200.0,27690.796018186116
30-10-2040 03:00:00,36228.181686524054,3.580178621929588,0.0,353.978,1247.393,0.0,509.89770000000004,0.0,0.0,0.0,241.00900000000001,50.57899999999999,0.0,-11824.409332105519,27258.101994346616
30-10-2040 04:00:00,34165.608047376794,2.7040624032700813,0.0,355.274,1346.6070000000002,0.0,510.85215,0.0,0.0,0.0,237.08700000000002,55.126999999999995,0.0,-9986.8943405902,27137.38840227478
30-10-2040 05:00:00,32482.59155370516,3.4503836265726244,0.0,349.68,1295.802,0.0,509.1942,0.0,0.0,0.0,246.6515,60.3175,0.0,-7558.476738728543,27859.485253216368
30-10-2040 06:00:00,30932.369975202193,2.97446864359709,0.0,347.24800000000005,1810.757,0.0,510.5280000000001,0.0,0.0,0.0,248.5045,62.5265,0.0,-3556.8085809823497,30902.976790975208
30-10-2040 07:00:00,28962.4723738377,85.43755569372152,0.0,323.469,2885.015,1819.9667736603697,523.4008500000001,0.0,0.0,0.0,249.563,63.645,0.0,0.0,35556.06100774282
30-10-2040 08:00:00,26456.537374403746,1393.5547838996565,0.0,339.561,3980.131,4883.234004306429,530.7718500000001,0.0,0.0,0.0,246.188,62.397,0.0,0.0,38604.364617435516
30-10-2040 09:00:00,25366.07201989505,3824.9287181743716,0.0,352.744,4519.0509999999995,3952.7576707104818,529.7736000000001,0.0,0.0,0.0,244.21400000000003,63.321999999999996,0.0,0.0,39596.35896215732
30-10-2040 10:00:00,25852.948032593635,5817.541486894481,0.0,343.39,4265.565,2200.577947693473,529.5561000000001,0.0,0.0,0.0,243.378,62.758,0.0,0.0,40068.95829031844
30-10-2040 11:00:00,26632.112093174575,7778.61407174285,0.0,340.26099999999997,4053.954,28.81104514339677,522.6478500000002,0.0,0.0,0.0,244.75799999999998,64.324,0.0,0.0,40416.00814706793
30-10-2040 12:00:00,26389.848099541116,8375.658375286657,0.0,335.81199999999995,3733.093,0.0,521.63715,0.0,0.0,0.0,243.5695,64.0355,0.0,0.0,40423.248202421084
30-10-2040 13:00:00,27595.55667924392,7782.651310675785,0.0,340.583,3022.938,0.0,526.7740500000001,0.0,0.0,0.0,246.1865,64.4695,0.0,0.0,40342.85356834983
30-10-2040 14:00:00,27550.930846808264,7671.752251061847,0.0,344.13300000000004,2348.169,0.0,525.8430000000001,0.0,0.0,0.0,248.58,64.568,0.0,0.0,39507.86571815468
30-10-2040 15:00:00,26477.592726615145,6215.341515164349,0.0,343.75,2107.647,2286.1959027482844,527.76945,0.0,0.0,0.0,248.782,65.131,0.0,0.0,39011.05611806467
30-10-2040 16:00:00,26265.91372553474,3856.8582870321834,0.0,339.89599999999996,2433.871,4409.821196588735,535.57005,0.0,0.0,0.0,247.6535,64.8525,0.0,0.0,38902.002203071905
30-10-2040 17:00:00,25110.209267223367,1174.8610329727856,0.0,349.277,3333.9990000000003,7568.238775764701,538.3660500000001,0.0,0.0,0.0,251.9145,67.4525,0.0,0.0,39185.91519115114
30-10-2040 18:00:00,27202.660311924086,61.96629403333721,2243.915476525828,361.27099999999996,3632.298,659.1322187731384,539.3893500000001,0.0,0.0,0.0,251.47099999999998,68.041,0.0,0.0,40835.291905507336
30-10-2040 19:00:00,28007.304288076048,2.2497799195207087,3296.6151132457235,358.18699999999995,3863.033,0.0,547.4733000000001,0.0,0.0,0.0,250.33,67.824,0.0,0.0,42238.21472514141
30-10-2040 20:00:00,26799.499049154885,1.8171299349974954,4416.721452922735,363.668,4162.911,0.0,550.4374500000001,0.0,0.0,0.0,251.2195,68.3085,0.0,0.0,42458.58611864871
30-10-2040 21:00:00,24847.493082494635,2.0767199257114233,10631.79284349495,362.839,3711.3259999999996,0.0,550.3302000000001,0.0,0.0,0.0,253.6745,70.1185,0.0,0.0,41219.36785841765
30-10-2040 22:00:00,21321.951491936426,2.0550874264852625,11153.231431853408,356.731,3271.4829999999997,0.0,545.8443000000001,0.0,0.0,0.0,261.39,69.807,0.0,0.0,37663.992912675814
30-10-2040 23:00:00,19370.86602010099,2.3254936668122705,10759.435805831436,358.236,2115.322,0.0,537.4756500000001,0.0,0.0,0.0,258.9465,69.8995,0.0,0.0,34059.761077963565
31-10-2040 00:00:00,19454.108919742026,1.0383599628557116,8262.939226627488,358.754,1877.264,0.0,525.0805500000001,0.0,0.0,0.0,250.929,70.059,0.0,0.0,31323.154815101763
31-10-2040 01:00:00,18926.72726712612,2.433656162943074,7194.776503045672,360.305,1441.535,0.0,519.3490500000001,0.0,0.0,0.0,246.0675,70.1015,0.0,0.0,29243.97816469561
31-10-2040 02:00:00,18864.230309671326,0.7463212233025427,6098.1626356142515,359.164,1389.011,0.0,515.7768000000001,0.0,0.0,0.0,252.28400000000002,69.596,0.0,0.0,28010.75453489237
31-10-2040 03:00:00,18094.29053546515,2.7797761505616445,6580.124530977031,359.80400000000003,1309.251,0.0,514.6317,0.0,0.0,0.0,254.15099999999998,70.334,0.0,0.0,27638.113948657894
31-10-2040 04:00:00,17906.93116236146,1.4169286993135233,6586.461222326125,358.30800000000005,1363.855,0.0,512.10405,0.0,0.0,0.0,258.7995,69.0865,0.0,0.0,27513.207649198404
31-10-2040 05:00:00,17283.427417807692,2.509369910234636,7178.646528819481,350.91,1936.116,0.0,517.6332000000001,0.0,0.0,0.0,258.8825,69.3525,0.0,0.0,28075.84621478807
31-10-2040 06:00:00,16573.791657503054,2.2822286683599495,9424.24438732913,349.934,2879.1659999999997,0.0,521.7313500000001,0.0,0.0,0.0,257.3195,69.0705,0.0,0.0,30629.593372172432
31-10-2040 07:00:00,15198.204964819515,83.3608357680101,14266.442118862176,350.51800000000003,3600.893,0.0,531.9856500000001,0.0,0.0,0.0,258.947,68.942,0.0,0.0,35009.331369209074
31-10-2040 08:00:00,14995.069548058544,2784.3189753991387,14007.72644202932,357.788,4358.925,0.0,540.9828000000001,0.0,0.0,0.0,250.7805,66.1705,0.0,0.0,38081.66409135073
31-10-2040 09:00:00,14117.269439085405,8415.69117395328,10110.25789798607,358.72900000000004,4880.272,0.0,536.9218500000001,0.0,0.0,0.0,248.498,66.167,0.0,0.0,39493.33390073846
31-10-2040 10:00:00,15025.84424268493,13262.701399315678,5369.136849770801,355.472,4766.624,0.0,529.5057,0.0,0.0,0.0,250.4435,65.2475,0.0,0.0,40454.90721649616
31-10-2040 11:00:00,15662.18463565707,15238.63551113242,3357.2149761594064,353.798,4215.2390000000005,0.0,530.3655000000001,0.0,0.0,0.0,249.0435,65.8125,0.0,0.0,40589.04558160611
31-10-2040 12:00:00,16290.433956471565,14552.744674418158,3409.921981643047,372.041,4139.496,0.0,529.06455,0.0,0.0,0.0,238.4655,65.1315,0.0,0.0,40548.70876805107
31-10-2040 13:00:00,17817.09782918475,13364.50394067399,3408.6388959245596,376.202,3893.6490000000003,0.0,535.62615,0.0,0.0,0.0,235.3395,64.9405,0.0,0.0,40589.72297670442
31-10-2040 14:00:00,18262.497428012106,11254.816086141898,4905.912526858592,378.915,2980.384,0.0,540.8202000000001,0.0,0.0,0.0,246.5525,66.5355,0.0,0.0,39524.23070583142
31-10-2040 15:00:00,18631.615852764284,9183.753058978116,6009.405470782876,382.61300000000006,3192.637,0.0,539.3166000000001,0.0,0.0,0.0,249.86900000000003,63.312,0.0,0.0,39094.80313249061
31-10-2040 16:00:00,18930.710921199912,5459.1775047139035,8881.874762440311,382.144,3419.652,0.0,539.1147000000001,0.0,0.0,0.0,248.764,62.44,0.0,0.0,38740.50466460147
31-10-2040 17:00:00,18277.561828611553,1506.3790836136977,5142.054520011835,381.98199999999997,3638.518,0.0,545.5260000000001,7954.502659811963,0.0,0.0,255.1305,63.9455,0.0,0.0,38567.38576409592
31-10-2040 18:00:00,16235.869498536531,56.21204923917848,109.06407773413258,379.49,4246.402,0.0,549.3957,17339.597014579143,0.0,0.0,257.1935,65.9915,0.0,0.0,40035.55352380172
31-10-2040 19:00:00,15221.92897849782,1.406112449700443,99.70904604857441,375.514,4755.542,0.0,549.3711000000001,18347.641585957008,0.0,0.0,255.9735,68.0325,0.0,0.0,40493.74490745587
31-10-2040 20:00:00,13848.438538734665,2.552634908686958,100.83944571057933,376.532,4557.523,0.0,551.07465,19774.253492024374,0.0,0.0,256.753,68.624,0.0,0.0,40339.41488614851
31-10-2040 21:00:00,11810.211600941315,0.8112187209810247,98.95869454879524,375.85400000000004,2725.349,0.0,554.3448000000001,22513.8318271298,0.0,0.0,258.363,69.204,0.0,0.0,39165.292025720315
31-10-2040 22:00:00,9546.861796474841,0.8869324682725869,110.70120827910524,370.847,2502.364,0.0,556.1374500000001,22416.625736581336,0.0,0.0,265.5465,69.4625,0.0,0.0,36517.036534415965
31-10-2040 23:00:00,8912.254099643535,1.1681549582126758,93.01435149859681,365.68199999999996,2636.7790000000005,0.0,545.7288000000001,20061.220218834467,0.0,0.0,263.7825,70.2375,0.0,0.0,33549.00517384819
01-11-2040 00:00:00,8972.93714082589,1.1248899597603543,95.22642669924443,363.45300000000003,2760.107,0.0,537.9955500000001,17595.689736086973,0.0,0.0,260.125,69.658,0.0,0.0,31194.37832420753
01-11-2040 01:00:00,9645.47850674047,1.7197836884797724,93.5990409789442,361.94599999999997,2262.555,0.0,536.0544000000001,15405.194565086898,0.0,0.0,261.1875,70.0395,0.0,0.0,29132.911407925327
01-11-2040 02:00:00,9978.790456332272,2.1416174233899055,95.45055766671092,359.029,1500.771,0.0,536.0250000000001,14034.66560085002,0.0,0.0,258.971,68.547,0.0,0.0,27303.333833765755
01-11-2040 03:00:00,10574.872737407208,2.4552886621692345,95.77213688090198,364.119,1407.3770000000002,0.0,534.9432,12770.52250833635,0.0,0.0,260.5535,68.2595,0.0,0.0,26535.36569136002
01-11-2040 04:00:00,11565.797019200147,2.8338573986270466,95.88907477697147,363.332,1334.379,0.0,532.9990500000001,11385.477738471804,0.0,0.0,262.6725,69.8505,0.0,0.0,26066.887276377864
01-11-2040 05:00:00,12042.280722679037,3.2448748839240986,93.6672547516514,360.291,1310.476,0.0,532.1271,10904.40594640046,0.0,0.0,260.3025,67.8395,0.0,0.0,26034.590298220646
01-11-2040 06:00:00,13223.198230414746,4.95384232279079,99.6408322758672,346.467,1236.859,0.0,528.8997,10128.803275563982,0.0,0.0,260.1405,66.4255,0.0,0.0,26380.139544411886
01-11-2040 07:00:00,14130.914421194477,107.0159736718168,92.94613772588961,345.5,1162.589,0.0,531.5725500000001,9791.184761793711,0.0,0.0,263.8515,69.0185,0.0,0.0,27003.550977656047
01-11-2040 08:00:00,13006.93996096214,5979.9582910844965,119.11099197143515,344.22,1419.055,0.0,533.4585000000001,5881.478614142187,0.0,0.0,254.889,69.444,0.0,0.0,28190.764563457178
01-11-2040 09:00:00,10547.441184432842,15795.59410161146,0.0,354.366,2373.4139999999998,0.0,529.1211000000001,0.0,0.0,0.0,255.108,69.67699999999999,0.0,0.0,30611.345367478887
01-11-2040 10:00:00,8664.591198863669,18599.500032115426,0.0,349.19699999999995,2983.1490000000003,0.0,528.1143000000001,0.0,0.0,0.0,256.665,67.288,0.0,0.0,32374.713429633834
01-11-2040 11:00:00,8395.982007453162,19546.928560214656,0.0,349.45099999999996,2499.8360000000002,0.0,528.85995,0.0,0.0,0.0,262.8395,66.5935,0.0,0.0,32879.25857671396
01-11-2040 12:00:00,8569.392980258208,19362.673152749765,0.0,353.13699999999994,1979.5,0.0,525.45015,0.0,0.0,0.0,265.55400000000003,68.733,0.0,0.0,32606.890320581828
01-11-2040 13:00:00,13401.921906296167,26234.188330898796,0.0,351.705,1516.3229999999999,0.0,524.0475000000001,0.0,0.0,0.0,266.4775,68.6985,0.0,-11344.926166639649,32696.247327032703
01-11-2040 14:00:00,16167.227730696144,27349.248355646178,0.0,354.17400000000004,1348.844,0.0,526.73595,0.0,0.0,0.0,256.83,68.778,0.0,-12200.0,32497.06229290396
01-11-2040 15:00:00,18562.17663205643,22168.303207564557,0.0,357.80199999999996,1337.9460000000001,0.0,521.54115,0.0,0.0,0.0,256.5305,69.8095,0.0,-12200.0,31103.35368336585
01-11-2040 16:00:00,19904.039998092965,14560.407703754718,0.0,357.216,1297.958,0.0,520.6194,0.0,0.0,0.0,263.1455,69.6325,0.0,-8858.44615513776,30164.606834064347
01-11-2040 17:00:00,20047.039086185756,4693.343767109364,0.0,356.792,1401.94,889.6315253353423,523.4874,0.0,0.0,0.0,265.2425,70.1445,0.0,0.0,29912.196995949176
01-11-2040 18:00:00,21028.565038464796,76.30864102028173,0.0,353.885,2405.437,6407.290425794417,529.8718500000001,0.0,0.0,0.0,266.4595,69.3965,0.0,0.0,32275.776174220016
01-11-2040 19:00:00,23665.593197929076,2.855489897853207,0.0,351.889,2355.133,6017.593574233011,531.2697000000001,0.0,0.0,0.0,269.418,69.096,0.0,0.0,34180.21353255105
01-11-2040 20:00:00,24929.974059948738,1.9685574295806199,0.0,353.731,2266.7,5807.05364077133,536.70645,0.0,0.0,0.0,270.361,68.53699999999999,0.0,0.0,35115.570430435335
01-11-2040 21:00:00,26019.762580027425,1.3736637008612018,0.0,352.709,2421.4210000000003,4574.26541174544,537.4827,0.0,0.0,0.0,271.8725,69.3825,0.0,0.0,34999.87052926676
01-11-2040 22:00:00,27292.528453728624,1.2114199566649968,0.0,355.11800000000005,2080.152,34.16542212046261,535.6674,0.0,0.0,0.0,270.5975,69.7485,0.0,0.0,33547.69985841714
01-11-2040 23:00:00,28097.711656524487,1.0335690239256594,0.0,350.272,1448.22,0.0,529.6848000000001,0.0,0.0,0.0,262.0185,65.1315,0.0,0.0,31336.024205997233
02-11-2040 00:00:00,26052.429520220197,1.0907797107403137,0.0,350.47,1065.445,0.0,522.2428500000001,0.0,0.0,0.0,250.13400000000001,65.126,0.0,0.0,28829.665690217575
02-11-2040 01:00:00,24205.92988655098,1.326005360205085,0.0,347.48400000000004,954.313,0.0,523.5906000000001,0.0,0.0,0.0,246.95,65.291,0.0,0.0,26829.67991191781
02-11-2040 02:00:00,22845.44235748628,1.4793342635037414,0.0,349.19199999999995,953.118,0.0,524.3268,0.0,0.0,0.0,252.96099999999998,65.126,0.0,0.0,25453.193356671745
02-11-2040 03:00:00,22346.93394642791,1.3062650602736396,0.0,345.189,921.941,0.0,524.07045,0.0,0.0,0.0,252.074,64.086,0.0,0.0,24907.12809356115
02-11-2040 04:00:00,22282.228021884323,1.091807118600188,0.0,343.131,883.105,0.0,523.4413500000002,0.0,0.0,0.0,252.8325,65.6785,0.0,0.0,24805.072067963858
02-11-2040 05:00:00,22559.26506595708,1.3853462512647823,0.0,339.655,1153.649,0.0,522.6712500000001,0.0,0.0,0.0,250.7435,64.8415,0.0,0.0,25366.36179520843
02-11-2040 06:00:00,23708.32272240216,2.152433673002985,0.0,338.963,1418.361,571.5805475089182,521.2206000000001,0.0,0.0,0.0,251.364,64.862,0.0,0.0,27411.258012946586
02-11-2040 07:00:00,22583.11062206922,48.50006326505219,0.0,340.778,1427.999,4542.5930928717535,531.5262,0.0,0.0,0.0,248.91299999999998,64.166,0.0,0.0,30398.594947820475
02-11-2040 08:00:00,20508.53574157149,2027.365378726938,0.0,344.165,2347.984,6103.738990989459,535.6629,0.0,0.0,0.0,252.5075,63.8035,0.0,0.0,32879.22918944721
02-11-2040 09:00:00,19549.198355720957,8464.18042096872,0.0,340.545,3379.1929999999998,2065.127043865843,540.9829500000001,0.0,0.0,0.0,245.1095,62.3705,0.0,0.0,35401.162584617625
02-11-2040 10:00:00,18405.175982110595,12993.769199770992,0.0,344.344,3311.64,0.0,541.3203000000001,0.0,0.0,0.0,236.074,63.227,0.0,0.0,36683.978157050944
02-11-2040 11:00:00,17769.845599970522,13949.659935112584,0.0,350.11199999999997,2960.223,0.0,537.48675,0.0,0.0,0.0,241.183,61.213,0.0,0.0,36724.138275014746
02-11-2040 12:00:00,23451.72227306893,19089.0089118468,0.0,359.36199999999997,2188.965,0.0,537.9286500000001,0.0,0.0,0.0,244.628,62.887,0.0,-10149.850965942449,36684.32485240056
02-11-2040 13:00:00,30166.338099609566,21130.47038741288,0.0,363.29900000000004,1606.8010000000002,0.0,539.81565,0.0,0.0,0.0,248.643,63.407,0.0,-12200.0,36773.6331280673
02-11-2040 14:00:00,31387.27431670906,19403.638688648214,0.0,369.7,1599.15,0.0,538.6963500000002,0.0,0.0,0.0,247.3625,62.2185,0.0,-12200.0,36075.07250187273
02-11-2040 15:00:00,31456.22062193442,16621.856106532166,0.0,376.519,1582.114,0.0,536.7249,0.0,0.0,0.0,244.8365,63.7675,0.0,-12200.0,34804.72382637751
02-11-2040 16:00:00,29867.9460844692,11833.501237808596,0.0,377.264,1676.152,0.0,537.6067500000001,0.0,0.0,0.0,245.77,65.328,0.0,-11502.820992887016,34130.70379986974
02-11-2040 17:00:00,26945.36194115388,3452.3845393339525,0.0,378.898,1881.786,0.0,539.7688500000002,0.0,0.0,0.0,254.5585,65.0565,0.0,-608.411697668409,33921.54457860724
02-11-2040 18:00:00,26568.799066778454,55.563074262393656,0.0,383.05,3218.284,3847.358669846253,543.4779000000001,0.0,0.0,0.0,248.0905,64.2625,0.0,0.0,35824.64314234259
02-11-2040 19:00:00,27644.675738601374,1.1573387085995952,0.0,382.42,3468.6040000000003,3856.47380840018,545.9130000000001,0.0,0.0,0.0,243.8195,63.6445,0.0,0.0,37027.82331376097
02-11-2040 20:00:00,26716.457266030196,0.8436674698202657,0.0,384.534,3103.357,5555.371736364203,547.0491000000001,0.0,0.0,0.0,246.1495,64.9005,0.0,0.0,37426.6297271312
02-11-2040 21:00:00,25437.669499714535,1.1248899597603543,0.0,386.093,2538.972,6766.326824505479,549.5497500000001,0.0,0.0,0.0,234.574,53.824,0.0,0.0,36728.8856205636
02-11-2040 22:00:00,24298.050495085598,0.8869324682725869,0.0,386.292,2252.905,3704.4689608838853,545.6973,0.0,0.0,0.0,247.69099999999997,57.821000000000005,0.0,0.0,34641.873729654755
02-11-2040 23:00:00,23728.538799920334,0.9085649674987477,0.0,386.944,1873.796,0.0,537.4863000000001,0.0,0.0,0.0,252.16099999999997,63.35,0.0,0.0,31941.634023410017
03-11-2040 00:00:00,23202.313567273424,1.114073710147274,0.0,385.523,1590.989,0.0,532.26765,0.0,0.0,0.0,258.5185,63.5445,0.0,0.0,29713.113515286568
03-11-2040 01:00:00,23442.361600034674,1.6332536915751297,0.0,386.517,1463.3020000000001,0.0,526.0557000000001,0.0,0.0,0.0,263.64799999999997,64.212,0.0,0.0,27762.708891886025
03-11-2040 02:00:00,23243.027978750873,1.8639688646744446,0.0,387.02099999999996,1448.9520000000002,0.0,524.8476000000002,0.0,0.0,0.0,270.075,65.993,0.0,0.0,26405.95086439294
03-11-2040 03:00:00,22395.86536878498,2.1700372117645905,0.0,382.714,1489.8370000000002,0.0,521.9112,0.0,0.0,0.0,264.857,69.183,0.0,0.0,25577.34786288923
03-11-2040 04:00:00,22374.263262958608,2.5330478703404484,0.0,384.99800000000005,1453.2939999999999,0.0,518.2911000000001,0.0,0.0,0.0,259.29900000000004,69.13600000000001,0.0,0.0,25511.175549956446
03-11-2040 05:00:00,21871.831121005984,2.95283614437093,0.0,374.015,1417.981,662.625074800726,517.7143500000001,0.0,0.0,0.0,260.4195,69.7355,0.0,0.0,25636.5531616562
03-11-2040 06:00:00,21527.863863673112,4.845679826659987,0.0,386.4,1420.095,175.27578548116253,518.16615,0.0,0.0,0.0,263.5865,69.1965,0.0,0.0,26359.107933172207
03-11-2040 07:00:00,20530.90995401508,176.51037743585792,1316.7990668987059,387.93199999999996,1430.789,0.0,521.1304500000001,0.0,0.0,0.0,269.8325,70.3205,0.0,0.0,27530.33298590366
03-11-2040 08:00:00,17836.412750004678,5733.358616155877,2096.7601748607194,391.481,1611.5729999999999,0.0,523.5219000000001,0.0,0.0,0.0,268.1675,69.0695,0.0,0.0,29141.626406477153
03-11-2040 09:00:00,12965.897307127756,15141.24238957864,0.0,394.051,1928.656,0.0,519.9837000000001,0.0,0.0,0.0,269.9785,68.3385,0.0,0.0,31984.8690166525
03-11-2040 10:00:00,10017.426090933717,19803.28022061549,0.0,396.00800000000004,1956.8429999999998,0.0,517.8297,0.0,0.0,0.0,269.5165,68.9965,0.0,0.0,33939.6259314589
03-11-2040 11:00:00,7810.065941559185,22092.991203800808,0.0,393.031,1763.934,0.0,515.54055,0.0,0.0,0.0,269.346,68.88600000000001,0.0,0.0,34074.75751178713
03-11-2040 12:00:00,5970.475773533195,23557.39156328251,0.0,391.69599999999997,1749.886,0.0,510.3712500000001,0.0,0.0,0.0,266.8055,68.9285,0.0,0.0,33776.11815514594
03-11-2040 13:00:00,4849.584838361682,24638.56870046992,0.0,387.75800000000004,1701.744,0.0,508.4590500000001,0.0,0.0,0.0,267.127,69.456,0.0,0.0,33739.99934434737
03-11-2040 14:00:00,4129.023195994643,24743.1152714759,0.0,386.332,1655.0710000000001,0.0,508.43760000000015,0.0,0.0,0.0,268.013,70.11,0.0,0.0,33146.89362294456
03-11-2040 15:00:00,3437.909940152262,23820.41731304337,0.0,387.79,1635.086,0.0,509.0067,0.0,0.0,0.0,265.849,70.25399999999999,0.0,0.0,31731.19292213171
03-11-2040 16:00:00,3089.9889657812178,17743.019130295426,0.0,392.216,1744.8129999999999,5183.16417907,510.3921000000001,0.0,0.0,0.0,258.8335,70.9705,0.0,0.0,30883.27281460967
03-11-2040 17:00:00,2669.5587559833893,5477.035132825099,4566.324503358745,395.579,2287.712,8000.0,513.171,0.0,0.0,0.0,267.902,69.921,0.0,0.0,30853.154586090426
03-11-2040 18:00:00,2911.1731769969597,68.12074006317991,11261.78129718604,395.33099999999996,3446.79,8000.0,517.13655,0.0,0.0,0.0,268.5265,68.7425,0.0,0.0,32978.1776045826
03-11-2040 19:00:00,3380.118878738157,2.2173311706814673,15068.507412979638,384.07199999999995,3859.861,2546.8358209299986,518.2116000000001,3161.6589365155705,0.0,0.0,269.008,69.949,0.0,0.0,34580.74895878059
03-11-2040 20:00:00,4195.367883502101,1.3736637008612018,15068.507412979638,376.441,3446.8520000000003,0.0,520.4013000000001,10668.544593716997,0.0,0.0,267.75,68.733,0.0,0.0,35412.59051147912
03-11-2040 21:00:00,5104.948269683358,1.016727463629551,15068.507412979638,376.745,2918.7009999999996,0.0,522.7884,9946.109474038756,0.0,0.0,265.9795,69.7095,0.0,0.0,34991.964238536835
03-11-2040 22:00:00,6049.3720923217115,0.5840774791063379,15068.507412979638,376.26599999999996,2445.081,0.0,520.5945,7808.953302561389,0.0,0.0,266.153,70.051,0.0,0.0,33248.113041416065
03-11-2040 23:00:00,6066.2039976898195,0.8436674698202657,15068.507412979638,374.714,2067.859,0.0,518.787,5989.554661583956,0.0,0.0,269.137,69.742,0.0,0.0,30998.70785838672
04-11-2040 00:00:00,5968.209975099804,0.8004024713679445,15068.507412979638,370.274,1867.401,0.0,515.8714500000001,3978.1995516589996,0.0,0.0,269.752,69.8,0.0,0.0,28625.092370532104
04-11-2040 01:00:00,6864.84541935389,1.1357062093734345,15068.507412979638,372.86199999999997,1812.6570000000002,0.0,515.7268500000001,1307.7122982221154,0.0,0.0,271.0735,69.5545,0.0,0.0,26756.58038782606
04-11-2040 02:00:00,7447.592128344903,0.7787699721417838,14662.209721766976,370.99300000000005,1460.77,0.0,516.3699,0.0,0.0,0.0,263.704,66.985,0.0,0.0,25235.699311371645
04-11-2040 03:00:00,8790.102889340009,1.081624961308033,6084.91853964101,371.392,1295.157,0.0,514.3035000000001,6729.4089720799,0.0,0.0,261.0985,64.1835,0.0,0.0,24544.64843380112
04-11-2040 04:00:00,9835.390512551636,0.9842787147903099,0.0,374.48699999999997,1334.996,0.0,513.3339,11253.758763678987,0.0,0.0,265.0005,66.9295,0.0,0.0,24074.226367315052
04-11-2040 05:00:00,10858.292320443727,1.3195824527958,0.0,370.084,1322.5729999999999,0.0,513.51345,10277.12354606663,0.0,0.0,267.5785,70.5725,0.0,0.0,24116.653396717084
04-11-2040 06:00:00,12325.680967588985,2.812224899400886,0.0,370.56300000000005,1271.531,0.0,513.4515000000001,9224.788062801344,0.0,0.0,266.435,70.008,0.0,0.0,24500.58576121009
04-11-2040 07:00:00,14332.8238007308,125.54420925902339,7.79585973796516,370.874,1225.406,0.0,514.9285500000001,7682.232437045285,0.0,0.0,263.2085,69.2705,0.0,0.0,25064.524434360716
04-11-2040 08:00:00,15589.805895524083,5637.548277083212,93.93036501780772,368.11,1355.713,0.0,517.76835,1377.817020236011,0.0,0.0,265.246,69.441,0.0,0.0,25817.388265634545
04-11-2040 09:00:00,12186.676458076723,12590.254393675086,0.0,369.342,1672.162,0.0,514.5298500000001,0.0,0.0,0.0,253.9305,69.1875,0.0,0.0,28317.37309244428
04-11-2040 10:00:00,10652.207037058246,15706.181727566778,0.0,374.74,1807.685,0.0,510.3552000000001,0.0,0.0,0.0,245.34900000000002,68.008,0.0,0.0,30184.885536089874
04-11-2040 11:00:00,10558.640096097484,16691.681083860814,0.0,363.76099999999997,1908.747,0.0,507.06255000000004,0.0,0.0,0.0,250.6935,69.0365,0.0,0.0,31187.807852147584
04-11-2040 12:00:00,10748.782471842875,16628.51793118225,0.0,373.07599999999996,1728.215,0.0,503.38665000000003,0.0,0.0,0.0,248.2715,67.4935,0.0,0.0,31128.333232100453
04-11-2040 13:00:00,17134.569002865108,23668.920772367346,0.0,372.44599999999997,1654.7979999999998,0.0,502.1316000000001,0.0,0.0,0.0,251.243,69.668,0.0,-12200.0,31551.231252360307
04-11-2040 14:00:00,20520.248165132893,23879.75426198279,0.0,364.173,1522.443,0.0,499.7802000000001,0.0,0.0,0.0,249.6035,68.3055,0.0,-12200.0,31480.932446387756
04-11-2040 15:00:00,21917.259328975022,18696.821053954318,0.0,364.415,1644.5279999999998,0.0,497.5363500000001,0.0,0.0,0.0,251.2025,68.7575,0.0,-12200.0,30093.931573484715
04-11-2040 16:00:00,21749.342158900774,10148.691631336262,0.0,368.75800000000004,1640.0620000000001,0.0,498.4176000000001,0.0,0.0,0.0,257.346,69.94,0.0,-6347.877052605769,29319.295125460052
04-11-2040 17:00:00,21377.877353982112,1864.1589883151687,0.0,370.22900000000004,2210.344,1992.3448012427762,501.6555000000001,0.0,0.0,0.0,260.97900000000004,70.187,0.0,0.0,29444.27210315605
04-11-2040 18:00:00,21704.622075790132,10.5566596223664,0.0,370.218,3332.56,5162.73819538164,506.6676000000001,0.0,0.0,0.0,262.493,70.079,0.0,0.0,32140.97306169618
04-11-2040 19:00:00,24018.41344960653,1.178971207825756,0.0,383.56699999999995,3790.89,4440.000852387962,512.4811500000001,0.0,0.0,0.0,264.5025,69.3815,0.0,0.0,34216.83490281022
04-11-2040 20:00:00,26591.262234604266,0.7030562248502215,0.0,373.499,2517.092,4136.748254015405,512.6518500000001,0.0,0.0,0.0,265.7525,68.6885,0.0,0.0,35206.62817845095
04-11-2040 21:00:00,26695.301355560634,0.7138724744633017,0.0,371.591,2149.172,4211.815998183611,512.52525,0.0,0.0,0.0,269.8555,69.4375,0.0,0.0,34979.846268892616
04-11-2040 22:00:00,26250.48190053043,0.6381587271717395,0.0,377.027,1936.3020000000001,3335.2191914778123,509.29440000000005,0.0,0.0,0.0,262.33799999999997,67.398,0.0,0.0,33362.02850310825
04-11-2040 23:00:00,27345.52346217647,0.6430441971452759,0.0,365.894,1546.17,0.0,502.49325000000005,0.0,0.0,0.0,263.714,68.872,0.0,0.0,30641.447228406534
05-11-2040 00:00:00,25179.709507947147,0.9999006531505599,0.0,377.7,1287.911,0.0,492.64680000000004,0.0,0.0,0.0,264.505,69.648,0.0,0.0,28162.644297086725
05-11-2040 01:00:00,23526.630189044037,1.6182866965161091,0.0,378.546,1012.946,0.0,491.1583500000001,0.0,0.0,0.0,267.053,69.67,0.0,0.0,26200.20354200005
05-11-2040 02:00:00,22653.625495839296,1.406361206534139,0.0,383.32,827.0110000000001,0.0,490.03890000000007,0.0,0.0,0.0,267.031,70.067,0.0,0.0,25125.1961205398
05-11-2040 03:00:00,22155.420735760425,1.3439772411269264,0.0,385.811,860.715,0.0,489.3775500000001,0.0,0.0,0.0,264.8145,69.8095,0.0,0.0,24651.27027347667
05-11-2040 04:00:00,31619.06452486307,2.261681776373689,0.0,385.626,1001.5419999999999,0.0,490.26015000000007,0.0,0.0,0.0,265.42900000000003,70.411,0.0,-9624.899870963181,24637.31132176685
05-11-2040 05:00:00,31735.213332750936,3.139000115602024,0.0,382.86199999999997,1317.787,0.0,492.4942500000001,0.0,0.0,0.0,264.9555,70.0685,0.0,-9380.891628812558,25334.560308688186
05-11-2040 06:00:00,28751.825679419795,3.265943247986731,0.0,387.38699999999994,2637.357,0.0,502.1184,0.0,0.0,0.0,262.436,69.786,0.0,-4220.901259294958,28915.19044828698
05-11-2040 07:00:00,25129.75624556216,29.9718276778456,0.0,390.67699999999996,3096.705,3626.784684764407,525.8443500000001,0.0,0.0,0.0,262.401,68.46300000000001,0.0,0.0,33748.639200774094
05-11-2040 08:00:00,25648.756754121838,1369.75903475088,0.0,378.06800000000004,3515.423,4478.988323998961,533.3131500000001,0.0,0.0,0.0,262.4015,68.5315,0.0,0.0,36945.13684487333
05-11-2040 09:00:00,26649.276614319715,5994.538595562928,0.0,366.673,3764.1440000000002,348.99943132557746,528.4284,0.0,0.0,0.0,257.9015,67.8795,0.0,0.0,38713.95866295143
05-11-2040 10:00:00,26172.392878892595,7928.183931694374,0.0,362.03,3480.219,0.0,532.3990500000001,0.0,0.0,0.0,259.197,68.555,0.0,0.0,39603.695363106555
05-11-2040 11:00:00,26332.065214171816,8285.112461571434,0.0,361.421,3154.467,0.0,529.72125,0.0,0.0,0.0,255.2885,67.3715,0.0,-112.60068107823463,39773.6341149601
05-11-2040 12:00:00,32996.05260789139,10368.451405393542,0.0,359.048,3314.76,0.0,534.3748500000002,0.0,0.0,0.0,246.9135,67.2575,0.0,-8665.763438281225,40186.62379044332
05-11-2040 13:00:00,33174.71162793728,11137.310935178419,0.0,364.78,3253.295,0.0,538.2850500000001,0.0,0.0,0.0,247.7385,67.7835,0.0,-9300.653531648037,40448.81326454657
05-11-2040 14:00:00,32381.093496892598,11087.169569486578,0.0,369.718,2737.515,0.0,546.1242000000001,0.0,0.0,0.0,251.3825,68.5135,0.0,-9160.861322714412,39226.5466213552
05-11-2040 15:00:00,33462.735190898646,9818.747908079877,0.0,370.164,2649.187,0.0,547.9186500000001,0.0,0.0,0.0,247.097,69.097,0.0,-9442.765272837845,38676.59628718113
05-11-2040 16:00:00,34337.590588094245,7156.917046662333,0.0,365.514,2495.464,0.0,546.65925,0.0,0.0,0.0,241.747,69.447,0.0,-7775.322098434168,38389.39750508586
05-11-2040 17:00:00,34088.62282864637,2295.500197419964,0.0,355.17800000000005,2807.945,0.0,549.027,0.0,0.0,0.0,245.1525,68.8625,0.0,-2696.584032791914,38639.0746993833
05-11-2040 18:00:00,35678.626932142666,26.229405307427776,0.0,354.379,3469.553,0.0,552.2830500000001,0.0,0.0,0.0,243.3555,68.3745,0.0,-788.9329318619166,40424.628659977265
05-11-2040 19:00:00,36355.81332166434,2.2281474202802256,0.0,354.861,3655.615,0.0,552.97065,0.0,0.0,0.0,240.9085,66.9695,0.0,-389.1347519196388,41662.90801563498
05-11-2040 20:00:00,38253.40566800116,1.3628474512477884,0.0,357.26099999999997,2456.511,0.0,554.1675,0.0,0.0,0.0,242.898,67.66199999999999,0.0,-998.7185236549558,41759.67358923448
05-11-2040 21:00:00,39303.93779114803,0.9410137163379795,0.0,356.099,2295.9570000000003,0.0,554.4432,0.0,0.0,0.0,250.4875,69.3845,0.0,-3175.2836038476707,40430.859876502014
05-11-2040 22:00:00,39877.719344660705,1.168154958212675,0.0,358.00699999999995,1858.365,0.0,555.6597,0.0,0.0,0.0,255.924,70.755,0.0,-6423.958375528178,37222.36739168633
05-11-2040 23:00:00,42178.56190892465,1.0491762124687918,0.0,368.534,1600.797,0.0,547.6588500000001,0.0,0.0,0.0,260.488,70.96,0.0,-11989.174576199493,33612.48985384018
06-11-2040 00:00:00,45638.342266262734,1.4277449489266034,0.0,393.04900000000004,1304.914,0.0,528.4210500000002,0.0,0.0,0.0,258.26099999999997,70.652,0.0,-12200.0,30734.095980724964
06-11-2040 01:00:00,45262.8538626178,1.6332536915751297,0.0,398.19800000000004,925.6360000000001,0.0,525.7446000000001,0.0,0.0,0.0,254.2165,70.4075,0.0,-12200.0,28821.268371739305
06-11-2040 02:00:00,44892.24640211961,2.001006178419861,0.0,398.256,859.012,0.0,522.9928500000001,0.0,0.0,0.0,251.5495,69.5725,0.0,-12200.0,27511.343975698976
06-11-2040 03:00:00,47446.64274674252,2.3146774171991904,0.0,391.635,899.5310000000001,0.0,517.9720500000001,0.0,0.0,0.0,252.4685,70.2175,0.0,-12200.0,27092.76699962464
06-11-2040 04:00:00,49265.28912493823,2.2065149210683868,0.0,394.712,793.257,0.0,518.6200500000001,0.0,0.0,0.0,254.2725,69.8225,0.0,-12200.0,26963.155761558213
06-11-2040 05:00:00,50622.81787502901,2.531002409460797,0.0,398.835,779.7639999999999,0.0,521.18775,0.0,0.0,0.0,250.1275,69.8305,0.0,-12200.0,27642.719937733724
06-11-2040 06:00:00,49457.37860380138,4.477927339815256,0.0,397.902,1277.261,0.0,523.5712500000001,0.0,0.0,0.0,240.15,69.719,0.0,-12200.0,30616.41150907346
06-11-2040 07:00:00,47676.460910547285,68.92114253454787,0.0,396.48800000000006,2025.378,0.0,527.5122000000001,0.0,0.0,0.0,233.7895,66.8105,0.0,-12200.0,35459.72322346952
06-11-2040 08:00:00,47891.454466522104,3584.094104289524,0.0,402.401,2261.69,0.0,537.4815000000001,0.0,0.0,0.0,229.3885,66.9505,0.0,-12200.0,38424.16561758573
06-11-2040 09:00:00,47096.91272769124,12465.035439099844,0.0,400.19300000000004,2147.709,0.0,540.8896500000001,0.0,0.0,0.0,228.456,68.447,0.0,-12200.0,39741.34866851516
06-11-2040 10:00:00,46847.4973064186,18704.107805915293,0.0,387.157,1883.545,0.0,536.2728000000001,0.0,0.0,0.0,220.078,67.527,0.0,-12200.0,40209.24529001365
06-11-2040 11:00:00,46433.266899999704,21818.20341576763,0.0,382.856,1795.849,0.0,532.3551000000001,0.0,0.0,0.0,221.2705,67.7705,0.0,-12200.0,40150.51093149625
06-11-2040 12:00:00,45251.057605409,22502.720588781038,0.0,384.935,1885.3970000000002,0.0,536.331,0.0,0.0,0.0,217.8775,67.6505,0.0,-12200.0,40081.970153659095
06-11-2040 13:00:00,43205.14956374133,20862.793271194638,0.0,392.69,2187.131,0.0,537.8740500000001,0.0,0.0,0.0,216.4645,69.8715,0.0,-12200.0,40126.43346025389
06-11-2040 14:00:00,42412.8201065903,17445.875120924884,0.0,396.57599999999996,2156.371,0.0,536.0283000000001,0.0,0.0,0.0,213.12599999999998,65.305,0.0,-12200.0,39126.70096460696
06-11-2040 15:00:00,40119.92937997272,13145.626313503695,0.0,398.26599999999996,2069.306,0.0,536.1141000000001,0.0,0.0,0.0,212.3885,58.5745,0.0,-12200.0,38511.76236395689
06-11-2040 16:00:00,37394.10441091598,8063.243680311059,0.0,397.96,2554.501,0.0,539.7562500000001,0.0,0.0,0.0,214.203,58.38,0.0,-12114.36189755439,38224.41069367632
06-11-2040 17:00:00,36204.863773503756,1878.079501567203,0.0,398.84,3208.877,0.0,539.7285,0.0,0.0,0.0,212.32,56.355,0.0,-5139.933153046099,38437.21207606319
06-11-2040 18:00:00,35838.21289370215,18.50660308798044,0.0,398.19300000000004,4410.25,0.0,539.4345000000001,0.0,0.0,0.0,214.458,60.104,0.0,-1740.8448526039938,40670.1157508221
06-11-2040 19:00:00,38353.948455682694,1.7522324373190132,0.0,398.44199999999995,4369.9890000000005,0.0,539.6434500000001,0.0,0.0,0.0,221.3535,67.7535,0.0,-2847.616761446712,42001.784120327946
06-11-2040 20:00:00,40661.71020163401,1.0491762124687918,0.0,401.92199999999997,3045.454,0.0,541.9362000000001,0.0,0.0,0.0,221.7575,67.9415,0.0,-3533.8902286105294,42296.53914988708
06-11-2040 21:00:00,43235.7347447273,0.9410137163379886,0.0,399.971,2566.967,0.0,537.2181,0.0,0.0,0.0,225.195,71.164,0.0,-6952.257288926296,40881.55601917014
06-11-2040 22:00:00,43582.169547010744,0.6489749767848197,0.0,391.384,2351.8,0.0,535.3044000000001,0.0,0.0,0.0,225.236,71.683,0.0,-10055.35767388389,37786.754685643435
06-11-2040 23:00:00,44915.81184316001,0.5948937287194181,0.0,390.902,1810.309,0.0,526.05915,0.0,0.0,0.0,228.8675,73.2385,0.0,-12200.0,34269.30121772175
07-11-2040 00:00:00,46272.71403794987,0.6706074760109804,0.0,386.149,1637.606,0.0,506.22015000000005,0.0,0.0,0.0,228.453,73.17699999999999,0.0,-12200.0,31693.883369043422
07-11-2040 01:00:00,45551.24334418328,0.7246887240763821,0.0,381.337,1504.476,0.0,504.4153500000001,0.0,0.0,0.0,228.2615,72.5925,0.0,-12200.0,29467.37347075319
07-11-2040 02:00:00,45032.95834630676,0.8328512202071854,0.0,383.603,1605.535,0.0,502.1755500000001,0.0,0.0,0.0,236.449,73.071,0.0,-12200.0,28069.301782078393
07-11-2040 03:00:00,45631.1987623071,1.081624961308033,0.0,378.481,1513.741,0.0,501.21720000000005,0.0,0.0,0.0,239.507,72.043,0.0,-12200.0,27578.13788512232
07-11-2040 04:00:00,46891.7390723896,1.600804942735889,0.0,381.26599999999996,1396.721,0.0,502.1157000000001,0.0,0.0,0.0,252.169,73.038,0.0,-12200.0,27502.778517415973
07-11-2040 05:00:00,49005.48526207121,2.152433673002985,0.0,382.835,1499.588,0.0,503.7397500000001,0.0,0.0,0.0,257.8505,72.0645,0.0,-12200.0,28262.68376099931
07-11-2040 06:00:00,48536.38485531743,2.6716136544308413,0.0,385.861,1925.027,0.0,509.04345000000006,0.0,0.0,0.0,256.462,71.28399999999999,0.0,-12200.0,31153.692583358585
07-11-2040 07:00:00,47223.329928716514,53.58370058319995,0.0,388.522,2138.19,0.0,527.9398500000001,0.0,0.0,0.0,248.1355,71.8175,0.0,-12200.0,35778.78077865566
07-11-2040 08:00:00,44777.53650292091,2426.495805699215,0.0,397.60900000000004,2334.974,0.0,535.73895,0.0,0.0,0.0,246.139,69.571,0.0,-12200.0,38472.57351375897
07-11-2040 09:00:00,41658.80721342866,9490.361286760102,0.0,393.07800000000003,2361.08,0.0,533.3682000000001,0.0,0.0,0.0,242.5485,68.7455,0.0,-12200.0,39671.4512405278
07-11-2040 10:00:00,39977.817355421765,14845.302593952752,0.0,391.059,2418.117,0.0,532.1325,0.0,0.0,0.0,242.105,69.315,0.0,-12200.0,40133.7103426882
07-11-2040 11:00:00,40134.243461261176,18522.49215866206,0.0,382.695,2356.544,0.0,528.9199500000001,0.0,0.0,0.0,251.06400000000002,71.60600000000001,0.0,-12200.0,40247.90368144707
07-11-2040 12:00:00,38324.670532052965,20509.058643848457,0.0,373.296,2311.769,0.0,532.7908500000001,0.0,0.0,0.0,257.325,74.14399999999999,0.0,-12200.0,40310.86683045182
07-11-2040 13:00:00,36001.88692938067,20861.16001750306,0.0,391.839,2145.321,0.0,528.933,0.0,0.0,0.0,261.0635,76.5475,0.0,-12200.0,40076.662962079
07-11-2040 14:00:00,32464.046290322796,18896.550519031214,0.0,391.673,2126.863,0.0,530.0943000000001,0.0,0.0,0.0,260.3885,76.9715,0.0,-12200.0,38801.46315562448
07-11-2040 15:00:00,26582.181050366147,15470.741411579507,0.0,400.51,2412.928,0.0,531.7281000000002,0.0,0.0,0.0,268.0895,79.2125,0.0,-8501.530896716326,38091.16622226281
07-11-2040 16:00:00,20895.17450899773,9072.129362971127,0.0,401.31,2654.591,3156.461072425842,535.5585000000001,0.0,0.0,0.0,258.778,84.646,0.0,0.0,37886.06616372001
07-11-2040 17:00:00,15275.696705618093,2177.4732908572664,2175.745818881651,404.98900000000003,3424.948,8000.0,539.2249500000001,0.0,0.0,0.0,262.2455,89.3555,0.0,0.0,38135.404846463665
07-11-2040 18:00:00,13691.347201341181,15.15356570792554,7280.186586181902,413.13199999999995,4021.6620000000003,8000.0,541.3003500000001,0.0,0.0,0.0,249.361,73.339,0.0,0.0,40064.984313473295
07-11-2040 19:00:00,13101.476326521113,1.6224374419620493,12424.3027328055,411.819,4191.904,4573.538927574158,544.5546,0.0,0.0,0.0,252.9075,71.9385,0.0,0.0,41382.57283428581
07-11-2040 20:00:00,13434.36670495365,1.254684955117318,15068.507412979638,408.436,3726.187,0.0,548.3439000000001,7425.306794616892,0.0,0.0,251.5675,76.3725,0.0,0.0,41751.780318179706
07-11-2040 21:00:00,13318.57773829225,1.114073710147274,15068.507412979638,409.478,3225.863,0.0,547.4826,7018.949575601015,0.0,0.0,248.44,72.857,0.0,0.0,40675.625305353075
07-11-2040 22:00:00,12578.205959614374,0.7679537225287033,15068.507412979638,412.32099999999997,2886.204,0.0,546.249,5071.499372770333,0.0,0.0,247.231,71.243,0.0,0.0,37545.02098114774
07-11-2040 23:00:00,12105.110295910863,0.7030562248502215,9942.522055496018,407.167,2578.883,0.0,539.5291500000001,7479.822798755973,0.0,0.0,254.49200000000002,72.132,0.0,0.0,33949.57631118671
08-11-2040 00:00:00,11681.01357731502,0.7246887240763821,0.0,404.532,2285.9179999999997,0.0,526.8316500000001,15684.005778396697,0.0,0.0,246.0715,71.9295,0.0,0.0,31405.228615276123
08-11-2040 01:00:00,12082.496290697785,0.6922399752371411,0.0,401.155,1980.275,0.0,524.2791000000001,13465.320214239873,0.0,0.0,250.5235,71.5955,0.0,0.0,29238.901235370227
08-11-2040 02:00:00,12730.060532332205,0.7246887240763821,0.0,405.45099999999996,1844.236,0.0,519.9135000000001,11839.536843488018,0.0,0.0,255.293,71.023,0.0,0.0,28107.159649485686
08-11-2040 03:00:00,14238.705138705776,0.8652999690464263,0.0,406.10699999999997,1783.2089999999998,0.0,515.6238000000001,9936.007520623192,0.0,0.0,260.3745,76.8815,0.0,0.0,27649.878155128856
08-11-2040 04:00:00,16104.644839245511,0.9842787147903099,0.0,403.639,1761.979,0.0,511.23765000000003,7958.714748958095,0.0,0.0,262.971,79.375,0.0,0.0,27517.38250103156
08-11-2040 05:00:00,18470.40162678569,1.3952962000873625,0.0,410.392,1715.136,0.0,515.2554,6230.083431852432,0.0,0.0,268.4315,82.4315,0.0,0.0,28146.620052908092
08-11-2040 06:00:00,20619.57526434685,2.271412418746869,0.0,404.358,1945.598,0.0,519.6597,6551.995828484574,0.0,0.0,260.563,83.375,0.0,0.0,30911.547085137565
08-11-2040 07:00:00,22740.770500383915,36.93749242866933,0.0,403.67199999999997,2617.304,0.0,523.86255,8322.180105338699,0.0,0.0,258.664,82.186,0.0,0.0,35607.33546439245
08-11-2040 08:00:00,25540.730111466368,1875.278092917415,0.0,411.909,3147.12,0.0,525.7510500000001,5887.220665429129,0.0,0.0,256.2195,81.7755,0.0,0.0,38410.55150127193
08-11-2040 09:00:00,27424.774166102634,5753.195617946267,48.23688212865943,411.07300000000004,3854.36,0.0,520.8648000000001,574.7261357307749,0.0,0.0,255.6175,89.4625,0.0,0.0,39652.63966989583
08-11-2040 10:00:00,26003.273970112627,8844.231280273496,0.0,413.702,3506.048,0.0,518.5345500000001,0.0,0.0,0.0,255.4435,88.4215,0.0,0.0,40426.45513440488
08-11-2040 11:00:00,24673.423418115864,10547.334874104967,0.0,407.67699999999996,3142.4809999999998,0.0,518.5863,0.0,0.0,0.0,260.0225,86.0025,0.0,0.0,40465.50969595343
08-11-2040 12:00:00,24756.454322618712,10879.700279507648,0.0,407.66900000000004,2581.59,0.0,520.6116000000001,0.0,0.0,0.0,263.6535,88.5805,0.0,0.0,40322.587885999434
08-11-2040 13:00:00,25183.784595458877,10691.578523346445,0.0,410.51800000000003,2176.154,0.0,526.0476000000001,0.0,0.0,0.0,267.965,89.81299999999999,0.0,0.0,40185.452391670944
08-11-2040 14:00:00,26407.536122831953,9705.93899098175,0.0,411.11,2169.716,0.0,527.4252,0.0,0.0,0.0,270.3335,92.8495,0.0,-1478.722220166015,38963.856447744954
08-11-2040 15:00:00,32888.70787225192,8882.309040152935,0.0,413.94199999999995,2405.772,0.0,529.95645,0.0,0.0,0.0,263.3245,95.0935,0.0,-7897.097000537232,38412.381695606695
08-11-2040 16:00:00,31164.13167428697,4350.919340633011,0.0,412.12199999999996,2449.478,0.0,529.00995,0.0,0.0,0.0,263.276,95.814,0.0,-1723.7182652504962,38299.61456926233
08-11-2040 17:00:00,30333.363769389598,993.991706942856,0.0,409.07300000000004,2620.891,2643.98346603716,531.3388500000001,0.0,0.0,0.0,268.73,96.819,0.0,0.0,38600.14140680896
08-11-2040 18:00:00,31097.552384753322,9.301974667249082,0.0,408.587,3396.15,3876.040218880673,535.4865000000001,0.0,0.0,0.0,282.117,95.971,0.0,0.0,40470.422205381255
08-11-2040 19:00:00,32020.479945894447,1.611621192348969,0.0,410.64,3884.3070000000002,3578.541514233817,535.7832000000001,0.0,0.0,0.0,283.2685,96.3375,0.0,0.0,41617.9495893939
08-11-2040 20:00:00,31926.860207534977,0.757137472915623,0.0,414.449,4013.954,3739.2874483347114,537.2034,0.0,0.0,0.0,284.2655,96.5895,0.0,0.0,41821.86485749845
08-11-2040 21:00:00,31280.04628521154,0.7463212233025427,0.0,411.18699999999995,2663.8309999999997,4416.249498846944,535.3408500000002,0.0,0.0,0.0,284.145,96.529,0.0,0.0,40446.73048851394
08-11-2040 22:00:00,32963.56557017403,0.8436674698202657,0.0,410.986,2317.9120000000003,132.20953586637188,532.5010500000001,0.0,0.0,0.0,284.9,97.27,0.0,0.0,37399.4119102437
08-11-2040 23:00:00,30127.21533733798,0.7587458003520101,0.0,400.76300000000003,2011.745,0.0,523.95675,0.0,0.0,0.0,285.7595,97.0115,0.0,0.0,34017.56579877913
09-11-2040 00:00:00,28213.485027465736,0.5669657885670146,0.0,403.691,1743.109,0.0,509.52645000000007,0.0,0.0,0.0,282.4875,95.9635,0.0,0.0,31756.526978021
09-11-2040 01:00:00,26801.727751719452,1.4101759350475227,0.0,405.1,1310.882,0.0,507.19665000000003,0.0,0.0,0.0,273.975,96.587,0.0,0.0,29863.27612457518
09-11-2040 02:00:00,26551.06886182927,1.623081042210423,0.0,408.35900000000004,1583.434,0.0,504.91335000000015,0.0,0.0,0.0,269.3185,92.9525,0.0,-1448.7502847130236,28406.849879906502
09-11-2040 03:00:00,35916.578249375816,2.1817878778020288,0.0,400.525,1374.257,0.0,504.85635000000013,0.0,0.0,0.0,277.712,95.948,0.0,-11267.562605977917,27738.62621277362
09-11-2040 04:00:00,39974.428513692175,2.6051881263072865,0.0,403.09,1135.485,0.0,506.79495000000003,0.0,0.0,0.0,278.556,96.493,0.0,-12200.0,27851.92565783604
09-11-2040 05:00:00,41161.21032383225,3.093347415935973,0.0,401.417,1620.9560000000001,0.0,507.09900000000005,0.0,0.0,0.0,274.0665,92.4235,0.0,-12200.0,28376.417691220882
09-11-2040 06:00:00,42286.658302835654,3.9911906442357186,0.0,402.841,2130.354,0.0,516.5070000000001,0.0,0.0,0.0,281.911,95.889,0.0,-12200.0,31112.231613852364
09-11-2040 07:00:00,42821.28930598813,46.390892084766776,0.0,399.01,2879.062,0.0,520.0581000000001,0.0,0.0,0.0,277.1625,95.6125,0.0,-12200.0,35310.31017547858
09-11-2040 08:00:00,42410.45303423142,3441.1249099529687,0.0,400.194,4083.103,0.0,527.4765000000001,0.0,0.0,0.0,266.714,95.196,0.0,-12200.0,37812.70699010676
09-11-2040 09:00:00,43281.77882130859,14267.996086185722,0.0,404.02,4255.246,0.0,534.9988500000001,0.0,0.0,0.0,261.928,94.851,0.0,-12200.0,39039.01605643549
09-11-2040 10:00:00,44674.01564365755,22113.61682515102,0.0,401.277,3735.0879999999997,0.0,535.9203000000001,0.0,0.0,0.0,247.1165,96.2065,0.0,-12200.0,39725.81508009413
09-11-2040 11:00:00,47499.95796169722,26661.957949994365,0.0,396.39300000000003,3060.785,0.0,539.2891500000001,0.0,0.0,0.0,252.273,95.771,0.0,-12200.0,39523.51759962415
09-11-2040 12:00:00,48655.14802584542,27888.520656119716,0.0,401.37,2683.0840000000003,0.0,532.4652000000001,0.0,0.0,0.0,256.4055,95.1105,0.0,-12200.0,39524.19834263891
09-11-2040 13:00:00,50035.01617975211,26455.62717237737,0.0,402.955,2439.433,0.0,533.83245,0.0,0.0,0.0,253.27,94.28299999999999,0.0,-12200.0,39374.95678236917
09-11-2040 14:00:00,51023.979575510675,24194.111622026474,0.0,405.405,2071.847,0.0,533.2017000000001,0.0,0.0,0.0,249.989,93.851,0.0,-12200.0,38352.54550058125
09-11-2040 15:00:00,50767.258210019194,19101.59416294638,0.0,400.58,2167.928,0.0,536.4645,0.0,0.0,0.0,248.02599999999998,95.448,0.0,-12200.0,37372.88860002753
09-11-2040 16:00:00,48388.11557126602,11481.329985539027,0.0,405.01199999999994,2366.8160000000003,0.0,540.3294000000001,0.0,0.0,0.0,249.2155,96.2085,0.0,-12200.0,36934.86134525762
09-11-2040 17:00:00,46555.336890171624,2049.4629766864605,0.0,402.69800000000004,2774.7529999999997,0.0,543.0642,0.0,0.0,0.0,248.2255,96.0905,0.0,-12200.0,37261.741865252756
09-11-2040 18:00:00,43426.524701484836,13.628474512481215,0.0,400.44199999999995,4725.246,0.0,546.4608000000001,0.0,0.0,0.0,246.21099999999998,96.014,0.0,-10831.099705843593,39558.84444218313
09-11-2040 19:00:00,43094.66697901123,2.2065149210683868,0.0,402.401,4657.785,0.0,541.2046500000001,0.0,0.0,0.0,248.012,95.196,0.0,-9648.623059203259,40280.34536399376
09-11-2040 20:00:00,43015.806098851375,1.352031201635041,0.0,404.978,3650.842,0.0,538.6839,0.0,0.0,0.0,253.1725,96.0325,0.0,-8675.453433442555,40116.97745619094
09-11-2040 21:00:00,44326.795713534426,1.3628474512481215,0.0,381.983,2886.323,0.0,535.96095,0.0,0.0,0.0,250.435,95.305,0.0,-10183.69453487474,39064.89284678297
09-11-2040 22:00:00,45925.416755221326,1.1465224589865148,0.0,367.45,2650.283,0.0,531.8196000000002,0.0,0.0,0.0,246.5205,94.8395,0.0,-12200.0,36516.62585666281
09-11-2040 23:00:00,46044.6440407872,1.0275437132426313,0.0,369.88300000000004,2391.004,0.0,520.0563000000001,0.0,0.0,0.0,244.47400000000002,94.523,0.0,-12200.0,33834.852513663325
10-11-2040 00:00:00,46178.43680328695,0.7895862217548639,0.0,370.241,2469.044,0.0,499.25310000000013,0.0,0.0,0.0,246.53599999999997,95.417,0.0,-12200.0,31654.017495737917
10-11-2040 01:00:00,47218.603690582364,0.8328512202071854,0.0,375.869,2048.844,0.0,492.85170000000005,0.0,0.0,0.0,243.8415,95.7655,0.0,-12200.0,29479.77564130629
10-11-2040 02:00:00,47869.66426550097,0.6922399752371411,0.0,379.884,1737.526,0.0,492.04665,0.0,0.0,0.0,243.322,95.948,0.0,-12200.0,28057.90621840941
10-11-2040 03:00:00,47842.16158189054,0.9734624651772297,0.0,371.246,1382.0839999999998,0.0,490.8265500000001,0.0,0.0,0.0,244.4275,91.5615,0.0,-12200.0,27163.776307869426
10-11-2040 04:00:00,47664.993401490196,1.1357062093734345,0.0,369.37199999999996,1486.372,0.0,491.21565000000004,0.0,0.0,0.0,247.796,92.288,0.0,-12200.0,26686.681471875818
10-11-2040 05:00:00,47070.009526004535,1.1681549582126758,0.0,367.23400000000004,1520.777,0.0,486.75225000000006,0.0,0.0,0.0,247.59099999999998,90.031,0.0,-12200.0,26672.44650305291
10-11-2040 06:00:00,47591.059875980834,1.9144761815152183,0.0,371.156,1684.514,0.0,487.14615000000003,0.0,0.0,0.0,248.769,92.249,0.0,-12200.0,27239.233881125445
10-11-2040 07:00:00,46744.92014783107,42.97295971276815,0.0,380.49800000000005,1954.819,0.0,492.16695000000004,0.0,0.0,0.0,252.868,91.001,0.0,-12200.0,28510.373780878796
10-11-2040 08:00:00,46038.556398542394,1709.1513151101146,0.0,388.361,2215.159,0.0,490.45380000000006,0.0,0.0,0.0,253.017,92.22399999999999,0.0,-12200.0,30235.853472387505
10-11-2040 09:00:00,45554.13246029312,5853.451435609909,0.0,394.469,2818.046,0.0,495.7963500000001,0.0,0.0,0.0,257.815,94.98299999999999,0.0,-12200.0,33068.48244338407
10-11-2040 10:00:00,44446.81586228973,10099.024101236973,0.0,404.634,3110.164,0.0,495.1150500000001,0.0,0.0,0.0,259.045,93.95100000000001,0.0,-12200.0,35130.137214979084
10-11-2040 11:00:00,43679.19666327217,12765.965135834964,0.0,403.45099999999996,3432.884,0.0,495.2590500000001,0.0,0.0,0.0,251.1255,88.9985,0.0,-12200.0,35366.79547811226
10-11-2040 12:00:00,44989.969690937614,13316.274283649263,0.0,401.001,3419.119,0.0,493.0929,0.0,0.0,0.0,251.5725,83.2415,0.0,-12200.0,35075.462391172136
10-11-2040 13:00:00,46987.53628380106,13406.384459175837,0.0,401.046,3126.4309999999996,0.0,492.4560000000001,0.0,0.0,0.0,267.777,92.346,0.0,-12200.0,35310.66877453118
10-11-2040 14:00:00,48849.008877102715,12511.112662451565,0.0,393.662,2831.0640000000003,0.0,490.83840000000004,0.0,0.0,0.0,267.1405,95.3555,0.0,-12200.0,34699.50811161771
10-11-2040 15:00:00,47950.88052947728,9754.483286061912,0.0,392.406,2756.64,0.0,488.19225000000006,0.0,0.0,0.0,268.884,95.565,0.0,-12200.0,33097.99990689301
10-11-2040 16:00:00,48161.39537533807,5465.526643236782,0.0,405.256,2573.303,0.0,489.40305000000006,0.0,0.0,0.0,271.748,96.554,0.0,-12200.0,32104.382938657345
10-11-2040 17:00:00,46804.28046115591,1118.259598747536,0.0,406.84,3119.475,0.0,498.18765,0.0,0.0,0.0,272.397,96.791,0.0,-12200.0,32142.447632904117
10-11-2040 18:00:00,46070.12782398354,10.113193388230108,0.0,407.983,4441.88,0.0,498.0715500000001,0.0,0.0,0.0,271.6245,95.7085,0.0,-12200.0,34316.85576718688
10-11-2040 19:00:00,45242.39412470482,1.0383599628557116,0.0,408.254,4330.5779999999995,0.0,501.47595000000007,0.0,0.0,0.0,271.8705,96.0565,0.0,-12200.0,35393.27526541435
10-11-2040 20:00:00,43313.3115732828,0.627342477558659,0.0,407.288,3949.6059999999998,0.0,500.3077500000001,0.0,0.0,0.0,272.567,96.215,0.0,-12200.0,35559.87800450482
10-11-2040 21:00:00,41924.284882631844,0.8004024713679445,0.0,407.575,3868.4429999999998,0.0,499.72965000000005,0.0,0.0,0.0,274.845,96.56200000000001,0.0,-12200.0,35474.46000777161
10-11-2040 22:00:00,40846.1649881266,0.5083637318147755,0.0,409.48,3405.989,0.0,498.62745000000007,0.0,0.0,0.0,272.199,96.266,0.0,-12200.0,33843.64005040526
10-11-2040 23:00:00,39867.29222681321,0.627342477558659,0.0,405.505,2892.6079999999997,0.0,491.71320000000003,0.0,0.0,0.0,272.1545,95.6335,0.0,-12200.0,31566.009327632135
11-11-2040 00:00:00,38697.7880813802,0.5191799814278558,0.0,405.089,2405.544,0.0,481.6989,0.0,0.0,0.0,275.84,96.273,0.0,-12200.0,29144.591544493924
11-11-2040 01:00:00,37164.24370323275,1.0059112140164708,0.0,407.93699999999995,2003.12,0.0,482.37075000000004,0.0,0.0,0.0,271.381,95.945,0.0,-12200.0,27088.086984395813
11-11-2040 02:00:00,35256.80438306991,0.9518299659510692,0.0,401.93199999999996,1958.908,0.0,478.91820000000007,0.0,0.0,0.0,271.711,96.77,0.0,-12200.0,25780.78921481846
11-11-2040 03:00:00,34663.88195187681,1.2222362062780772,0.0,393.394,1664.281,0.0,475.83570000000003,0.0,0.0,0.0,269.3435,96.8145,0.0,-12200.0,24748.909281283093
11-11-2040 04:00:00,34924.4593398067,1.600804942735889,0.0,400.15,1621.039,0.0,477.1828500000001,0.0,0.0,0.0,266.9685,96.6655,0.0,-12200.0,24352.788640900104
11-11-2040 05:00:00,35876.10788653228,2.0767199257114233,0.0,390.787,1466.2820000000002,0.0,473.50770000000006,0.0,0.0,0.0,271.3295,97.1285,0.0,-12200.0,24441.700746451705
11-11-2040 06:00:00,36083.19214873921,2.660797404817761,0.0,394.41900000000004,1354.631,0.0,473.8567500000001,0.0,0.0,0.0,273.742,96.99700000000001,0.0,-12200.0,24786.997782935847
11-11-2040 07:00:00,33491.500293209894,42.12929224294788,0.0,401.55300000000005,1469.3729999999998,0.0,474.05295000000007,0.0,0.0,0.0,272.448,95.125,0.0,-11413.83120478789,25297.039092881063
11-11-2040 08:00:00,32947.8591437724,2316.343119639605,0.0,403.7,1427.774,0.0,475.6488000000001,0.0,0.0,0.0,268.7125,93.6495,0.0,-12200.0,26078.93754371131
11-11-2040 09:00:00,27998.114810329116,9467.80940631683,0.0,415.477,2078.3520000000003,0.0,473.22315000000003,0.0,0.0,0.0,263.567,93.307,0.0,-12200.0,28479.650323460635
11-11-2040 10:00:00,25598.29584664535,15365.672362838046,0.0,413.52,2850.722,0.0,467.21235000000013,0.0,0.0,0.0,261.6155,93.7395,0.0,-12200.0,30631.679868112213
11-11-2040 11:00:00,24563.501090911588,19076.99801132623,0.0,412.00800000000004,2761.68,0.0,474.92685000000006,0.0,0.0,0.0,265.719,93.385,0.0,-12200.0,31385.657439597067
11-11-2040 12:00:00,24714.80646083478,20970.014753609103,0.0,411.7,2824.283,0.0,476.90655000000004,0.0,0.0,0.0,266.351,95.93,0.0,-12200.0,31306.19687421983
11-11-2040 13:00:00,23223.53135974802,21563.891754864893,0.0,407.917,2663.151,0.0,478.0648500000001,0.0,0.0,0.0,263.1585,95.5665,0.0,-12200.0,31713.338111627603
11-11-2040 14:00:00,22358.374517927532,19828.164914455436,0.0,411.392,2765.2259999999997,0.0,480.2088000000001,0.0,0.0,0.0,259.56,93.355,0.0,-12200.0,31695.107218507103
11-11-2040 15:00:00,23275.5779936034,16749.557419583612,0.0,412.089,2643.763,0.0,480.1494,0.0,0.0,0.0,255.4185,93.0655,0.0,-12200.0,30358.04944747237
11-11-2040 16:00:00,23607.50920095797,10731.969396095208,0.0,415.606,2575.611,0.0,484.46625000000006,0.0,0.0,0.0,253.3745,93.6685,0.0,-9885.20130687846,29370.10496570234
11-11-2040 17:00:00,23294.93159067648,2174.6935147067047,0.0,416.98400000000004,2831.3059999999996,0.0,488.2698000000001,0.0,0.0,0.0,252.24200000000002,94.37700000000001,0.0,-1158.0479708318708,29439.92613559239
11-11-2040 18:00:00,22932.569907348487,14.363979486170678,0.0,411.603,4231.512,2748.2782532430756,489.9723000000001,0.0,0.0,0.0,256.7735,94.9355,0.0,0.0,32015.505056251837
11-11-2040 19:00:00,22519.492053273265,1.5575399442835676,0.0,410.355,5353.556,4028.1461832670248,493.85730000000007,0.0,0.0,0.0,257.4545,95.5375,0.0,0.0,33927.81039026878
11-11-2040 20:00:00,21604.980444816196,0.7246887240763821,0.0,412.809,5728.359,5642.535010694955,494.75145000000003,0.0,0.0,0.0,258.849,96.406,0.0,0.0,34983.12499508504
11-11-2040 21:00:00,21483.17732079096,0.7138724744633017,0.0,409.09,5875.722,5623.232963008955,495.9607500000001,0.0,0.0,0.0,265.5545,96.3015,0.0,0.0,34943.49942778365
11-11-2040 22:00:00,22091.844854638835,0.7355049736894624,0.0,401.574,5504.005,4041.062080346004,496.5745500000001,0.0,0.0,0.0,260.96299999999997,95.09899999999999,0.0,0.0,33517.2777134809
11-11-2040 23:00:00,24296.921148493806,0.627342477558659,0.0,400.952,3605.567,1479.250768122678,494.54040000000003,0.0,0.0,0.0,266.9485,94.9095,0.0,0.0,31183.50019962793
12-11-2040 00:00:00,24569.664282044865,0.49911274575867376,0.0,403.715,2461.724,0.0,489.0903000000001,0.0,0.0,0.0,267.9925,93.2565,0.0,0.0,28768.94750519869
12-11-2040 01:00:00,21831.39509834432,0.4218337349101329,0.0,402.87199999999996,2418.452,513.6022352224009,488.7838500000001,0.0,0.0,0.0,271.1345,93.8515,0.0,0.0,26988.974893344337
12-11-2040 02:00:00,18940.774482267883,0.6706074760109804,0.0,404.533,2386.609,0.0,487.51200000000006,0.0,0.0,0.0,269.056,93.512,0.0,0.0,25820.901717970293
12-11-2040 03:00:00,18678.402516192127,0.5732612294932574,0.0,398.592,2500.717,0.0,484.6203000000001,0.0,0.0,0.0,267.209,93.385,0.0,0.0,25348.232083563347
12-11-2040 04:00:00,18664.850357090603,0.6381587271717395,0.0,400.57199999999995,2369.315,0.0,483.8571000000001,0.0,0.0,0.0,241.94799999999998,93.73299999999999,0.0,0.0,25261.410193858716
12-11-2040 05:00:00,17481.26032026267,0.8328512202071854,0.0,402.216,2311.969,0.0,487.6368000000001,0.0,0.0,0.0,234.9845,93.4575,0.0,0.0,26141.603100141274
12-11-2040 06:00:00,14968.912798057505,1.1573387085995952,7871.099871508557,410.539,2964.982,0.0,497.2192500000001,0.0,0.0,0.0,235.5665,93.9865,0.0,0.0,29432.830412637984
12-11-2040 07:00:00,12679.468125595025,23.37391541386659,15025.615963960858,421.24800000000005,4764.372,0.0,511.61640000000006,0.0,0.0,0.0,236.7305,92.4195,0.0,0.0,34362.801828785414
12-11-2040 08:00:00,10098.601753320607,2366.7901078350114,15068.507412979638,431.292,4900.715999999999,0.0,525.0531000000001,2540.4027511062304,0.0,0.0,238.6715,93.0215,0.0,0.0,36938.252412646994
12-11-2040 09:00:00,8935.908496066178,8056.22393431217,14177.842174118967,435.966,5144.5470000000005,0.0,530.7270000000001,0.0,0.0,0.0,257.26,92.995,0.0,0.0,38340.55847166991
12-11-2040 10:00:00,9689.43793606352,12144.203843076653,10354.313411489858,437.67400000000004,4724.289000000001,0.0,530.00715,0.0,0.0,0.0,265.1485,94.0665,0.0,0.0,39030.08716322056
12-11-2040 11:00:00,9699.373865496118,14473.753603493828,8143.553135763052,433.61199999999997,4727.791,0.0,530.17065,0.0,0.0,0.0,263.061,92.419,0.0,0.0,39236.240327487285
12-11-2040 12:00:00,8865.088408934878,15663.90881341951,8905.783972706513,434.18199999999996,3836.864,0.0,529.8105,0.0,0.0,0.0,259.223,90.273,0.0,0.0,39452.70172655295
12-11-2040 13:00:00,7922.02599040718,15238.49489988745,9377.593290046618,441.952,3456.605,0.0,528.384,1211.6494533822115,0.0,0.0,260.73400000000004,89.01700000000001,0.0,0.0,39383.618958239
12-11-2040 14:00:00,7445.151656771539,13214.785413529731,1055.3060430789988,440.461,3237.175,0.0,532.2103500000002,11218.625521981687,0.0,0.0,263.3245,89.7785,0.0,0.0,38312.863762681365
12-11-2040 15:00:00,6984.115248798215,9400.34845748005,1091.5275563865196,435.097,3197.8379999999997,0.0,526.98765,14817.396204154886,0.0,0.0,265.78,89.84,0.0,0.0,37601.948208754926
12-11-2040 16:00:00,6763.935207276844,4281.677306835527,425.1764452839473,415.398,4290.994000000001,0.0,528.2364,19450.284614225653,0.0,0.0,260.4795,90.3465,0.0,0.0,37221.01520542478
12-11-2040 17:00:00,6628.7036881601425,818.0437744868783,69.40264131723484,411.575,5214.670999999999,0.0,529.4905500000001,22793.67371512628,0.0,0.0,266.84,91.787,0.0,0.0,37517.02644764013
12-11-2040 18:00:00,7110.91147710429,6.403219770943556,16.955994930074223,413.952,6404.573,0.0,534.0006000000001,24031.351068974065,0.0,0.0,266.531,92.023,0.0,0.0,39627.898567211756
12-11-2040 19:00:00,7092.57893311421,1.276317454343479,0.0,414.10699999999997,6550.901999999999,0.0,535.1710500000002,24562.0,0.0,0.0,270.0555,93.0975,232.56774639449577,0.0,40536.3512363842
12-11-2040 20:00:00,6380.452422107125,0.6165262279455788,0.0,414.349,5015.121,0.0,535.2247500000001,24562.0,0.0,0.0,269.8085,93.5075,2936.4275020419445,0.0,40994.93618621849
12-11-2040 21:00:00,6005.8922485376415,0.5191799814278558,0.0,414.336,4460.707,0.0,539.5747500000001,24562.0,0.0,0.0,262.0015,94.4045,2723.0361157819098,0.0,39803.07122847386
12-11-2040 22:00:00,5123.915104224994,0.5299962310409362,0.0,424.964,3126.563,0.0,537.5353500000001,24562.0,0.0,0.0,260.0655,94.2805,1807.5407829931828,0.0,36572.99658615518
12-11-2040 23:00:00,3995.400051873592,0.7787699721417838,0.0,435.73900000000003,2754.53,0.0,529.6102500000001,24562.0,0.0,0.0,256.765,92.258,129.54198919194823,0.0,33302.98502030381
13-11-2040 00:00:00,3781.562915867777,0.7895862217548639,0.0,433.545,2586.022,0.0,517.11645,22642.528497768846,0.0,0.0,256.72900000000004,92.99,0.0,0.0,30795.10989836503
13-11-2040 01:00:00,3967.7774718784112,1.3303987024088806,0.0,441.85900000000004,2226.774,0.0,514.0251000000001,20714.73874335082,0.0,0.0,256.9125,93.7845,0.0,0.0,28663.547283042528
13-11-2040 02:00:00,4646.537979298486,1.7089674388666922,0.0,443.352,2072.748,0.0,513.5487,18921.93881011938,0.0,0.0,257.7355,93.3795,0.0,0.0,27375.99589677262
13-11-2040 03:00:00,5343.669706961785,2.0118224280329415,0.0,445.11800000000005,2128.663,0.0,514.272,17662.181430608063,0.0,0.0,257.4985,93.1525,0.0,0.0,26863.832751769343
13-11-2040 04:00:00,5789.742272593839,2.033454927259102,0.0,446.57300000000004,2074.263,0.0,513.5499,17142.040469867014,0.0,0.0,259.3595,93.7105,0.0,0.0,26740.37349620463
13-11-2040 05:00:00,6181.211704037716,2.0550874264852625,0.0,442.311,2020.516,0.0,511.49640000000005,17417.586012426218,0.0,0.0,258.6285,92.8065,0.0,0.0,27364.37304677467
13-11-2040 06:00:00,6973.8467035885815,2.812224899400886,0.0,443.525,2358.111,0.0,514.6479,18889.845262027095,0.0,0.0,260.9965,93.5465,0.0,0.0,30046.245339305256
13-11-2040 07:00:00,7661.201074457171,18.149666850748794,5.671487959369655,432.99800000000005,3335.586,0.0,524.9263500000001,21887.014469595517,0.0,0.0,262.2425,91.8435,0.0,0.0,34825.277801534714
13-11-2040 08:00:00,8049.657625781159,1467.7109912469352,14.022802703664832,433.332,4695.623,0.0,530.22495,21382.24625708712,0.0,0.0,260.251,93.704,0.0,0.0,37598.52701011734
13-11-2040 09:00:00,8575.851917425556,7337.073130037686,8.994473172677303,432.69300000000004,5561.092,0.0,528.2124,15327.350531107351,0.0,0.0,258.225,93.49,0.0,0.0,38827.685153358674
13-11-2040 10:00:00,8785.562297220946,13398.088395722605,182.3354144463326,429.28,4192.543,0.0,525.7347,10561.507784268351,0.0,0.0,268.6015,94.1815,0.0,0.0,39173.26936667745
13-11-2040 11:00:00,9324.74794229629,18225.131824299253,660.2118715589245,431.681,3942.945,0.0,524.97945,4915.646363392538,0.0,0.0,269.128,94.51899999999999,0.0,0.0,39169.46873750706
13-11-2040 12:00:00,9974.079688699378,20976.277362135075,1388.062571169369,436.42800000000005,3194.847,0.0,519.2545500000001,1298.4660559356191,0.0,0.0,266.1955,92.7485,0.0,0.0,39001.63582511067
13-11-2040 13:00:00,10194.692904255957,21624.657445191177,1905.591837816075,441.945,2985.711,0.0,518.72595,0.0,0.0,0.0,257.969,91.603,0.0,0.0,38989.07779044652
13-11-2040 14:00:00,10296.334097517414,20236.44588860038,1387.1639021362644,443.37699999999995,3520.6059999999998,0.0,521.2540500000001,0.0,0.0,0.0,264.764,94.406,0.0,0.0,37864.62945458792
13-11-2040 15:00:00,10502.996788565086,16535.57955348804,4160.046040030271,438.88800000000003,3484.886,0.0,523.52745,0.0,0.0,0.0,268.7205,93.9795,0.0,0.0,37138.754293919046
13-11-2040 16:00:00,10874.137981356673,9653.8380834122,7636.038827151657,442.911,4088.768,0.0,524.5855500000001,2012.9129116419372,0.0,0.0,264.02,92.397,0.0,0.0,36752.47094808543
13-11-2040 17:00:00,11254.252064877579,2028.371289940954,3452.55240215263,443.925,5311.840999999999,0.0,526.2081000000001,12815.930847314521,0.0,0.0,263.312,92.741,0.0,0.0,37234.26923472313
13-11-2040 18:00:00,12271.998328225629,10.967677107663453,465.26665398643325,448.48699999999997,6517.460999999999,0.0,528.76065,18133.66659439886,0.0,0.0,271.275,93.70100000000001,0.0,0.0,39542.8752526308
13-11-2040 19:00:00,13372.565920055444,2.0550874264852625,143.19045373707507,444.86300000000006,6744.6140000000005,0.0,529.4833500000001,18287.145588161144,0.0,0.0,275.82599999999996,94.09,0.0,0.0,40695.010485672894
13-11-2040 20:00:00,13787.438352276531,1.481826196992005,142.7421918021421,444.579,6261.955,0.0,529.14915,18738.630748507483,0.0,0.0,278.2885,93.9175,0.0,0.0,41081.033066012875
13-11-2040 21:00:00,13984.652434681215,1.276317454343479,140.34496493271777,440.065,3459.18,0.0,530.2620000000001,19973.965939438112,0.0,0.0,277.5395,94.2565,0.0,0.0,39658.36497904347
13-11-2040 22:00:00,15108.607556786983,1.1573387085995952,65.09542881200908,445.045,2488.563,0.0,527.4984000000001,16819.033984569494,0.0,0.0,269.431,93.20200000000001,0.0,0.0,36467.61905543284
13-11-2040 23:00:00,16213.518491844829,0.8761162186595066,0.0,441.75199999999995,2313.401,0.0,519.3022500000001,12643.76389439122,0.0,0.0,262.0075,93.7485,0.0,0.0,33040.106247399315
14-11-2040 00:00:00,16531.750570335927,0.7030562248502215,0.0,448.04900000000004,2209.865,0.0,505.9462500000001,10106.154685165082,0.0,0.0,261.416,93.66799999999999,0.0,0.0,30648.8264082884
14-11-2040 01:00:00,16243.252795261651,0.9301974667249082,0.0,447.726,2155.755,0.0,500.10045,8540.852697959279,0.0,0.0,260.1535,93.1215,0.0,0.0,28693.81281988628
14-11-2040 02:00:00,15947.135798318079,1.1248899597603543,0.0,450.51800000000003,2172.7129999999997,0.0,499.5831000000001,7551.373603316606,0.0,0.0,261.2085,94.1945,0.0,0.0,27408.16193419694
14-11-2040 03:00:00,15990.665921231233,1.2655012047303984,0.0,447.68800000000005,2179.741,0.0,498.11250000000007,7160.160585565678,0.0,0.0,267.0625,93.6395,0.0,0.0,27060.2055360666
14-11-2040 04:00:00,16021.73455538151,1.7305999380928525,0.0,446.874,2207.904,0.0,498.53925000000004,6989.753471385477,0.0,0.0,272.1425,94.5865,0.0,0.0,26956.54399852848
14-11-2040 05:00:00,17593.35570474885,2.3471261660384313,0.0,442.241,2120.2529999999997,0.0,500.44275000000005,6139.293192603502,0.0,0.0,272.936,93.667,0.0,0.0,27607.91760208778
14-11-2040 06:00:00,18314.841869016695,2.95283614437093,0.0,440.583,2401.718,0.0,508.3549500000001,7855.4708238210915,0.0,0.0,270.0925,93.2315,0.0,0.0,30401.29076455708
14-11-2040 07:00:00,19138.85104511767,13.86643200396898,0.0,437.67699999999996,2896.195,0.0,519.3183000000001,10865.336491102116,0.0,0.0,274.6575,92.2295,0.0,0.0,34846.2268308349
14-11-2040 08:00:00,19367.00613003726,1182.7460789407207,0.0,449.12300000000005,3464.728,0.0,525.7605000000001,11523.862986188054,0.0,0.0,277.47700000000003,93.085,0.0,0.0,37554.02018060848
14-11-2040 09:00:00,18549.177419188632,6603.471816280125,49.55243345944105,445.087,4034.5759999999996,0.0,522.6193500000002,7445.929053120453,0.0,0.0,280.522,93.751,0.0,0.0,38733.73964139573
14-11-2040 10:00:00,17992.13881566219,12932.416401130657,528.4715868119857,444.275,3577.5170000000003,0.0,519.6798000000001,1985.0378485488072,0.0,0.0,279.9205,93.5165,0.0,0.0,39123.60004997795
14-11-2040 11:00:00,16840.738227391925,16640.856249492183,0.0,426.365,3311.067,0.0,517.43505,0.0,0.0,0.0,277.6595,92.5095,0.0,0.0,39102.86156742439
14-11-2040 12:00:00,16164.47834816804,17400.353693676458,0.0,422.88800000000003,3231.782,0.0,511.2430500000001,0.0,0.0,0.0,273.6675,90.0695,0.0,0.0,39166.49243976874
14-11-2040 13:00:00,16371.146718040123,17651.753489931005,0.0,427.772,2827.843,0.0,509.8834500000001,0.0,0.0,0.0,278.2815,90.2795,0.0,0.0,39192.53662593952
14-11-2040 14:00:00,16946.14978489902,15932.404623463348,0.0,448.82,2820.513,0.0,510.5220000000001,0.0,0.0,0.0,281.68,92.559,0.0,0.0,37980.66117147737
14-11-2040 15:00:00,17266.32864629289,12350.48053944771,0.0,450.44800000000004,3535.048,2007.2581416923385,511.4404500000001,0.0,0.0,0.0,281.4845,92.3625,0.0,0.0,37337.48996325989
14-11-2040 16:00:00,16848.69859722266,6755.688897085004,3966.9008017983488,453.043,3800.8379999999997,3487.6955713169536,513.6541500000001,0.0,0.0,0.0,277.878,92.695,0.0,0.0,36975.653103461336
14-11-2040 17:00:00,16222.986438614389,1316.9108391413693,9370.34276685203,455.351,5255.715,0.0,519.1450500000001,2890.064564127344,0.0,0.0,275.0595,93.3725,0.0,0.0,37157.659606212095
14-11-2040 18:00:00,17041.557733523372,9.90768464558158,296.60322855555694,455.49699999999996,6205.774,0.0,524.3739,13626.054451332873,0.0,0.0,274.0305,93.3115,0.0,0.0,39317.37671105113
14-11-2040 19:00:00,19443.69727239576,3.6126273707688297,183.68020025113162,452.01199999999994,5911.352,0.0,527.5656000000001,12584.130091663734,0.0,0.0,279.459,94.162,0.0,0.0,40289.863490506716
14-11-2040 20:00:00,21206.034893639655,2.8771223970793676,171.58687283261315,458.026,5014.415,0.0,527.0628,11959.706321153655,0.0,0.0,273.4105,93.0045,0.0,0.0,40516.06063065566
14-11-2040 21:00:00,22601.566930069363,1.5250911954443263,170.68060413807473,454.145,2979.093,0.0,525.2301000000001,11427.501659000614,0.0,0.0,272.54,93.27,0.0,0.0,39287.711195236225
14-11-2040 22:00:00,23256.007809512725,1.114073710147274,6.110005069630194,452.792,2572.72,0.0,521.44875,8192.531406104816,0.0,0.0,277.73900000000003,94.23200000000001,0.0,0.0,36018.42798721157
14-11-2040 23:00:00,23875.794766139396,0.8761162186595066,0.0,444.73900000000003,2331.403,0.0,513.8772,4583.23316429001,0.0,0.0,274.9865,93.2485,0.0,0.0,32673.151539296334
15-11-2040 00:00:00,24285.109420783738,0.6489749767848197,0.0,445.88800000000003,2070.366,0.0,497.0218500000001,2275.3865543058964,0.0,0.0,263.3465,93.8375,0.0,0.0,30425.59849805414
15-11-2040 01:00:00,23979.09903828603,0.7895862217548639,0.0,444.42400000000004,1866.164,0.0,496.33155000000005,951.1045980019953,0.0,0.0,260.9735,94.2555,0.0,0.0,28547.487294858485
15-11-2040 02:00:00,23743.020615337973,1.1043849508509425,0.0,445.086,1851.851,0.0,492.71265000000005,0.0,0.0,0.0,263.841,93.677,0.0,0.0,27324.665269524517
15-11-2040 03:00:00,23044.297867429807,1.1897874574388363,0.0,441.29400000000004,2090.376,45.688036901978194,490.26525000000004,0.0,0.0,0.0,265.9095,93.4805,0.0,0.0,26896.910538444583
15-11-2040 04:00:00,20218.30527035638,1.3844799504742822,0.0,443.861,2212.152,289.3616716887591,488.64270000000005,2331.2840690926896,0.0,0.0,271.14599999999996,92.919,0.0,0.0,26775.496115859187
15-11-2040 05:00:00,17804.00204987032,1.4277449489266034,0.0,438.24199999999996,2298.637,0.0,490.0878000000001,5602.305003318965,0.0,0.0,273.76099999999997,93.186,0.0,0.0,27446.954614279704
15-11-2040 06:00:00,15530.28314193604,2.044271176872182,0.0,412.667,3011.0,0.0,497.59410000000014,9988.215581323251,0.0,0.0,276.73900000000003,92.023,0.0,0.0,30325.984963514195
15-11-2040 07:00:00,13677.613263849878,11.335429594508186,0.0,404.824,3137.7209999999995,0.0,509.4964500000001,16131.285995502345,0.0,0.0,274.052,89.491,0.0,0.0,34845.47168967645
15-11-2040 08:00:00,12212.881675295588,1060.0140945810986,0.0,419.775,3654.7690000000002,0.0,512.9406000000001,18261.753148318698,0.0,0.0,271.8775,88.9465,0.0,0.0,37153.68302543184
15-11-2040 09:00:00,10326.153488691152,6745.013258716894,1.9587097591637466,418.445,4602.785,0.0,512.4375000000001,14728.702848597091,0.0,0.0,262.73900000000003,81.17699999999999,0.0,0.0,38388.3198479745
15-11-2040 10:00:00,8428.889890730392,12681.37124761106,212.24228136610148,416.852,4832.058,0.0,509.26725000000005,10940.133987476222,0.0,0.0,259.4395,79.2865,0.0,0.0,39104.10029651682
15-11-2040 11:00:00,8055.865164410711,17280.90568182618,1782.5720532090963,406.921,4509.710999999999,0.0,506.4373500000001,5396.859755436789,0.0,0.0,253.084,79.564,0.0,0.0,39174.65466011295
15-11-2040 12:00:00,7208.321488271837,19064.083409288218,3552.066551707756,412.135,3861.452,0.0,509.90760000000006,3292.248956990872,0.0,0.0,250.6695,80.6395,0.0,0.0,39324.85112055694
15-11-2040 13:00:00,6309.906936373145,19252.30778505504,3824.278484108154,411.746,3583.667,0.0,512.1102000000001,3810.7743286199184,0.0,0.0,250.782,79.628,0.0,0.0,39161.228027121244
15-11-2040 14:00:00,6120.6098829869625,16928.728594424283,3808.5211026127918,420.42199999999997,3697.699,0.0,514.3731000000001,5081.484942472568,0.0,0.0,249.6145,79.3095,0.0,0.0,38008.67430452091
15-11-2040 15:00:00,5937.423677597475,12682.755727561538,3386.2193806072196,420.07599999999996,4308.444,0.0,516.3174,8727.167055521686,0.0,0.0,256.07,79.70100000000001,0.0,0.0,37352.4707734733
15-11-2040 16:00:00,6210.021645004407,7647.759083923804,2471.872226415303,440.625,4560.572,0.0,515.7048000000001,13971.361062468528,0.0,0.0,259.133,80.354,0.0,0.0,37089.034758472546
15-11-2040 17:00:00,6908.205366753213,1443.6340196082183,1544.3013451428633,446.996,5055.611,0.0,520.70565,20424.258970716324,0.0,0.0,258.3055,80.4875,0.0,0.0,37539.69630600385
15-11-2040 18:00:00,8805.523111468376,5.948937287194182,119.72491592579993,450.351,5929.304,0.0,525.1782000000001,22613.813431678296,0.0,0.0,261.6935,80.3525,0.0,0.0,39563.9046319262
15-11-2040 19:00:00,10367.950915463476,2.109168674550664,152.03875453966555,457.162,6154.885,0.0,528.1980000000001,21710.063723838462,0.0,0.0,259.89,80.39399999999999,0.0,0.0,40517.97452290206
15-11-2040 20:00:00,12047.4130614712,1.4601936977658445,296.99302154245515,457.77099999999996,4674.709,0.0,528.66165,21361.33079340565,0.0,0.0,262.623,81.493,0.0,0.0,40532.382839399754
15-11-2040 21:00:00,12918.104475116534,1.243868705504238,315.82002280964105,456.48,3345.1020000000003,0.0,528.7122,20467.628696508575,0.0,0.0,262.5625,81.7725,0.0,0.0,39150.84688214148
15-11-2040 22:00:00,13676.04300797225,0.8761162186595066,216.14995605975648,455.68199999999996,2275.6620000000003,0.0,526.1862000000001,17849.570765397275,0.0,0.0,260.7175,80.3255,0.0,0.0,36005.5868676107
15-11-2040 23:00:00,13831.888970014505,0.757137472915623,0.0,450.85,2278.676,0.0,519.2058000000001,14906.200591826582,0.0,0.0,258.5375,80.8015,0.0,0.0,32881.64973305217
16-11-2040 00:00:00,13508.242216083298,0.8004024713679445,0.0,457.289,1880.213,0.0,508.65840000000003,13357.688328023745,0.0,0.0,258.4465,80.6135,0.0,0.0,30545.449071659183
16-11-2040 01:00:00,12681.336188621863,0.8977487178856673,0.0,454.05400000000003,1907.372,0.0,504.01290000000006,12278.541371763466,0.0,0.0,258.483,80.671,0.0,0.0,28619.746119926567
16-11-2040 02:00:00,13199.423937607355,1.2655012047303984,0.0,453.971,1844.431,0.0,498.93015,10552.848451681673,0.0,0.0,259.9935,80.8985,0.0,0.0,27323.686933934987
16-11-2040 03:00:00,13302.515490361702,1.481826196992005,0.0,452.87699999999995,1739.484,0.0,499.72020000000003,10127.755523671845,0.0,0.0,258.8955,81.4505,0.0,0.0,26887.415847346885
16-11-2040 04:00:00,13234.924870367895,1.5467236946704874,0.0,451.647,1665.274,0.0,496.35300000000007,10221.536412104984,0.0,0.0,259.656,80.571,0.0,0.0,26836.626466594113
16-11-2040 05:00:00,12959.074230071583,1.9469249303544593,0.0,450.458,2076.528,0.0,498.1042500000001,10613.254410424452,0.0,0.0,262.509,80.256,0.0,0.0,27384.937065681268
16-11-2040 06:00:00,13000.593187821269,2.1308011737768244,0.0,444.958,2958.954,0.0,504.31020000000007,12412.099751263722,0.0,0.0,267.999,80.673,0.0,0.0,30183.785187544712
16-11-2040 07:00:00,13713.678869906316,11.49767333870439,0.0,443.777,3773.9570000000003,0.0,517.9489500000001,15361.129176248915,0.0,0.0,267.6705,78.9355,0.0,0.0,34775.50395544331
16-11-2040 08:00:00,14060.682213110962,1131.4446070258812,0.29234474017369344,450.269,4260.3859999999995,0.0,525.3033,15980.631193237805,0.0,0.0,261.1635,79.1825,0.0,0.0,37417.053942056875
16-11-2040 09:00:00,13112.777527689681,6887.571428617292,17.219105196230547,446.727,4664.458,0.0,526.4959500000001,11856.394912583582,0.0,0.0,260.644,80.016,0.0,0.0,38556.57459784561
16-11-2040 10:00:00,12353.388635341083,11649.501034523199,242.70460329220032,452.56699999999995,5189.879,0.0,522.7999500000001,7642.151570685595,0.0,0.0,265.9075,78.3345,0.0,0.0,39136.86523899784
16-11-2040 11:00:00,12263.03704037225,14997.40069601189,1560.857802261367,446.80699999999996,5374.148,0.0,521.8018500000001,2873.0707010284173,0.0,0.0,270.0085,80.6495,0.0,0.0,39261.223224138324
16-11-2040 12:00:00,12815.89860855918,16823.832605676635,2341.6339918275717,438.12,4875.3859999999995,0.0,521.3925,0.0,0.0,0.0,263.307,77.748,0.0,0.0,39224.69559554019
16-11-2040 13:00:00,13627.179429750588,17871.635154444564,837.5017354847878,448.977,4148.518,0.0,519.2637000000001,0.0,0.0,0.0,259.0195,77.6085,0.0,0.0,38892.67899969543
16-11-2040 14:00:00,14302.992806681115,16586.123887929967,454.5122479349011,448.37199999999996,4072.8740000000003,0.0,517.9902000000001,0.0,0.0,0.0,259.598,78.327,0.0,0.0,37778.68881089532
16-11-2040 15:00:00,14008.306831103859,13407.649960380566,3169.043825970235,450.99199999999996,3828.02,0.0,512.99565,0.0,0.0,0.0,261.764,76.946,0.0,0.0,36823.337039903636
16-11-2040 16:00:00,12995.696774173284,7893.287950140727,8892.870447993213,453.64,4080.6290000000004,0.0,513.1324500000001,0.0,0.0,0.0,260.5575,76.9325,0.0,0.0,36322.502500240014
16-11-2040 17:00:00,13431.961042008115,1480.7986532787625,5635.225081132258,452.25800000000004,4587.5470000000005,0.0,515.73765,9165.712259327716,0.0,0.0,252.25900000000001,79.13,0.0,0.0,36561.608090309885
16-11-2040 18:00:00,14463.348419839922,6.857502254692928,591.6083058648311,455.23900000000003,5316.804,0.0,520.4566500000001,16138.915388917454,0.0,0.0,251.748,79.854,0.0,0.0,38633.66781429065
16-11-2040 19:00:00,15488.4006274068,1.741416187705933,267.31028559015283,453.05199999999996,5550.878000000001,0.0,521.42295,15902.440958825622,0.0,0.0,256.0095,79.1155,0.0,0.0,39315.293191037104
16-11-2040 20:00:00,16555.107159609364,1.1897874574388363,228.37971102368937,454.69,5018.3009999999995,0.0,520.9518,15352.361428219754,0.0,0.0,262.4155,79.2175,0.0,0.0,39254.9157495163
16-11-2040 21:00:00,17872.64079632432,0.8869324682725869,226.65487705666456,456.774,3121.8759999999997,0.0,522.66165,14573.778863312813,0.0,0.0,262.064,80.07600000000001,0.0,0.0,37855.91929191545
16-11-2040 22:00:00,19195.77862211978,0.6922399752371411,163.02117194552395,449.962,2601.234,0.0,522.6156000000001,11358.377370971457,0.0,0.0,259.16700000000003,80.056,0.0,0.0,35281.99796189741
16-11-2040 23:00:00,19843.75669966284,0.8112187209810247,103.39258977476293,447.945,2435.136,0.0,517.3050000000001,8191.909110095608,0.0,0.0,257.384,79.054,0.0,0.0,32448.4788171116
17-11-2040 00:00:00,19577.594460779008,0.5408124806540165,97.54569497128905,452.735,2390.373,0.0,502.39065000000005,6691.449844713051,0.0,0.0,250.93900000000002,77.935,0.0,0.0,30554.176345904718
17-11-2040 01:00:00,19443.445876750327,0.8328512202071854,94.9633164330881,448.02,2114.386,0.0,499.90500000000003,5278.210233656642,0.0,0.0,244.8325,77.5365,0.0,0.0,28673.36114217666
17-11-2040 02:00:00,19581.17201419479,0.8544837194333461,95.91830925098883,452.74800000000005,1745.092,0.0,497.82285000000013,3903.271325803867,0.0,0.0,252.9665,78.7465,0.0,0.0,27054.806462779026
17-11-2040 03:00:00,18430.936378077928,1.276317454343479,91.81573806388467,451.412,1742.057,0.0,496.31070000000005,4342.833269199432,0.0,0.0,251.563,77.655,0.0,0.0,26318.45009162712
17-11-2040 04:00:00,17876.891316544803,1.081624961308033,93.79393747239332,449.64099999999996,1660.589,0.0,497.15220000000005,4541.685354017045,0.0,0.0,249.83900000000003,78.67,0.0,0.0,25879.55423852963
17-11-2040 05:00:00,17556.11434059685,1.243868705504238,94.57352344618984,451.94699999999995,1807.912,0.0,494.7450000000001,4671.151328362623,0.0,0.0,254.51,79.423,0.0,0.0,25851.37259369063
17-11-2040 06:00:00,17702.469150117664,1.95774117996754,90.7535521745869,448.51599999999996,1725.475,0.0,491.18100000000004,5174.743907255988,0.0,0.0,254.5045,79.1465,0.0,0.0,26441.83755298317
17-11-2040 07:00:00,17171.575693716313,11.324613344895104,91.18232446017501,431.625,1828.969,0.0,494.41605000000004,6900.666086260751,0.0,0.0,256.7895,78.5645,0.0,0.0,27775.361040201915
17-11-2040 08:00:00,17785.762328887784,1400.6069786473852,96.40555048461164,433.091,2043.7920000000001,0.0,495.58215000000007,6179.958411679268,0.0,0.0,264.6195,79.4005,0.0,0.0,29363.45116772143
17-11-2040 09:00:00,17005.14017356333,8717.064336922538,86.42685002001625,441.647,2851.8259999999996,0.0,498.34950000000003,1664.3121379352158,0.0,0.0,272.4585,79.7255,0.0,0.0,32274.313134724343
17-11-2040 10:00:00,14528.504558088125,14379.253078919917,0.0,447.876,3116.664,0.0,497.62215000000003,0.0,0.0,0.0,271.1825,78.1395,0.0,0.0,34078.9792344508
17-11-2040 11:00:00,13071.665644297656,16062.035702347213,0.0,448.147,2785.218,0.0,496.2433500000001,0.0,0.0,0.0,273.256,79.09100000000001,0.0,0.0,34338.417837191075
17-11-2040 12:00:00,12580.98302736289,16284.945556645944,0.0,450.069,2736.387,0.0,492.19095000000004,0.0,0.0,0.0,269.64,79.578,0.0,0.0,34179.639922863214
17-11-2040 13:00:00,12981.332857251316,16097.112553107298,0.0,446.676,2588.282,0.0,491.4111000000001,0.0,0.0,0.0,272.8815,80.4865,0.0,0.0,34226.96978993438
17-11-2040 14:00:00,13691.021288527205,15110.341570199173,0.0,449.339,2325.317,0.0,489.9954000000001,0.0,0.0,0.0,271.556,80.307,0.0,0.0,33604.42472307348
17-11-2040 15:00:00,14856.282878172147,12793.649679389044,0.0,426.79400000000004,2189.813,0.0,487.86945000000003,0.0,0.0,0.0,273.8145,80.2725,0.0,0.0,32287.961846174974
17-11-2040 16:00:00,14139.29943287602,6393.387800045266,0.0,444.62300000000005,2434.388,6029.855227841339,488.8048500000001,0.0,0.0,0.0,270.6315,80.3655,0.0,0.0,31307.717572276833
17-11-2040 17:00:00,14895.574886846558,779.0187458828844,2080.087830458413,445.531,3741.5209999999997,8000.0,491.62935000000016,0.0,0.0,0.0,271.887,81.233,0.0,0.0,31561.754497794525
17-11-2040 18:00:00,16810.10743183595,5.592001049962531,2210.437834708977,444.24800000000005,4874.845,8000.0,494.85720000000003,0.0,0.0,0.0,274.92,80.98899999999999,0.0,0.0,33941.3415526524
17-11-2040 19:00:00,17898.232873029458,1.3628474512481215,8638.502274823517,447.115,4744.077,1411.8092323101664,496.72455000000014,0.0,0.0,0.0,278.418,80.718,0.0,0.0,34748.124694584
17-11-2040 20:00:00,19453.903935600367,1.3952962000873625,9793.92497425829,451.255,3501.2459999999996,0.0,498.25380000000007,0.0,0.0,0.0,280.6275,82.0355,0.0,0.0,34805.6069323431
17-11-2040 21:00:00,20292.06862035191,0.9734624651772297,6130.1115888876075,444.795,2918.308,0.0,496.8261000000001,3013.0442398757305,0.0,0.0,278.4165,81.9805,0.0,0.0,34360.875660845304
17-11-2040 22:00:00,20949.139485009036,0.6814237256240607,78.37762484056722,443.548,2468.445,0.0,490.7857500000001,7229.869819981904,0.0,0.0,274.5175,81.7905,0.0,0.0,32647.0158434088
17-11-2040 23:00:00,21718.359880906748,0.5083637318147755,81.09643092418258,444.134,2315.49,0.0,485.4154500000001,4664.877364295458,0.0,0.0,273.5745,82.6015,0.0,0.0,30630.439651056895
18-11-2040 00:00:00,21955.240328535536,0.4110174852970525,96.18141951714516,445.695,2271.385,0.0,484.42845,2318.0838364532333,0.0,0.0,271.5715,81.2745,0.0,0.0,28434.20310141551
18-11-2040 01:00:00,22077.132407943,0.4218337349101329,93.20924799204593,440.366,1903.1689999999999,0.0,481.0776000000001,589.1585486302581,0.0,0.0,267.3265,82.2985,0.0,0.0,26402.84102198669
18-11-2040 02:00:00,21614.616269473412,0.5263404248121575,0.0,441.95300000000003,1713.8970000000002,0.0,480.8568000000001,0.0,0.0,0.0,267.897,82.79700000000001,0.0,0.0,25043.967111287056
18-11-2040 03:00:00,21157.969886756033,0.333753025475813,0.0,438.407,1339.829,0.0,480.30465000000004,0.0,0.0,0.0,264.3185,82.6015,0.0,0.0,24190.79635477409
18-11-2040 04:00:00,20849.823857888707,0.7802584568878489,0.0,438.534,1209.108,0.0,479.19735000000014,0.0,0.0,0.0,264.75,83.802,0.0,0.0,23749.661861532983
18-11-2040 05:00:00,20960.76329899641,0.587414358562949,0.0,438.218,1144.363,0.0,481.1980500000001,0.0,0.0,0.0,269.4905,83.0195,0.0,0.0,23807.695389536824
18-11-2040 06:00:00,21091.48611221795,1.2940386629674947,0.0,441.38,1273.74,0.0,477.5439,0.0,0.0,0.0,267.754,82.27799999999999,0.0,0.0,24084.113508620725
18-11-2040 07:00:00,21591.23268198572,6.4942493688306415,0.0,440.728,1493.473,0.0,483.3523500000001,0.0,0.0,0.0,270.659,81.602,0.0,0.0,24834.924695110138
18-11-2040 08:00:00,21632.98714200875,396.3442868912962,0.0,436.505,1795.101,0.0,483.9888000000001,0.0,0.0,0.0,271.3325,81.3315,0.0,0.0,25623.935608477113
18-11-2040 09:00:00,21998.734495166213,2223.3635737294653,0.0,434.37699999999995,1921.27,0.0,484.19250000000005,0.0,0.0,0.0,271.404,81.115,0.0,0.0,28015.447941787028
18-11-2040 10:00:00,22201.137146766232,4209.994800273766,0.0,440.856,2220.083,0.0,488.69250000000005,0.0,0.0,0.0,274.0115,83.2275,0.0,0.0,30558.409228289962
18-11-2040 11:00:00,22217.35721361889,5041.773722373614,0.0,441.468,2297.106,0.0,487.6254,0.0,0.0,0.0,284.393,90.053,0.0,0.0,31509.220852562947
18-11-2040 12:00:00,25129.327632545894,5676.953704505095,0.0,433.885,2501.6929999999998,0.0,484.1485500000001,0.0,0.0,0.0,286.471,91.932,0.0,-3186.7075343923934,32069.953709701997
18-11-2040 13:00:00,27438.77349559163,5964.351091336423,0.0,422.82099999999997,2620.865,0.0,480.4210500000001,0.0,0.0,0.0,284.655,92.86,0.0,-4990.929099987141,32981.48720600462
18-11-2040 14:00:00,25898.251973990085,4701.289448232315,0.0,421.67800000000005,3395.389,0.0,479.6344500000001,0.0,0.0,0.0,286.616,93.227,0.0,-2978.802151313823,32949.27355376835
18-11-2040 15:00:00,27348.47742328896,3516.940965605366,0.0,416.767,2753.989,0.0,478.6581000000001,0.0,0.0,0.0,285.082,92.36399999999999,0.0,-4241.171270212046,31266.777761767178
18-11-2040 16:00:00,29389.155413478948,1675.6959296138514,0.0,416.61,2334.11,0.0,475.0278000000001,0.0,0.0,0.0,287.379,93.07,0.0,-5051.005289697634,30220.81686356636
18-11-2040 17:00:00,30860.45481754611,311.96226595691024,0.0,420.152,2664.703,0.0,478.22175000000004,0.0,0.0,0.0,284.6005,91.5215,0.0,-5421.110205253975,30316.464605056917
18-11-2040 18:00:00,32321.539746473554,2.3363099148700863,0.0,419.105,4418.015,0.0,481.3446000000001,0.0,0.0,0.0,289.041,91.565,0.0,-5884.7892253112,32837.76040813591
18-11-2040 19:00:00,33404.7881328012,1.070808711667363,0.0,423.13599999999997,4600.306,0.0,480.3801000000001,0.0,0.0,0.0,286.6795,91.7705,0.0,-5976.618423265176,34045.15858231083
18-11-2040 20:00:00,33095.35490272652,0.7030562248494898,0.0,419.851,4390.05,0.0,476.35665000000006,0.0,0.0,0.0,286.856,92.682,0.0,-4468.31602620233,35031.61063731844
18-11-2040 21:00:00,31651.22615425489,0.5408124806539929,0.0,417.475,3350.778,0.0,477.20535000000007,0.0,0.0,0.0,287.1835,92.8725,0.0,-1932.9173359340239,35042.92585099223
18-11-2040 22:00:00,31651.68640166863,0.7463212233025416,0.0,418.055,2812.756,0.0,483.0246000000001,0.0,0.0,0.0,284.3035,93.3245,0.0,-3079.369241296343,33289.30320167923
18-11-2040 23:00:00,30177.599027478936,0.4867312325886147,0.0,419.314,2186.91,0.0,480.6903000000001,0.0,0.0,0.0,284.7525,93.7755,0.0,-3613.464971787558,30577.494584090728
19-11-2040 00:00:00,27154.079070350363,0.5840774791063377,0.0,419.86400000000003,1882.4679999999998,0.0,475.97805000000005,0.0,0.0,0.0,282.545,93.396,0.0,-2831.6329975597764,27963.786242799506
19-11-2040 01:00:00,24083.52105414851,0.6814237256240605,0.0,422.075,1620.0829999999999,0.0,469.9111500000001,0.0,0.0,0.0,279.83099999999996,93.044,0.0,-1124.6426898078244,26292.215074217755
19-11-2040 02:00:00,20582.16372468102,0.8004024713679445,0.0,418.915,1723.35,1290.0831730590871,471.16050000000007,0.0,0.0,0.0,279.378,92.148,0.0,0.0,25287.332367073843
19-11-2040 03:00:00,17119.954498645508,1.1248899597603543,0.0,418.824,1635.156,4530.361488876428,472.06725000000006,0.0,0.0,0.0,279.23,94.001,0.0,0.0,24971.505179286705
19-11-2040 04:00:00,14702.854985057162,1.178971207825756,0.0,420.73,1720.82,6992.000116634779,470.9175,0.0,0.0,0.0,279.279,94.12200000000001,0.0,0.0,25105.71236267959
19-11-2040 05:00:00,11505.284153531626,1.2979499535696395,0.0,415.653,1905.614,8000.0,470.3248500000001,0.0,0.0,0.0,284.5525,93.7575,0.0,0.0,25931.70584929336
19-11-2040 06:00:00,9656.891869043155,1.6548861908012902,2455.795214670685,417.01199999999994,3806.725,2917.555221429706,473.23215000000005,3669.234626241947,0.0,0.0,287.8655,93.8275,0.0,0.0,29296.51590182509
19-11-2040 07:00:00,8589.551046289032,7.290152239216143,87.63520827940086,415.30400000000003,4405.35,0.0,482.658,14391.724186151481,0.0,0.0,291.6435,94.6345,0.0,0.0,34381.36118971032
19-11-2040 08:00:00,7771.842231825151,417.5072350649007,93.16052386868367,417.47,4974.415,0.0,495.3529500000001,19969.945078714132,0.0,0.0,288.4055,94.3505,0.0,0.0,37393.956666357626
19-11-2040 09:00:00,6245.920943172325,3096.3136954884408,83.56187156631404,416.69,5079.316,0.0,497.6598000000001,22422.732199724378,0.0,0.0,287.0755,94.7605,0.0,0.0,38943.72802996967
19-11-2040 10:00:00,5133.700196270333,7176.949370765643,68.55484157073113,413.702,5261.887,0.0,503.0425500000001,20142.668403260603,0.0,0.0,287.7885,94.9035,0.0,0.0,39822.8559268253
19-11-2040 11:00:00,4656.999905773838,10965.081207756315,97.69186734137591,412.91,5149.276,0.0,498.4746000000001,17139.038285911905,0.0,0.0,288.3465,94.1605,0.0,0.0,40047.16409810596
19-11-2040 12:00:00,5265.996187773433,12860.72629869516,143.03453654231575,418.09,5062.661,0.0,495.54600000000005,14671.423074925662,0.0,0.0,284.1445,94.1325,0.0,0.0,40055.34789391182
19-11-2040 13:00:00,5337.013523795766,13045.10008959973,321.88130375590896,423.704,4726.608,0.0,498.27750000000003,14510.417227618236,0.0,0.0,274.0955,94.5825,0.0,0.0,40012.84460641253
19-11-2040 14:00:00,5628.2573128432405,10870.828408627935,181.89689733607207,426.796,4206.393,0.0,501.9027000000001,15977.233373264738,0.0,0.0,288.0985,94.6705,0.0,0.0,38929.60986623234
19-11-2040 15:00:00,5893.754320173002,7730.514209713482,384.82312631530516,425.467,3888.923,0.0,499.08795000000003,18379.371918342105,0.0,0.0,281.4635,92.5855,0.0,0.0,38322.50687807572
19-11-2040 16:00:00,5785.039240211573,3618.338350564537,286.01060413659684,421.81699999999995,3779.301,0.0,500.5269,22393.02449772241,0.0,0.0,273.4085,93.0135,0.0,0.0,37869.92809038154
19-11-2040 17:00:00,6261.437855933549,558.778271261343,198.49233375326543,424.78,4571.8240000000005,0.0,504.78810000000016,24562.0,0.0,0.0,279.9015,94.4645,63.62713862430246,0.0,38249.95604029367
19-11-2040 18:00:00,6919.436950666122,3.8938498607089187,91.96191043397154,424.0,5911.734,0.0,507.9778500000001,24562.0,0.0,0.0,280.5345,92.9245,530.401848497655,0.0,40102.553516083026
19-11-2040 19:00:00,8032.032857223608,1.7738649365451737,94.31041318003352,423.144,5840.429,0.0,514.9657500000001,24562.0,0.0,0.0,282.2205,93.9735,260.6864743194528,0.0,40906.522548229615
19-11-2040 20:00:00,8811.154373926087,1.092441210921113,92.15680692742065,423.199,5835.629,0.0,519.2331,24430.45492670853,0.0,0.0,284.0635,94.9705,0.0,0.0,41296.55667647733
19-11-2040 21:00:00,9725.109044337889,0.8436674698202657,97.9842120815496,425.85,4967.41,0.0,518.9539500000001,23116.47173989989,0.0,0.0,286.723,95.486,0.0,0.0,39996.36244165947
19-11-2040 22:00:00,10240.75632175002,0.7463212233025427,62.659222643894964,420.909,3725.097,0.0,517.7232,20560.88782164899,0.0,0.0,284.62,94.90700000000001,0.0,0.0,36564.056905209414
19-11-2040 23:00:00,10735.657656975905,0.6381587271717395,0.0,421.564,2502.249,0.0,512.74095,17891.97484242458,0.0,0.0,274.0825,93.4265,0.0,0.0,32989.04270948705
20-11-2040 00:00:00,11731.544102047175,0.49754748220169515,0.0,409.68300000000005,2304.277,0.0,498.0108000000001,14832.491128825257,0.0,0.0,263.699,93.775,0.0,0.0,30622.076183734007
20-11-2040 01:00:00,12559.173375442393,0.7355049736894624,0.0,419.777,2288.5429999999997,0.0,495.97920000000005,12092.867964235144,0.0,0.0,258.175,94.464,0.0,0.0,28656.23543348069
20-11-2040 02:00:00,13581.951419324427,0.8544837194333461,0.0,422.00699999999995,2213.411,0.0,493.47045,9942.929665696427,0.0,0.0,255.1905,93.0025,0.0,0.0,27429.15002252258
20-11-2040 03:00:00,14590.689983315324,1.1897874574388363,0.0,419.99,1873.569,0.0,492.2118000000001,8752.172262758178,0.0,0.0,256.843,93.53200000000001,0.0,0.0,26898.24524114238
20-11-2040 04:00:00,15870.375038703916,1.0708087116949527,0.0,417.73800000000006,2056.534,0.0,491.0103000000001,7278.511377025357,0.0,0.0,256.024,92.916,0.0,0.0,26884.814888243483
20-11-2040 05:00:00,16286.40775851931,0.8004024713679445,1.871006337111638,416.705,2317.364,0.0,491.3307000000001,7333.378321978192,0.0,0.0,258.2985,92.3935,0.0,0.0,27639.41331223743
20-11-2040 06:00:00,16733.168761457324,1.254684955117318,74.14837093272114,418.47900000000004,2471.004,0.0,494.22885000000014,9312.495482768541,0.0,0.0,260.82599999999996,92.676,0.0,0.0,30380.653835469657
20-11-2040 07:00:00,16916.200261834238,11.184002099925062,46.37562061622024,410.22,3233.2470000000003,0.0,501.1003500000001,13372.99228849291,0.0,0.0,257.2445,91.1825,0.0,0.0,35461.71746571112
20-11-2040 08:00:00,18246.087093803264,953.9499508752326,0.0,413.61300000000006,4212.737,0.0,497.41635000000014,13065.318584045315,0.0,0.0,258.0625,92.0065,0.0,0.0,38425.02863605251
20-11-2040 09:00:00,19178.842290868182,4637.8672228438745,0.0,410.23800000000006,4763.514,0.0,498.82365000000004,9230.884155668828,0.0,0.0,257.7045,93.0415,0.0,0.0,39787.55363565375
20-11-2040 10:00:00,20846.38441565704,8851.412973366609,0.0,400.176,4479.293,0.0,499.0840500000001,4393.45899447607,0.0,0.0,259.7885,94.3095,0.0,0.0,40555.49127482056
20-11-2040 11:00:00,22256.068093112008,10720.633966500698,0.0,400.504,3757.9390000000003,0.0,497.9682000000001,2089.412612170345,0.0,0.0,259.756,91.62799999999999,0.0,0.0,40805.50698067182
20-11-2040 12:00:00,22360.656416863007,11954.476008613612,11.06037600323807,407.94800000000004,4072.489,0.0,498.34770000000003,606.7758313456917,0.0,0.0,259.82599999999996,87.742,0.0,0.0,40993.64984231409
20-11-2040 13:00:00,21392.961092708134,13046.408855802913,156.15107055144216,413.842,4228.734,0.0,500.56365000000005,202.53387715998434,0.0,0.0,269.877,85.434,0.0,0.0,41045.92011811699
20-11-2040 14:00:00,22386.36508211869,12221.256111802988,0.0,421.034,3021.67,0.0,501.49485000000016,0.0,0.0,0.0,263.575,84.33200000000001,0.0,0.0,39632.51050813909
20-11-2040 15:00:00,24295.431410587567,9459.848999626702,0.0,416.26800000000003,3056.238,0.0,501.08220000000006,0.0,0.0,0.0,260.3095,84.7985,0.0,0.0,38803.88258325725
20-11-2040 16:00:00,26021.433394163232,4820.121028824278,1163.2494659757988,417.355,2623.643,1433.3838956243399,509.18940000000003,470.5253624277036,0.0,0.0,266.0825,84.5505,0.0,0.0,38558.821049794315
20-11-2040 17:00:00,27091.43127550832,843.5052260760694,102.45708660620713,401.48900000000003,3145.075,0.0,512.1687000000001,5805.653932322416,0.0,0.0,267.6015,85.3905,0.0,0.0,38969.97904297991
20-11-2040 18:00:00,27158.836249487034,4.726701080916104,0.0,392.19699999999995,4357.163,0.0,515.5840500000002,7633.609195382593,0.0,0.0,262.5635,83.7385,0.0,0.0,41180.66557207945
20-11-2040 19:00:00,26821.20029479378,2.163249922616066,0.0,390.897,5161.698,0.0,519.7374,7967.356736361893,0.0,0.0,262.0555,83.8275,0.0,0.0,42018.28190869116
20-11-2040 20:00:00,26574.98726728143,1.2222362062780772,0.0,383.69,5430.828,0.0,522.39765,8418.952346114289,0.0,0.0,268.578,85.508,0.0,0.0,42501.19058762344
20-11-2040 21:00:00,26702.47966814409,1.254684955117318,0.0,386.45099999999996,4931.627,0.0,523.95135,7518.079144903906,0.0,0.0,270.5425,87.0165,0.0,0.0,41192.429778550424
20-11-2040 22:00:00,26560.301893962795,0.7679537225287033,0.0,381.621,3311.042,0.0,523.13895,5910.236976765449,0.0,0.0,271.678,86.589,0.0,0.0,37708.4837465838
20-11-2040 23:00:00,26441.793986705394,0.6381587271717395,0.0,379.449,2268.389,0.0,515.7270000000001,3548.9343161346587,0.0,0.0,271.214,86.07700000000001,0.0,0.0,34079.732143664936
21-11-2040 00:00:00,26329.35051594092,0.4650987333624541,0.0,379.523,1965.796,0.0,501.69615000000005,1430.2182663294661,0.0,0.0,268.749,86.149,0.0,0.0,31458.50215004669
21-11-2040 01:00:00,25892.776389499195,0.8634514921290066,0.0,376.001,1852.964,0.0,497.2287,0.0,0.0,0.0,265.9405,86.5615,0.0,0.0,29424.77755756499
21-11-2040 02:00:00,24871.545546155066,1.0399789669571118,0.0,373.17,1751.1589999999999,0.0,491.1690000000001,0.0,0.0,0.0,266.531,86.50200000000001,0.0,0.0,28271.959721554562
21-11-2040 03:00:00,24293.07490563957,0.8019768486884671,0.0,373.535,1738.543,0.0,496.84590000000003,0.0,0.0,0.0,264.8225,85.9755,0.0,0.0,27674.36370018936
21-11-2040 04:00:00,23893.629754161917,0.9422220038268827,0.0,379.555,1807.6229999999998,0.0,496.8460500000001,0.0,0.0,0.0,262.4155,85.6615,0.0,0.0,27346.566967054652
21-11-2040 05:00:00,24513.510838240887,1.284565486194152,0.0,386.26,1821.2920000000001,0.0,498.5035500000001,0.0,0.0,0.0,265.837,84.501,0.0,0.0,28012.906873189306
21-11-2040 06:00:00,25017.749816458207,1.7954974357713347,0.0,379.671,1977.0639999999999,2015.545278122223,501.6165000000001,0.0,0.0,0.0,266.099,84.516,0.0,0.0,30759.24143731998
21-11-2040 07:00:00,24445.902075603066,10.437680876622517,0.0,375.04699999999997,2675.345,5696.857875719539,512.7148500000001,1111.8072834622362,0.0,0.0,258.678,84.041,0.0,0.0,35788.390786876094
21-11-2040 08:00:00,24347.521290481614,765.758023857248,0.0,375.42699999999996,3575.2529999999997,0.0,521.5027500000001,8346.07355635117,0.0,0.0,260.134,83.07,0.0,0.0,38955.01348438599
21-11-2040 09:00:00,23730.712405347003,5207.959291200501,0.0,374.514,4406.983,0.0,513.54465,4883.329768890035,0.0,0.0,261.387,85.287,0.0,0.0,40178.244327519555
21-11-2040 10:00:00,23989.77294234074,10521.64114481783,0.0,375.58099999999996,4464.555,0.0,513.48015,0.0,0.0,0.0,264.606,85.74700000000001,0.0,0.0,40940.242762875576
21-11-2040 11:00:00,22911.88047335863,12042.159693983454,0.0,377.845,4052.1659999999997,0.0,513.6018000000001,0.0,0.0,0.0,262.605,85.11,0.0,0.0,40974.39857865289
21-11-2040 12:00:00,22953.340682269256,12657.309003978437,0.0,382.599,3408.248,0.0,512.08635,0.0,0.0,0.0,260.684,83.323,0.0,0.0,40990.92501030145
21-11-2040 13:00:00,22224.188111702784,13675.86418494095,0.0,389.639,2800.796,0.0,513.5760000000001,0.0,0.0,0.0,258.895,84.478,0.0,0.0,40704.92106239382
21-11-2040 14:00:00,21361.225261435477,13652.703228715636,0.0,387.221,2380.718,0.0,511.84935000000013,0.0,0.0,0.0,260.281,84.973,0.0,0.0,39407.22809316683
21-11-2040 15:00:00,21584.277904549657,12510.353404560716,0.0,384.524,2346.522,0.0,514.8810000000001,0.0,0.0,0.0,261.2725,83.5135,0.0,0.0,38518.79856839636
21-11-2040 16:00:00,23942.83618333856,8038.496101196331,0.0,384.55699999999996,2838.6929999999998,1148.033415329508,516.3087,0.0,0.0,0.0,262.526,84.624,0.0,0.0,38106.439417180896
21-11-2040 17:00:00,22159.083520729037,1273.472780695239,0.0,384.279,3948.015,8000.0,517.1253,0.0,0.0,0.0,259.6845,85.2175,0.0,0.0,38606.99793973143
21-11-2040 18:00:00,22241.96286359052,4.4130298421367735,0.0,386.86800000000005,5452.597,8000.0,518.8353000000001,0.0,0.0,0.0,260.0915,85.7015,0.0,0.0,41137.41532721752
21-11-2040 19:00:00,22167.893971195153,1.3412149520219607,275.3805016663209,388.87,6023.727,6581.966584670492,516.9961500000001,0.0,0.0,0.0,260.976,86.061,0.0,0.0,41886.280258267994
21-11-2040 20:00:00,21978.70907894309,1.1357062093734345,5013.84137338208,386.27,6503.556,0.0,520.9624500000001,6798.336886881925,0.0,0.0,257.9605,86.1625,0.0,0.0,42349.40461083951
21-11-2040 21:00:00,23849.556796006753,1.243868705504238,0.0,377.105,4859.102,0.0,523.2651000000001,10466.381740475383,0.0,0.0,259.9415,86.2885,0.0,0.0,41180.108701973935
21-11-2040 22:00:00,23836.26376780129,1.1248899597603543,0.0,376.968,4161.669,0.0,520.44645,7797.028721045626,0.0,0.0,261.247,86.552,0.0,0.0,37698.71601429872
21-11-2040 23:00:00,24945.38267920116,0.822034970594105,0.0,385.945,2737.323,0.0,514.33635,4695.081584628937,0.0,0.0,255.953,85.984,0.0,0.0,34184.828449404115
22-11-2040 00:00:00,24791.192060793448,0.5948937287194181,0.0,384.659,2204.988,0.0,502.18440000000004,2667.3230225605002,0.0,0.0,263.0645,85.6665,0.0,0.0,31396.04565240048
22-11-2040 01:00:00,23946.537500764403,0.48673123258861484,0.0,385.034,1930.297,0.0,497.3743500000001,1701.3039556291078,0.0,0.0,269.548,85.87200000000001,0.0,0.0,29272.68617640123
22-11-2040 02:00:00,23061.458520949633,0.45428248374937386,0.0,386.436,1937.1129999999998,0.0,495.13650000000007,1236.148906912258,0.0,0.0,268.768,86.56299999999999,0.0,0.0,27905.90895089743
22-11-2040 03:00:00,22344.006289884674,0.34611998761857055,0.0,383.389,2071.944,0.0,495.69675000000007,1347.4872129066134,0.0,0.0,267.7155,86.0815,0.0,0.0,27421.79241810236
22-11-2040 04:00:00,22496.700137295724,0.6814237256240607,0.0,385.44599999999997,2052.0570000000002,0.0,492.7857,1081.8632995092921,0.0,0.0,265.547,85.605,0.0,0.0,27286.901887759686
22-11-2040 05:00:00,22569.31480257289,0.7246887240763821,0.0,383.81300000000005,2069.8289999999997,0.0,494.72445000000005,1732.0728103571928,0.0,0.0,266.524,86.764,0.0,0.0,28050.700386202316
22-11-2040 06:00:00,22718.35761168718,0.9734624651772297,0.0,381.01599999999996,2143.658,0.0,497.48865000000006,4366.029297069032,0.0,0.0,267.033,85.634,0.0,0.0,30977.977931619687
22-11-2040 07:00:00,22724.135843906843,7.852597219096319,0.0,372.978,3254.917,0.0,508.9071000000001,8127.026775519542,0.0,0.0,272.1595,85.0705,0.0,0.0,35970.27564866192
22-11-2040 08:00:00,21598.14635088572,549.7575190840339,0.0,378.375,4055.075,0.0,519.5871000000001,10836.559568880923,0.0,0.0,269.36400000000003,84.78200000000001,0.0,0.0,38969.31020366815
22-11-2040 09:00:00,20743.06854063446,3248.574041291772,0.0,377.856,4657.144,0.0,523.2073500000001,9432.458262894044,0.0,0.0,270.67900000000003,89.376,0.0,0.0,40058.64484764944
22-11-2040 10:00:00,19860.008461233792,6910.729019038897,0.0,381.305,4960.847,0.0,520.3518000000001,7123.391311033116,0.0,0.0,262.238,90.20700000000001,0.0,0.0,40842.78268260473
22-11-2040 11:00:00,20345.02414615617,9476.408324759228,0.0,373.885,5191.499,0.0,517.8600000000001,3949.4908242189013,0.0,0.0,266.4925,87.7745,0.0,0.0,40943.058360623516
22-11-2040 12:00:00,21251.71154860228,10602.423174479345,0.0,364.74800000000005,5188.834,0.0,521.0449500000001,1872.981551620098,0.0,0.0,273.0245,88.3735,0.0,0.0,40906.11410242074
22-11-2040 13:00:00,21098.298322882758,10170.032779946845,0.0,370.884,4990.2,0.0,517.5679500000001,2668.1406773643102,0.0,0.0,271.8285,90.2895,0.0,0.0,40914.99538082372
22-11-2040 14:00:00,19343.982156540853,7830.413091139892,0.0,380.67699999999996,4219.649,0.0,516.1602,6419.681949550937,0.0,0.0,273.26,89.33200000000001,0.0,0.0,39798.99867408827
22-11-2040 15:00:00,17465.34890971938,5217.4235096119455,0.0,369.338,4615.831,0.0,516.50115,9998.658508417353,0.0,0.0,273.6805,89.5025,0.0,0.0,39249.054663756404
22-11-2040 16:00:00,17838.164784272085,2109.720303280931,0.0,389.24,4727.733,0.0,519.0141000000001,12493.618256167741,0.0,0.0,269.749,88.58,0.0,0.0,39125.798143133245
22-11-2040 17:00:00,19709.530763127874,205.41139640200853,0.0,394.208,4767.342000000001,0.0,518.80785,12912.638072207137,0.0,0.0,269.8515,89.3475,0.0,0.0,39578.414129899335
22-11-2040 18:00:00,20086.922038427467,21.589234227708335,0.0,393.314,5701.403,0.0,523.02945,13795.558013527661,0.0,0.0,266.5615,89.0915,0.0,0.0,41649.70011318571
22-11-2040 19:00:00,20285.51686306938,6.067916032938065,0.0,390.26300000000003,5808.279,0.0,526.1124,14153.548968658855,0.0,0.0,262.15,89.16799999999999,0.0,0.0,42318.78940272042
22-11-2040 20:00:00,21316.65284525575,1.2330524558911575,0.0,392.341,5760.688,0.0,527.1564000000001,13397.266636340708,0.0,0.0,265.77299999999997,88.662,0.0,0.0,42550.298570328814
22-11-2040 21:00:00,21645.896053016844,0.7030562248502215,0.0,398.435,5056.795,0.0,527.0565,12513.082898359728,0.0,0.0,271.988,89.928,0.0,0.0,41262.65827827716
22-11-2040 22:00:00,20925.72101373057,0.6489749767848197,0.0,395.82599999999996,4637.4490000000005,0.0,525.4350000000001,10574.548298840618,0.0,0.0,275.5365,89.2815,0.0,0.0,38083.460434530134
22-11-2040 23:00:00,20042.057584780854,0.627342477558659,0.0,392.454,3371.742,0.0,519.0910500000001,9326.850933322658,0.0,0.0,274.32099999999997,88.896,0.0,0.0,34583.025913968224
23-11-2040 00:00:00,18845.623164283927,0.45428248374937386,0.0,393.824,2853.57,0.0,499.7964,8532.237824099415,0.0,0.0,273.6485,91.1155,0.0,0.0,31990.076514720073
23-11-2040 01:00:00,18433.469672658837,0.757137472915623,0.0,392.22,2604.047,0.0,497.72490000000005,6966.649992344672,0.0,0.0,271.086,90.6,0.0,0.0,29711.806711892663
23-11-2040 02:00:00,16650.695519253848,1.2006037070519164,0.0,395.769,2061.216,0.0,497.9334,7779.561305708743,0.0,0.0,269.3785,90.2055,0.0,0.0,28175.242134757747
23-11-2040 03:00:00,14914.943954420887,1.254684955117318,0.0,395.57800000000003,2281.109,0.0,496.5654,8716.961262409004,0.0,0.0,270.7415,90.2565,0.0,0.0,27586.73607858854
23-11-2040 04:00:00,14328.217458981393,1.4710099473789249,0.0,398.233,2311.0820000000003,0.0,495.30915000000005,9251.694109966926,0.0,0.0,272.3755,88.6015,0.0,0.0,27567.627287372517
23-11-2040 05:00:00,14781.59596883228,1.5899886931228084,0.0,385.45300000000003,2755.2490000000003,0.0,498.0786000000001,9049.766351088012,0.0,0.0,272.6505,89.3995,0.0,0.0,28273.48376752804
23-11-2040 06:00:00,16007.227092827337,2.044271176872182,15.026519644927841,387.69699999999995,2796.316,0.0,502.15575000000007,10363.580022024638,0.0,0.0,275.70799999999997,89.256,0.0,0.0,30949.582020126858
23-11-2040 07:00:00,17755.74568882301,9.58319715718917,0.0,382.175,4333.87,0.0,517.7061000000001,12201.893546944873,0.0,0.0,277.5665,89.1755,0.0,0.0,36177.55929272199
23-11-2040 08:00:00,18276.556246029817,400.15797068551984,0.0,391.207,4748.372,0.0,531.4974000000001,13684.341422821253,0.0,0.0,278.107,89.148,0.0,0.0,39072.876883573044
23-11-2040 09:00:00,18336.852524680737,3825.112594417793,0.0,391.01,5562.078,0.0,527.361,10778.581242165154,0.0,0.0,283.777,91.855,0.0,0.0,40508.84289474559
23-11-2040 10:00:00,20940.777679079387,8761.7678965734,27.626577946414034,404.444,5312.555,0.0,530.0554500000001,4231.561274686532,0.0,0.0,283.6345,92.4195,0.0,0.0,41314.69940779755
23-11-2040 11:00:00,20976.164043023487,12775.476238014604,0.0,403.402,5499.826999999999,0.0,525.3817500000001,0.0,0.0,0.0,283.6845,93.5245,0.0,0.0,41322.906639018685
23-11-2040 12:00:00,19855.489606457722,14535.931181099335,0.0,408.106,4593.024,0.0,530.8492500000001,0.0,0.0,0.0,285.033,92.68700000000001,0.0,0.0,41105.11276919953
23-11-2040 13:00:00,19795.065705333003,14753.217258784953,0.0,412.082,4084.242,0.0,530.6481000000001,0.0,0.0,0.0,289.3455,93.1705,0.0,0.0,40814.0136644213
23-11-2040 14:00:00,20647.881985185886,13854.935118873058,0.0,417.668,2681.1420000000003,0.0,530.9632500000001,0.0,0.0,0.0,288.2905,92.6345,0.0,0.0,39479.87155663774
23-11-2040 15:00:00,21492.601673141187,11863.59428909347,0.0,421.395,2573.123,0.0,529.05465,0.0,0.0,0.0,285.649,93.279,0.0,0.0,38423.92828750734
23-11-2040 16:00:00,23759.870688867457,8908.933396552104,0.0,420.64599999999996,2616.75,0.0,531.7986000000001,0.0,0.0,0.0,283.237,93.15799999999999,0.0,0.0,37912.923149610615
23-11-2040 17:00:00,24106.18533849068,1900.4583220166664,0.0,421.559,3573.745,5906.492215854356,533.8707,0.0,0.0,0.0,285.9385,93.8715,0.0,0.0,38057.90950805199
23-11-2040 18:00:00,24254.257373651068,5.299962310409361,0.0,423.295,5176.772,8000.0,533.9052,0.0,0.0,0.0,288.118,92.59100000000001,0.0,0.0,40407.43264503551
23-11-2040 19:00:00,25204.134547982674,2.260596169133789,0.0,402.411,5539.048000000001,8000.0,537.0135000000001,0.0,0.0,0.0,292.0655,94.1715,0.0,0.0,41046.46322456591
23-11-2040 20:00:00,25235.319210892383,1.3303987024088806,1969.9263672407033,418.967,5477.732,1823.507784145644,539.9917500000001,0.0,0.0,0.0,292.244,92.84,0.0,0.0,41092.55324657251
23-11-2040 21:00:00,25558.90408281856,0.8328512202071854,8038.999078589404,424.751,4319.948,0.0,541.0761000000001,0.0,0.0,0.0,292.33099999999996,93.68700000000001,0.0,0.0,40003.890417828734
23-11-2040 22:00:00,27664.624949972855,0.8977487178856673,4732.124873493634,414.316,3084.991,0.0,540.4056000000002,0.0,0.0,0.0,291.5125,95.3005,0.0,0.0,37479.251534163035
23-11-2040 23:00:00,28744.396320487347,0.822034970594105,1337.3361662399257,416.49199999999996,2470.823,0.0,531.4288500000001,0.0,0.0,0.0,285.108,94.554,0.0,0.0,34457.42175992092
24-11-2040 00:00:00,27959.942756486835,0.6946055712390227,0.0,410.01800000000003,2229.554,0.0,515.7771000000001,0.0,0.0,0.0,288.7975,94.9625,0.0,0.0,32011.44924144859
24-11-2040 01:00:00,25758.089989252556,0.7734517578439911,0.0,406.2,2088.913,0.0,515.1975000000001,0.0,0.0,0.0,288.4695,94.8395,0.0,0.0,29618.481680448076
24-11-2040 02:00:00,24074.07267454095,1.0681765326163195,0.0,412.035,2037.729,0.0,512.5024500000001,0.0,0.0,0.0,290.0045,94.7725,0.0,0.0,27859.18989258593
24-11-2040 03:00:00,23346.365285824573,1.1639833068206147,0.0,412.17900000000003,1842.967,0.0,513.9354000000001,0.0,0.0,0.0,289.4405,94.2655,0.0,0.0,26924.381309020635
24-11-2040 04:00:00,22798.719130469013,1.7522324373190132,0.0,411.745,1929.2820000000002,78.7252340533887,515.1099,0.0,0.0,0.0,289.0365,93.8165,0.0,0.0,26539.299493207633
24-11-2040 05:00:00,19909.599153014555,2.6067161567523596,0.0,415.55400000000003,2060.301,2642.543596312411,514.0929,0.0,0.0,0.0,290.8535,94.9705,0.0,0.0,26360.63718701575
24-11-2040 06:00:00,18037.227591577033,5.364859808087843,3627.1857609941203,421.48800000000006,2096.047,208.16511124276985,513.6748500000001,1243.1469232629202,0.0,0.0,289.496,93.902,0.0,0.0,26999.935599863435
24-11-2040 07:00:00,17147.67376927355,19.642309297353876,47.78862019372643,418.819,2604.481,0.0,517.88655,7159.956240944385,0.0,0.0,289.8655,93.8915,0.0,0.0,28810.21317957769
24-11-2040 08:00:00,16220.077984377987,1831.4614657348268,97.96472243220468,424.48,3088.632,0.0,518.8299000000001,7587.492410026408,0.0,0.0,290.8185,94.8295,0.0,0.0,30747.12941952728
24-11-2040 09:00:00,15207.015415285636,10485.488699912332,119.0135437247106,425.755,4415.388,0.0,516.7989,1879.9424110092107,0.0,0.0,295.4605,94.9235,0.0,0.0,34113.43561872861
24-11-2040 10:00:00,13149.681674021747,16520.713305750796,0.0,426.463,4547.439,0.0,513.7387500000001,0.0,0.0,0.0,296.007,95.12700000000001,0.0,0.0,36294.18396281665
24-11-2040 11:00:00,12878.45974096881,17433.064686527767,0.0,427.149,3927.824,0.0,512.8632,0.0,0.0,0.0,294.3115,94.5545,0.0,0.0,36533.477036208555
24-11-2040 12:00:00,13901.400930546393,16838.523318749212,0.0,420.707,2779.2340000000004,0.0,507.8359500000001,0.0,0.0,0.0,294.507,94.684,0.0,0.0,36057.37132353531
24-11-2040 13:00:00,16033.564063994778,16905.312462351816,0.0,429.05199999999996,2631.778,0.0,502.0647000000001,0.0,0.0,0.0,291.183,94.906,0.0,-2070.0421200002165,36072.51655364627
24-11-2040 14:00:00,24548.25877752822,22304.23912946586,0.0,431.17900000000003,2469.379,0.0,495.3835500000001,0.0,0.0,0.0,287.1875,94.7375,0.0,-12200.0,35475.05816884688
24-11-2040 15:00:00,25755.129911272423,17802.65165726845,0.0,425.515,2413.174,0.0,492.6378000000001,0.0,0.0,0.0,286.274,95.171,0.0,-12200.0,33917.71233022576
24-11-2040 16:00:00,25775.73382948018,9292.207510661823,0.0,429.045,2654.762,0.0,490.0948500000001,0.0,0.0,0.0,283.1295,93.5275,0.0,-7195.0131936790385,32969.69249629474
24-11-2040 17:00:00,26710.535931673912,1159.1558385345927,0.0,423.501,2818.0409999999997,487.7820170707455,492.4489500000001,0.0,0.0,0.0,285.515,95.488,0.0,0.0,33381.9668336264
24-11-2040 18:00:00,29002.52550159324,7.225254741537659,0.0,422.11400000000003,3697.248,1238.7693883114807,496.4728500000001,0.0,0.0,0.0,290.3395,95.5505,0.0,0.0,36002.988512442316
24-11-2040 19:00:00,31017.144744288973,1.3128861710899744,0.0,423.791,3767.454,0.0,501.4575000000001,0.0,0.0,0.0,282.1545,95.3705,0.0,0.0,36853.60146077522
24-11-2040 20:00:00,35415.236981067595,0.8358915716333357,0.0,424.774,3385.0809999999997,0.0,504.3904500000001,0.0,0.0,0.0,290.1155,94.7245,0.0,-3551.8869580441424,37324.94011239157
24-11-2040 21:00:00,37443.57737021385,0.583370571070114,0.0,424.789,2672.736,0.0,505.07070000000004,0.0,0.0,0.0,291.8055,95.6225,0.0,-5492.831637941756,36666.74345507447
24-11-2040 22:00:00,38527.1533565957,0.5407757972849478,0.0,425.12300000000005,2466.2670000000003,0.0,502.19640000000004,0.0,0.0,0.0,288.671,94.03399999999999,0.0,-8087.38274390739,34861.580003757445
24-11-2040 23:00:00,39752.60601982179,0.4650969742887607,0.0,424.534,2218.012,0.0,496.6933500000001,0.0,0.0,0.0,286.01,93.96700000000001,0.0,-11163.746681171942,32681.464415881528
25-11-2040 00:00:00,39817.35810357748,0.6706073589912824,0.0,421.75699999999995,2352.915,0.0,485.4543000000001,0.0,0.0,0.0,281.3725,94.4915,0.0,-12200.0,30178.172963575464
25-11-2040 01:00:00,40647.670443820585,0.6597912218866777,0.0,420.244,2020.2320000000002,0.0,484.3795500000001,0.0,0.0,0.0,280.387,95.391,0.0,-12200.0,27914.920426051856
25-11-2040 02:00:00,40384.66058637336,0.7355049734869964,0.0,416.255,1984.9979999999998,0.0,483.8817,0.0,0.0,0.0,280.131,94.762,0.0,-12200.0,26321.468052325894
25-11-2040 03:00:00,39344.99650104102,0.9734624651662276,0.0,419.67199999999997,1816.6229999999998,0.0,484.86465,0.0,0.0,0.0,278.6155,94.6835,0.0,-12200.0,25317.247116670114
25-11-2040 04:00:00,37999.82481425651,1.384479950473634,0.0,416.79699999999997,1626.454,0.0,484.90995000000004,0.0,0.0,0.0,281.6975,94.8575,0.0,-12200.0,24763.625978086395
25-11-2040 05:00:00,35312.42857034035,1.2546849551172927,0.0,414.603,1492.703,0.0,485.5743000000001,0.0,0.0,0.0,283.336,95.40899999999999,0.0,-12200.0,24669.111692314924
25-11-2040 06:00:00,30756.041069495033,1.2006037070519153,0.0,413.689,1885.046,0.0,483.77565000000004,0.0,0.0,0.0,285.902,95.786,0.0,-9163.751856697683,25204.53430097069
25-11-2040 07:00:00,28692.051879482755,10.5566596223664,0.0,413.091,2116.556,0.0,483.5616000000001,0.0,0.0,0.0,285.3515,95.6525,0.0,-6272.861571617068,26293.08516050822
25-11-2040 08:00:00,29010.05963570562,808.6444535731115,0.0,412.76199999999994,2028.359,0.0,487.15740000000005,0.0,0.0,0.0,278.44,95.655,0.0,-6660.632462635713,26988.479401707365
25-11-2040 09:00:00,27644.91553137086,5723.331952764551,0.0,415.276,2268.3160000000003,0.0,489.75060000000013,0.0,0.0,0.0,279.3905,95.0195,0.0,-8074.1662953810555,29444.021381411814
25-11-2040 10:00:00,26912.816603240408,11427.605673710856,0.0,416.95300000000003,2486.694,0.0,488.2555500000001,0.0,0.0,0.0,283.847,95.029,0.0,-10655.544512438457,32134.9750833519
25-11-2040 11:00:00,25908.398176725656,15112.691100637712,0.0,415.21,2989.04,0.0,491.0187000000001,0.0,0.0,0.0,280.35,93.59899999999999,0.0,-12200.0,33294.33400415554
25-11-2040 12:00:00,27034.913666789536,18132.923296347744,0.0,412.17,3140.5170000000003,0.0,490.47375000000005,0.0,0.0,0.0,283.7585,92.9275,0.0,-12200.0,33356.91065480382
25-11-2040 13:00:00,28184.29455771192,17700.97636804938,0.0,414.435,2746.913,0.0,489.10290000000003,0.0,0.0,0.0,283.6445,94.0525,0.0,-12200.0,33877.300002554875
25-11-2040 14:00:00,29780.966316240392,15547.558416331607,0.0,414.667,2704.833,0.0,489.0756000000001,0.0,0.0,0.0,279.5735,95.6245,0.0,-12200.0,33665.29207637047
25-11-2040 15:00:00,28915.337624131556,10811.295770757537,0.0,413.501,2832.77,0.0,489.3628500000001,0.0,0.0,0.0,277.217,94.109,0.0,-12200.0,32154.01059239639
25-11-2040 16:00:00,27970.461289331422,4914.189951709238,0.0,410.809,2765.258,0.0,487.31865000000005,0.0,0.0,0.0,278.469,94.603,0.0,-6239.736859378932,31334.660116032686
25-11-2040 17:00:00,25743.200296673273,491.45793366953086,0.0,412.539,3802.3,0.0,490.7185500000001,0.0,0.0,0.0,283.6925,94.9545,0.0,-224.33858152784524,31752.113680137318
25-11-2040 18:00:00,25611.00873105366,4.672619832850703,0.0,411.36699999999996,5367.654,1453.6227648519452,493.98525000000006,0.0,0.0,0.0,284.5875,94.9935,0.0,0.0,34427.40917676572
25-11-2040 19:00:00,25953.297439000096,1.243868705504238,0.0,415.781,5647.347,2209.6490462284273,497.66940000000005,0.0,0.0,0.0,285.256,94.84899999999999,0.0,0.0,35841.21644482166
25-11-2040 20:00:00,26596.9244380645,0.9410137163379886,0.0,413.347,5074.809,3166.2940523064026,498.5073000000001,0.0,0.0,0.0,283.682,93.647,0.0,0.0,36871.62143515837
25-11-2040 21:00:00,27783.85997078935,1.178971207825756,0.0,410.559,3884.45,3072.735690004032,498.19020000000006,0.0,0.0,0.0,285.9315,94.9415,0.0,0.0,36737.53589273044
25-11-2040 22:00:00,28927.025587831562,0.8112187209810247,0.0,406.05699999999996,3097.388,1099.1242735944834,492.9937500000001,0.0,0.0,0.0,283.0615,95.7225,0.0,0.0,35028.68307036424
25-11-2040 23:00:00,27880.63142559143,0.6726887648508952,0.0,403.36,2762.173,0.0,491.8524,0.0,0.0,0.0,281.842,95.164,0.0,0.0,32461.53457535702
26-11-2040 00:00:00,25483.341724376958,0.41026962562732777,0.0,398.965,2411.224,0.0,482.7628500000001,0.0,0.0,0.0,280.732,94.01100000000001,0.0,0.0,29634.589622538373
26-11-2040 01:00:00,25991.306878647036,0.6789324915975495,0.0,395.654,1774.786,0.0,480.8154,0.0,0.0,0.0,277.0815,92.4345,0.0,-1940.0571312564498,27515.60661734169
26-11-2040 02:00:00,36406.192916202424,0.9732921524660755,0.0,398.603,1551.2379999999998,0.0,480.7671000000001,0.0,0.0,0.0,269.928,93.807,0.0,-12200.0,26041.524949193972
26-11-2040 03:00:00,40663.45349112306,1.275574920845612,0.0,394.29699999999997,1317.414,0.0,480.7480500000001,0.0,0.0,0.0,265.2465,94.5055,0.0,-12200.0,25507.76476705897
26-11-2040 04:00:00,42029.656309667946,1.7413596985477862,0.0,397.88599999999997,1581.832,0.0,482.54505000000006,0.0,0.0,0.0,273.193,94.807,0.0,-12200.0,25572.0745224645
26-11-2040 05:00:00,41568.66715755163,2.0875322314942926,0.0,383.848,1943.545,0.0,487.0660500000001,0.0,0.0,0.0,272.0465,92.2135,0.0,-12200.0,26574.43364457444
26-11-2040 06:00:00,41797.05095680901,2.174065936941083,0.0,377.474,2456.238,0.0,487.6152000000001,0.0,0.0,0.0,275.472,92.97399999999999,0.0,-12200.0,30181.28912982393
26-11-2040 07:00:00,42152.033606435885,17.565589263104627,0.0,381.38800000000003,2945.406,0.0,502.00965,0.0,0.0,0.0,280.64,91.611,0.0,-11500.35493386826,35482.0028635696
26-11-2040 08:00:00,42896.88047346235,1207.5477388925897,0.0,385.18800000000005,3874.659,0.0,520.6665,0.0,0.0,0.0,278.41200000000003,92.432,0.0,-10740.202917136998,39192.894481010684
26-11-2040 09:00:00,42630.53647008255,9728.66489807486,0.0,383.885,4350.1990000000005,0.0,521.27115,0.0,0.0,0.0,277.0875,86.6745,0.0,-12200.0,40833.765627589535
26-11-2040 10:00:00,42887.43574700821,19664.071591559743,0.0,382.54,4578.356,0.0,521.2563,0.0,0.0,0.0,275.089,82.76299999999999,0.0,-12200.0,41641.94373471532
26-11-2040 11:00:00,44044.12258218176,25333.00862503472,0.0,380.94300000000004,4074.3520000000003,0.0,520.1779500000001,0.0,0.0,0.0,277.0845,87.8195,0.0,-12200.0,41697.95326122008
26-11-2040 12:00:00,44689.18060261418,25432.701997719472,0.0,384.139,3789.673,0.0,526.0915500000001,0.0,0.0,0.0,279.26599999999996,90.65799999999999,0.0,-12200.0,41269.636824155285
26-11-2040 13:00:00,44946.09921699679,22519.150471943303,0.0,386.788,3833.5159999999996,0.0,529.0944000000001,0.0,0.0,0.0,281.0495,91.3945,0.0,-12200.0,41225.18170135629
26-11-2040 14:00:00,45422.55971472379,19835.530780441946,0.0,379.034,3222.715,0.0,532.5570000000001,0.0,0.0,0.0,280.086,91.848,0.0,-12200.0,40070.243518250696
26-11-2040 15:00:00,44727.849120507286,15024.571115039944,0.0,385.165,3530.487,0.0,535.1928000000001,0.0,0.0,0.0,279.1225,90.5175,0.0,-12200.0,39291.534887831185
26-11-2040 16:00:00,44390.445223332885,8233.58879546746,0.0,373.327,3283.6209999999996,0.0,536.8017000000001,0.0,0.0,0.0,281.0885,91.1135,0.0,-12200.0,38753.345412211616
26-11-2040 17:00:00,41914.59648121937,1430.535541326778,0.0,391.055,3715.403,0.0,540.9369,0.0,0.0,0.0,285.4125,91.3345,0.0,-9969.3274080054,39303.32885355962
26-11-2040 18:00:00,40799.293236941834,4.586089835946059,0.0,401.38,4966.946,0.0,543.4135500000001,0.0,0.0,0.0,286.3935,89.4795,0.0,-6247.661600228661,41661.15184745316
26-11-2040 19:00:00,40575.16821759981,2.1416174233899055,0.0,402.691,5489.238,0.0,543.2077500000001,0.0,0.0,0.0,283.498,89.56200000000001,0.0,-5653.798462996267,42570.62600313849
26-11-2040 20:00:00,39510.42257143163,1.2979499535696395,0.0,403.154,5943.147,0.0,544.6806000000001,0.0,0.0,0.0,281.83299999999997,90.975,0.0,-4432.842773682205,43183.49335946819
26-11-2040 21:00:00,38801.32054342038,1.243868705504238,0.0,404.97900000000004,5514.4259999999995,0.0,545.9124,0.0,0.0,0.0,283.2645,91.0785,0.0,-4431.578751268375,42008.181244713116
26-11-2040 22:00:00,37315.64576378881,1.2006037070519164,0.0,407.25699999999995,4466.68,0.0,546.9102,0.0,0.0,0.0,285.328,91.852,0.0,-5262.228622377668,38533.60714690711
26-11-2040 23:00:00,33951.05926831313,0.8544837194333461,0.0,410.8,3755.547,0.0,541.3704000000001,0.0,0.0,0.0,284.04400000000004,93.522,0.0,-4993.835371941059,34622.99148078628
27-11-2040 00:00:00,32354.182525643,0.6165262279455788,0.0,410.441,3469.759,0.0,524.4945000000001,0.0,0.0,0.0,284.46,93.225,0.0,-5709.9020233361625,31934.735083545645
27-11-2040 01:00:00,31272.09444756521,0.8328512202071854,0.0,410.37,2538.036,0.0,522.2541000000001,0.0,0.0,0.0,275.3475,93.6715,0.0,-5908.288440324581,29668.618589480688
27-11-2040 02:00:00,30261.42207091714,1.243868705504238,0.0,408.88599999999997,2141.245,0.0,522.2799000000001,0.0,0.0,0.0,274.612,94.755,0.0,-5820.295750192923,28326.426974540627
27-11-2040 03:00:00,29693.34139711819,1.2979499535696395,0.0,400.02099999999996,1965.7939999999999,0.0,518.1691500000001,0.0,0.0,0.0,284.3665,94.0295,0.0,-5753.829216444166,27635.822485832246
27-11-2040 04:00:00,29498.169420879487,1.9793736791937002,0.0,404.615,2050.851,0.0,518.4742500000001,0.0,0.0,0.0,280.95599999999996,94.757,0.0,-5702.497881822997,27582.089170533673
27-11-2040 05:00:00,29950.553951024584,2.595899907139279,0.0,389.41,2058.995,0.0,522.6612,0.0,0.0,0.0,271.37,92.931,0.0,-5425.4820628431735,28317.493989427785
27-11-2040 06:00:00,29305.75892911524,3.320588631215661,0.0,391.711,2699.973,0.0,523.6233000000001,0.0,0.0,0.0,270.1275,92.7465,0.0,-2553.3488287482105,31263.111793236858
27-11-2040 07:00:00,29643.41808956039,14.861526968372374,0.0,393.749,3342.487,1693.5893179015293,520.6017,0.0,0.0,0.0,274.3745,92.0645,0.0,0.0,36611.55677203892
27-11-2040 08:00:00,28668.204101794396,1414.2787181583185,0.0,403.13599999999997,4182.918,3768.8980373607446,526.10715,0.0,0.0,0.0,273.06,90.65,0.0,0.0,40028.27924530246
27-11-2040 09:00:00,25993.030603159455,8900.986861696909,0.0,401.389,4491.617,0.0,521.1385500000001,0.0,0.0,0.0,271.7625,91.7185,0.0,0.0,41402.15107778851
27-11-2040 10:00:00,21275.383376486367,16904.010964772897,0.0,397.915,4853.767,0.0,520.9897500000001,0.0,0.0,0.0,272.895,91.816,0.0,-3014.8138127826896,42048.102172644954
27-11-2040 11:00:00,22918.66978672495,26020.768922998737,0.0,400.96,4691.130999999999,0.0,518.9454000000001,0.0,0.0,0.0,261.9205,90.9325,0.0,-12200.0,41721.85031696399
27-11-2040 12:00:00,24780.598413935255,29285.225689084626,0.0,399.061,3829.7009999999996,0.0,520.9933500000001,0.0,0.0,0.0,257.51599999999996,90.395,0.0,-12200.0,41399.380862908205
27-11-2040 13:00:00,25368.807990795398,29266.393254579656,0.0,400.728,3336.613,0.0,521.2804500000001,0.0,0.0,0.0,259.8545,91.7225,0.0,-12200.0,40823.396758303476
27-11-2040 14:00:00,25602.272075690016,26768.866183416667,0.0,407.535,3021.47,0.0,520.6297500000001,0.0,0.0,0.0,259.314,89.76899999999999,0.0,-12200.0,39715.74789528074
27-11-2040 15:00:00,25176.43655135906,21860.385111946478,0.0,408.616,2786.022,0.0,523.5447,0.0,0.0,0.0,259.339,89.507,0.0,-12200.0,39136.71383877543
27-11-2040 16:00:00,24124.765272531262,12224.546875290389,0.0,423.574,3126.6,0.0,525.48315,0.0,0.0,0.0,263.025,89.681,0.0,-3788.3167474175643,38670.62286022426
27-11-2040 17:00:00,24620.69553406039,2203.7675936666647,0.0,417.556,4445.607,5284.265267068244,526.5499500000001,0.0,0.0,0.0,261.7115,92.4755,0.0,0.0,39219.129126429325
27-11-2040 18:00:00,26445.205232232664,7.679537225287033,0.0,421.148,5467.585,7635.714007060691,532.11495,0.0,0.0,0.0,265.4405,91.8495,0.0,0.0,41760.208139896895
27-11-2040 19:00:00,26963.911801268456,2.195698671455307,0.0,416.691,6195.919,7579.359241153536,536.8221000000001,0.0,0.0,0.0,273.263,92.262,0.0,0.0,42907.25602787345
27-11-2040 20:00:00,26642.80607716879,1.5359074450574066,612.7914991124417,422.774,5677.170999999999,3230.6614750610825,537.1822500000001,0.0,0.0,0.0,271.473,91.51700000000001,0.0,0.0,43329.102802362955
27-11-2040 21:00:00,25941.671357305124,1.1681549582126758,4831.780528536496,421.54900000000004,4155.192,0.0,538.0183500000002,0.0,0.0,0.0,273.202,92.37700000000001,0.0,0.0,42051.04461922789
27-11-2040 22:00:00,25188.018153297722,1.1248899597603543,3121.0456274085154,395.56800000000004,3594.264,0.0,536.5992000000001,0.0,0.0,0.0,271.035,92.75,0.0,0.0,38892.48296058682
27-11-2040 23:00:00,24303.387818019415,1.0275437132426313,5953.369225906441,371.19599999999997,3006.591,0.0,529.9188,0.0,0.0,0.0,273.21299999999997,93.44,0.0,0.0,35122.60440293048
28-11-2040 00:00:00,24486.960785940348,0.7030562248502215,3367.0456456428474,364.934,2544.9,0.0,513.9376500000001,0.0,0.0,0.0,270.0575,93.9005,0.0,0.0,32163.388106417777
28-11-2040 01:00:00,25200.765846333863,0.8869324682725869,849.0935846978064,382.506,2046.201,0.0,506.84520000000003,0.0,0.0,0.0,271.5715,94.5005,0.0,0.0,29830.580372367782
28-11-2040 02:00:00,24770.779508421736,1.277211000100525,0.0,387.70099999999996,1881.589,0.0,505.76265000000006,0.0,0.0,0.0,272.943,94.745,0.0,0.0,28370.45914389276
28-11-2040 03:00:00,24347.468621307842,1.3380791837490182,0.0,381.72,1908.4289999999999,0.0,505.5876000000001,0.0,0.0,0.0,275.1535,94.5965,0.0,0.0,27961.928521151574
28-11-2040 04:00:00,24147.38578944671,1.8596348868136103,0.0,382.62800000000004,1911.214,0.0,501.8028000000001,0.0,0.0,0.0,275.858,95.225,0.0,0.0,27765.378669272337
28-11-2040 05:00:00,24689.456630385663,2.414523230718967,0.0,382.397,2073.111,0.0,505.4265000000001,0.0,0.0,0.0,272.8005,93.5285,0.0,0.0,28487.857926672496
28-11-2040 06:00:00,25644.854320179646,3.2448748839240986,0.0,379.094,2460.337,1661.888977068269,510.2494500000001,0.0,0.0,0.0,270.1915,93.0085,0.0,0.0,31565.85569546542
28-11-2040 07:00:00,25318.554375282787,17.208653134410802,4241.00531568855,379.525,3799.748,1879.289728560887,524.2614,0.0,0.0,0.0,272.85200000000003,93.06299999999999,0.0,0.0,37176.32833240818
28-11-2040 08:00:00,24682.770920355913,1968.2437583418402,6942.018631690287,397.019,4939.092000000001,0.0,532.6422,0.0,0.0,0.0,269.6615,92.7935,0.0,0.0,40535.48040611233
28-11-2040 09:00:00,22749.730869459592,12458.984992960468,0.0,410.811,4252.281,0.0,537.3679500000001,0.0,0.0,0.0,272.8815,93.1075,0.0,0.0,41513.18286743126
28-11-2040 10:00:00,17480.29951645073,18410.376267583895,0.0,427.25199999999995,3545.308,0.0,530.8257,0.0,0.0,0.0,272.1455,93.7615,0.0,0.0,41646.68438443124
28-11-2040 11:00:00,14373.484306451206,20490.985991460602,0.0,433.407,3844.5890000000004,0.0,534.5998500000001,0.0,0.0,0.0,271.9625,94.1635,0.0,0.0,41352.79758120894
28-11-2040 12:00:00,13586.5663741574,21344.058593590453,0.0,436.999,3330.55,0.0,533.12445,0.0,0.0,0.0,267.9635,93.4475,0.0,0.0,41035.46755091929
28-11-2040 13:00:00,15782.475727761966,24362.054403806418,0.0,440.652,3367.1690000000003,0.0,533.7624000000001,0.0,0.0,0.0,269.2805,94.6545,0.0,-5692.576532859137,40600.38497467663
28-11-2040 14:00:00,18780.139726396348,27355.401104127268,0.0,440.23,3076.37,0.0,531.2989500000001,0.0,0.0,0.0,262.2045,91.5215,0.0,-12200.0,39473.84567898961
28-11-2040 15:00:00,18372.660089368514,22165.781198493725,0.0,440.75699999999995,3260.0679999999998,0.0,529.6066500000001,0.0,0.0,0.0,259.497,92.345,0.0,-7867.293976167723,38972.94008909876
28-11-2040 16:00:00,17889.917478603576,11864.668688076206,0.0,439.795,3413.0040000000004,2411.887912495553,528.4473,0.0,0.0,0.0,257.865,90.181,0.0,0.0,38717.65587870212
28-11-2040 17:00:00,18238.777281959115,2062.1288049833774,0.0,438.394,4566.379,8000.0,531.4428000000001,0.0,0.0,0.0,258.801,93.126,0.0,0.0,39530.80861770577
28-11-2040 18:00:00,19291.962596062673,8.177084707488728,2353.349360780994,443.03,5524.661,8000.0,539.9706000000001,0.0,0.0,0.0,260.915,93.42,0.0,0.0,42377.2410482918
28-11-2040 19:00:00,19444.04922629937,2.271412418746869,5763.6811205860795,432.61800000000005,5470.883000000001,5318.112087504447,540.6604500000001,0.0,0.0,0.0,263.9095,94.0085,0.0,0.0,43181.51883273466
28-11-2040 20:00:00,20267.435714724736,2.0226386776460217,15068.507412979638,428.36800000000005,4624.52,0.0,544.00845,300.47868597730485,0.0,0.0,261.242,93.92299999999999,0.0,0.0,43421.994092629815
28-11-2040 21:00:00,21286.937879965502,1.6224374419620493,14742.574482747455,410.912,4136.3640000000005,0.0,545.3962500000001,0.0,0.0,0.0,258.639,94.70200000000001,0.0,0.0,42279.12700833791
28-11-2040 22:00:00,21883.4958789541,1.4169286993135233,11782.274892293153,400.417,3334.515,0.0,545.8063500000002,0.0,0.0,0.0,267.61400000000003,94.352,0.0,0.0,39010.613449109725
28-11-2040 23:00:00,22059.21369986156,1.2655012047303984,8938.473721685787,398.906,2322.5860000000002,0.0,538.5109500000001,0.0,0.0,0.0,273.082,95.896,0.0,0.0,35221.09489749145
29-11-2040 00:00:00,22460.015711188993,0.7895862217548639,5679.387528433552,400.01800000000003,2347.261,0.0,526.0303500000001,0.0,0.0,0.0,273.6675,95.0075,0.0,0.0,32294.76555641541
29-11-2040 01:00:00,23613.66646045844,0.7138724744633017,2162.4486518731464,403.412,2335.848,0.0,515.88015,0.0,0.0,0.0,278.39099999999996,94.15899999999999,0.0,0.0,29873.707860292638
29-11-2040 02:00:00,23883.189665740454,0.7463212233025427,622.9533777378601,405.241,2191.139,0.0,510.28935000000007,0.0,0.0,0.0,284.144,95.152,0.0,0.0,28438.148806966106
29-11-2040 03:00:00,23596.467130685465,0.7895862217548639,275.01876896194153,404.619,2240.132,0.0,512.0815500000001,0.0,0.0,0.0,282.1035,95.4535,0.0,0.0,27843.256414142586
29-11-2040 04:00:00,22228.712379263514,1.4710099473789249,1708.0452753632198,407.059,2242.8320000000003,0.0,510.9135000000001,0.0,0.0,0.0,273.264,94.791,0.0,0.0,27905.447682406542
29-11-2040 05:00:00,21984.01159324908,1.7630486869320938,2499.636159090729,412.26199999999994,2304.889,0.0,512.43315,0.0,0.0,0.0,276.188,94.52799999999999,0.0,0.0,28543.353362004367
29-11-2040 06:00:00,21544.715107167794,2.6824299040439215,5383.207442122028,408.11,2871.2540000000004,0.0,518.8782000000001,0.0,0.0,0.0,280.673,93.40799999999999,0.0,0.0,31634.80157119498
29-11-2040 07:00:00,21679.474775996143,15.834989433549602,10011.093480085103,396.07099999999997,3408.493,0.0,535.9314,0.0,0.0,0.0,281.697,94.036,0.0,0.0,37063.47155630072
29-11-2040 08:00:00,22442.031253477206,1828.6816895842649,10010.61421352586,401.913,3915.8979999999997,0.0,545.3197500000001,0.0,0.0,0.0,285.4445,92.8255,0.0,0.0,40222.31853182286
29-11-2040 09:00:00,22045.940009782666,12742.818361662972,836.9058368722508,409.62800000000004,3710.07,0.0,540.6304500000001,0.0,0.0,0.0,285.0855,92.7665,0.0,0.0,41397.785394716775
29-11-2040 10:00:00,16714.24221287532,19099.43744074881,0.0,409.24800000000005,3824.7790000000005,0.0,536.9725500000001,0.0,0.0,0.0,280.5985,93.3225,0.0,0.0,41899.882842869534
29-11-2040 11:00:00,13937.678488357646,21103.148485470105,0.0,405.147,3774.048,0.0,534.8565000000001,0.0,0.0,0.0,277.256,93.486,0.0,0.0,41596.97898463206
29-11-2040 12:00:00,13658.896016330982,21081.69362610415,0.0,409.714,3718.4990000000003,0.0,536.4243000000001,0.0,0.0,0.0,273.317,91.65100000000001,0.0,0.0,41276.98252487251
29-11-2040 13:00:00,14927.635194817389,19992.39588379708,0.0,417.085,3438.725,0.0,538.1983500000001,0.0,0.0,0.0,274.1265,91.7945,0.0,0.0,41042.562157901535
29-11-2040 14:00:00,16719.196668019333,17624.16270166382,0.0,418.37800000000004,2994.224,0.0,536.9523000000002,0.0,0.0,0.0,275.4855,90.6945,0.0,0.0,39901.18787236278
29-11-2040 15:00:00,16330.073248318471,14843.193425278203,0.0,421.545,3548.7929999999997,2101.329459764549,537.5028000000001,0.0,0.0,0.0,277.2115,93.6505,0.0,0.0,39354.64422918826
29-11-2040 16:00:00,14808.913006427625,6352.2211540178805,0.0,425.176,4299.161,8000.0,541.2756000000002,0.0,0.0,0.0,273.1835,92.7385,0.0,0.0,39266.15768101858
29-11-2040 17:00:00,14088.36667511117,777.201615947887,4923.4090786324705,421.69599999999997,5159.951,8000.0,548.2239000000001,0.0,0.0,0.0,274.349,92.146,0.0,0.0,40148.15920617422
29-11-2040 18:00:00,16684.800239275904,4.207521099488249,11278.693337926377,421.199,5983.715999999999,5628.670540235449,551.2206000000001,0.0,0.0,0.0,281.655,93.016,0.0,0.0,42479.47265350821
29-11-2040 19:00:00,18560.258165714284,1.676518690027451,15068.507412979638,420.579,6216.371,0.0,553.0588500000001,1186.022250133712,0.0,0.0,281.815,93.257,0.0,0.0,43213.087453065134
29-11-2040 20:00:00,19237.97441429948,1.3736637008612018,15068.507412979638,428.464,5412.15,0.0,554.3829000000001,1557.4861489843533,0.0,0.0,282.5335,92.3405,0.0,0.0,43466.50129412941
29-11-2040 21:00:00,20307.794384880108,1.2114199566649968,11441.317935878636,433.19599999999997,4505.778,0.0,553.3953000000001,3855.472060272048,0.0,0.0,284.438,92.962,0.0,0.0,42263.50823404238
29-11-2040 22:00:00,20626.16183025721,1.1681549582126758,85.9006294877036,433.468,4014.365,0.0,551.9845500000001,12448.299661451128,0.0,0.0,283.22700000000003,93.594,0.0,0.0,39224.02898817275
29-11-2040 23:00:00,22225.486779751333,0.6057099783324984,84.04911279993688,430.33,2625.784,0.0,543.6418500000002,8601.71613619574,0.0,0.0,276.6665,94.4385,0.0,0.0,35471.135526720835
30-11-2040 00:00:00,22677.944794777402,0.5299962310409362,91.1141106874678,434.208,2242.333,0.0,529.4568,5766.9173454822085,0.0,0.0,277.533,93.904,0.0,0.0,32632.74107157903
30-11-2040 01:00:00,22723.370054094594,0.7895862217548639,99.54338402914263,429.963,2068.922,0.0,523.4730000000001,3620.0535443233293,0.0,0.0,287.9025,93.8215,0.0,0.0,30322.200701935413
30-11-2040 02:00:00,21355.042894126113,1.481826196992005,95.45055766671092,429.67900000000003,2266.113,0.0,520.3950000000001,3241.615524647484,0.0,0.0,288.746,94.291,0.0,0.0,28741.874392700654
30-11-2040 03:00:00,22448.211718729563,1.5791724435097279,88.38555977918,432.43,2177.69,0.0,519.99525,1769.7581338675307,0.0,0.0,288.0755,95.7905,0.0,0.0,28260.282188920988
30-11-2040 04:00:00,24058.611349125473,1.7499421902661128,0.0,430.601,2131.739,0.0,518.2102500000001,0.0,0.0,0.0,288.9485,95.7475,0.0,0.0,27965.936721142858
30-11-2040 05:00:00,23643.269264614577,2.2930449179730297,169.4800417384281,436.215,2413.835,363.0022325885366,521.0902500000001,270.0595698330694,0.0,0.0,288.798,95.337,0.0,0.0,28662.829340955923
30-11-2040 06:00:00,25211.873666236716,2.487737411008476,87.65469792874575,433.276,2522.989,0.0,524.9077500000001,1700.054383801463,0.0,0.0,285.52099999999996,93.9,0.0,0.0,31394.673006649402
30-11-2040 07:00:00,27406.797443641477,11.778895828644478,88.89229066214773,427.48,3257.255,0.0,544.4139000000001,3983.592085736324,0.0,0.0,286.6155,94.9465,0.0,0.0,36736.576900658256
30-11-2040 08:00:00,28229.33692212299,713.4073757299392,97.4482467245645,428.835,4002.8540000000003,0.0,551.5738500000001,4844.7396784363455,0.0,0.0,286.0455,94.4785,0.0,0.0,39942.527572894774
30-11-2040 09:00:00,28445.811966201116,6452.408862184414,0.0,424.18,4035.063,0.0,553.64025,0.0,0.0,0.0,285.6605,94.7475,0.0,0.0,41024.18544441943
30-11-2040 10:00:00,23104.163730447763,12213.913785344601,0.0,430.431,4258.25,0.0,550.76565,0.0,0.0,0.0,292.48900000000003,95.49700000000001,0.0,0.0,41742.613350904954
30-11-2040 11:00:00,20148.134139703845,15198.299680792068,0.0,434.56300000000005,3752.0879999999997,0.0,549.7317,0.0,0.0,0.0,292.415,94.185,0.0,0.0,41571.18589219619
30-11-2040 12:00:00,21442.532476327586,17967.59915597081,0.0,441.901,3362.761,0.0,549.7111500000001,0.0,0.0,0.0,287.7125,93.5355,0.0,-4251.995416260457,41172.809500096526
30-11-2040 13:00:00,32596.965313192344,28434.53099399979,0.0,443.44,2988.4309999999996,0.0,546.7407000000001,0.0,0.0,0.0,280.3235,93.3645,0.0,-12200.0,40910.259194996426
30-11-2040 14:00:00,33801.592093019004,27605.55323217101,0.0,441.32300000000004,2588.884,0.0,546.5598000000001,0.0,0.0,0.0,279.1065,94.8375,0.0,-12200.0,39604.65249522513
30-11-2040 15:00:00,32730.649696462726,22612.19323113253,0.0,435.60400000000004,2652.591,0.0,546.5838000000001,0.0,0.0,0.0,266.9775,95.4545,0.0,-12200.0,38618.746894582924
30-11-2040 16:00:00,30317.58859110203,12875.636665182343,0.0,437.73699999999997,2864.026,0.0,544.4482500000001,0.0,0.0,0.0,276.009,96.649,0.0,-11356.016326970916,38056.96465162713
30-11-2040 17:00:00,25957.745208111613,2119.0330941977936,0.0,423.089,4061.5040000000004,3469.808199519437,543.89295,0.0,0.0,0.0,280.8485,95.0255,0.0,0.0,38485.200366706
30-11-2040 18:00:00,25355.31615389581,7.452395983412348,0.0,426.079,5290.016,7990.099877600536,547.89795,0.0,0.0,0.0,284.7975,95.9435,0.0,0.0,40944.40459503361
30-11-2040 19:00:00,25747.431478767183,2.1199849241637447,0.0,423.342,5758.201,7736.911201388182,552.0384,0.0,0.0,0.0,288.5995,96.7625,0.0,0.0,41448.5818432932
30-11-2040 20:00:00,25723.34390830933,2.433656162943074,0.0,426.905,5084.845,4533.180721491844,552.8355000000001,0.0,0.0,0.0,289.0215,96.8085,0.0,0.0,41493.60201999354
30-11-2040 21:00:00,26274.449574603543,2.0226386776460217,3527.5274459530738,428.157,3325.2090000000003,0.0,552.4608000000001,0.0,0.0,0.0,289.2015,96.1125,0.0,0.0,40266.1435023448
30-11-2040 22:00:00,25994.3097378336,1.8387624342236562,1883.1293383733755,426.85,2928.98,0.0,547.2688500000002,0.0,0.0,0.0,290.7875,96.8025,0.0,0.0,37856.12016690341
30-11-2040 23:00:00,26998.848060733097,1.2979499535696395,2632.898941795527,423.11300000000006,2450.637,0.0,536.7418500000001,0.0,0.0,0.0,288.997,97.564,0.0,0.0,35065.65559986165
01-12-2040 00:00:00,26822.84016792707,0.8112187209810247,1274.6872383333648,424.67400000000004,2479.515,0.0,523.6101000000001,0.0,0.0,0.0,285.0575,97.1375,0.0,0.0,32451.237128288907
01-12-2040 01:00:00,25752.81834499675,0.8121709845679645,0.0,423.124,2500.624,0.0,518.7522,0.0,0.0,0.0,282.642,97.73200000000001,0.0,0.0,30072.748934013332
01-12-2040 02:00:00,24299.112119316287,1.1285567459015946,0.0,423.10900000000004,2229.817,0.0,518.6742,0.0,0.0,0.0,285.005,96.397,0.0,0.0,28323.013587708137
01-12-2040 03:00:00,23386.867627202744,1.2932745392622156,0.0,428.837,2289.584,0.0,516.5247,0.0,0.0,0.0,282.5095,97.1795,0.0,0.0,27458.089412455054
01-12-2040 04:00:00,23029.65511036682,1.5587409029052464,0.0,435.99300000000005,2279.985,0.0,509.0586000000001,0.0,0.0,0.0,280.41,97.23299999999999,0.0,0.0,27085.24051141824
01-12-2040 05:00:00,23111.918561119306,2.3692552146953383,0.0,435.06699999999995,2170.5460000000003,0.0,503.8545000000001,0.0,0.0,0.0,281.6325,98.0545,0.0,0.0,27064.403823315028
01-12-2040 06:00:00,23596.195280626183,2.6579284754010297,0.0,440.466,2356.6620000000003,0.0,508.6656000000001,0.0,0.0,0.0,281.4165,96.7255,0.0,0.0,27778.671013614683
01-12-2040 07:00:00,25350.70853784634,11.59665552120219,0.0,440.082,2297.0679999999998,0.0,514.0969500000001,0.0,0.0,0.0,281.025,96.06700000000001,0.0,0.0,29528.924542990684
01-12-2040 08:00:00,26386.255346507234,731.1340076581404,0.0,445.42400000000004,2364.8779999999997,0.0,513.8463000000002,0.0,0.0,0.0,284.81,95.931,0.0,0.0,31431.439081298064
01-12-2040 09:00:00,22599.613624514568,6113.653027438946,0.0,442.99800000000005,3774.941,0.0,514.0773000000002,0.0,0.0,0.0,285.5045,96.8815,0.0,0.0,34521.61545422228
01-12-2040 10:00:00,23330.77700784501,14717.815428324939,0.0,439.73400000000004,3858.711,0.0,513.4680000000001,0.0,0.0,0.0,285.0965,95.8505,0.0,-7645.751064220111,36401.331797368075
01-12-2040 11:00:00,26759.54015952844,23742.221424576783,0.0,440.3,4037.21,0.0,512.21445,0.0,0.0,0.0,282.5675,96.0085,0.0,-12200.0,36689.1306004922
01-12-2040 12:00:00,28257.288201794603,25844.199645869823,0.0,440.64099999999996,3354.9629999999997,0.0,510.36615000000006,0.0,0.0,0.0,281.9975,96.6365,0.0,-12200.0,36093.6073114102
01-12-2040 13:00:00,30878.726974472513,25584.214037441303,0.0,437.156,2440.786,0.0,503.6208000000001,0.0,0.0,0.0,284.096,93.925,0.0,-12200.0,35843.50418774011
01-12-2040 14:00:00,31748.180800800805,23177.17092029149,0.0,440.87,2222.502,0.0,505.5877500000001,0.0,0.0,0.0,283.652,94.488,0.0,-12200.0,35343.77148458453
01-12-2040 15:00:00,32056.135120197247,18620.21670470357,0.0,437.986,2066.026,0.0,507.3378000000001,0.0,0.0,0.0,283.1025,95.0515,0.0,-12200.0,33958.648048837524
01-12-2040 16:00:00,31491.148987399574,9129.433846834436,0.0,438.714,2216.9120000000003,0.0,508.8651000000001,0.0,0.0,0.0,280.9555,95.6595,0.0,-12200.0,32992.710537970954
01-12-2040 17:00:00,30148.170265334473,1198.2457645914533,0.0,438.17800000000005,3524.697,0.0,514.4874,0.0,0.0,0.0,278.19599999999997,94.99799999999999,0.0,-3458.7070375739168,33723.77199323646
01-12-2040 18:00:00,30832.94106357367,7.657904726049229,0.0,436.999,4069.96,0.0,515.7184500000001,0.0,0.0,0.0,281.251,94.461,0.0,-845.8218870096534,36166.44830195262
01-12-2040 19:00:00,32443.799271800228,2.5201861598475706,0.0,435.47900000000004,4227.630999999999,0.0,513.8197500000001,0.0,0.0,0.0,285.0165,96.0695,0.0,-1951.1193476617445,36838.70918435283
01-12-2040 20:00:00,33659.00327794957,1.6440699411882063,0.0,440.86,4411.363,0.0,514.8088500000001,0.0,0.0,0.0,285.691,97.601,0.0,-2912.223603012113,37281.43058999887
01-12-2040 21:00:00,34098.07930938802,1.395296200087362,0.0,443.30800000000005,4144.04,0.0,509.5687500000001,0.0,0.0,0.0,288.6725,97.4485,0.0,-3290.9515483316827,37036.823629193874
01-12-2040 22:00:00,33764.51596415078,1.287133703956559,0.0,444.023,3521.357,0.0,501.63765000000006,0.0,0.0,0.0,286.9905,97.1525,0.0,-4021.16129068219,35267.29986463004
01-12-2040 23:00:00,35000.272531218834,0.9085649674987475,0.0,440.849,2567.792,0.0,495.0627,0.0,0.0,0.0,285.45099999999996,96.92,0.0,-6584.088293674427,32905.75845151485
02-12-2040 00:00:00,36329.954379046205,0.7138724744633015,0.0,447.962,2049.166,0.0,487.32915,0.0,0.0,0.0,289.5725,97.6065,0.0,-9895.473906332103,30340.71691193694
02-12-2040 01:00:00,35982.62228768983,0.9626462155641493,0.0,438.93199999999996,2101.4629999999997,0.0,485.51985000000013,0.0,0.0,0.0,287.4905,96.1335,0.0,-11723.289084609562,28151.9451000427
02-12-2040 02:00:00,35526.74915951118,1.200603707051916,0.0,434.58,1614.797,0.0,481.2030000000001,0.0,0.0,0.0,283.955,95.26,0.0,-12200.0,26357.622946224143
02-12-2040 03:00:00,34472.21791179823,1.4061124497004425,0.0,440.668,1567.4620000000002,0.0,484.36695000000003,0.0,0.0,0.0,283.7915,98.0725,0.0,-12200.0,25411.56424736079
02-12-2040 04:00:00,33691.47199246372,1.5575399442835671,0.0,439.99699999999996,1593.861,0.0,483.3972,0.0,0.0,0.0,282.2205,97.9475,0.0,-12137.809809500446,24885.070159929255
02-12-2040 05:00:00,33391.363606195715,1.9144761815152178,0.0,433.423,1813.9370000000001,0.0,483.15420000000006,0.0,0.0,0.0,280.3725,97.5005,0.0,-11967.301665406168,24971.45384456757
02-12-2040 06:00:00,34593.32486326688,2.6499811552046797,0.0,431.083,1783.45,0.0,483.8632500000001,0.0,0.0,0.0,276.8055,97.2245,0.0,-12200.0,25441.436590015142
02-12-2040 07:00:00,34338.773235576766,12.752358293821704,0.0,437.695,1894.616,0.0,486.9715500000001,0.0,0.0,0.0,277.83799999999997,97.182,0.0,-11455.778903547696,26571.12553111527
02-12-2040 08:00:00,33350.28942535719,1185.504222592056,0.0,440.602,2122.506,0.0,491.12505000000004,0.0,0.0,0.0,275.35400000000004,96.71600000000001,0.0,-11169.623821786303,27326.94892054507
02-12-2040 09:00:00,32142.592479944822,8997.605403137004,0.0,442.24,2552.7070000000003,0.0,490.26990000000006,0.0,0.0,0.0,276.8475,95.9215,0.0,-12200.0,29850.59607695538
02-12-2040 10:00:00,30960.7815507615,17869.763943261503,0.0,442.556,2214.42,0.0,495.37350000000004,0.0,0.0,0.0,277.1795,94.7805,0.0,-12200.0,32075.64516769427
02-12-2040 11:00:00,30334.775452629336,22708.434840172213,0.0,439.853,2623.4709999999995,0.0,492.90825000000007,0.0,0.0,0.0,278.6935,97.1065,0.0,-12200.0,33073.01254635333
02-12-2040 12:00:00,29155.830433803956,23218.56162067392,0.0,437.15,2625.8740000000003,0.0,494.13855000000007,0.0,0.0,0.0,288.0125,96.8235,0.0,-12200.0,32678.22735264957
02-12-2040 13:00:00,30090.152019121193,23993.81631169145,0.0,434.48900000000003,2413.036,0.0,493.62975000000006,0.0,0.0,0.0,284.7125,96.1915,0.0,-12200.0,32918.87596021954
02-12-2040 14:00:00,30699.067080989185,22577.09312112058,0.0,430.23400000000004,2435.321,0.0,492.90225000000004,0.0,0.0,0.0,279.9665,95.4885,0.0,-12200.0,32863.78301884504
02-12-2040 15:00:00,30936.129307007748,17436.32437251653,0.0,433.473,2128.741,0.0,493.6618500000001,0.0,0.0,0.0,281.806,97.149,0.0,-12200.0,31441.956002890063
02-12-2040 16:00:00,30742.59720390234,10078.386696975214,0.0,434.55400000000003,2301.8579999999997,0.0,493.38450000000006,0.0,0.0,0.0,280.5375,96.8235,0.0,-12200.0,30581.69398731129
02-12-2040 17:00:00,31009.246763575786,1733.0768592542474,0.0,433.9,3269.445,0.0,492.6894,0.0,0.0,0.0,281.043,97.602,0.0,-7215.893231296472,31093.438642756308
02-12-2040 18:00:00,31743.399400748167,5.116086066986994,0.0,433.995,4030.422,0.0,501.65475000000004,0.0,0.0,0.0,285.42400000000004,96.147,0.0,-3798.310742178761,34039.13902850487
02-12-2040 19:00:00,32883.43997653637,2.238963669907627,0.0,429.94199999999995,4433.588,0.0,505.4257500000001,0.0,0.0,0.0,286.586,96.897,0.0,-3836.6342855967523,35555.654421887535
02-12-2040 20:00:00,32765.821623101274,1.4710099473789244,0.0,437.464,4921.576,0.0,508.0350000000001,0.0,0.0,0.0,287.7595,96.1375,0.0,-3087.125691731708,36691.1992408775
02-12-2040 21:00:00,33600.621473829335,1.103257460534193,0.0,436.282,5541.613,0.0,508.36335000000014,0.0,0.0,0.0,290.6465,96.9035,0.0,-4207.903562367923,36986.08744311383
02-12-2040 22:00:00,35038.43825782097,0.951829965951069,0.0,433.68699999999995,4681.094,0.0,509.1667500000001,0.0,0.0,0.0,290.77099999999996,96.56200000000001,0.0,-6506.664751199274,35182.95654908242
02-12-2040 23:00:00,36435.884768781296,0.930197466724908,0.0,431.60699999999997,3164.487,0.0,505.8442500000001,0.0,0.0,0.0,289.268,96.883,0.0,-9110.397542405575,32368.242279095677
03-12-2040 00:00:00,37065.387200197634,0.6922399752371409,0.0,434.962,1885.005,0.0,492.1581000000001,0.0,0.0,0.0,283.793,96.53200000000001,0.0,-11317.137133200384,29428.600134187767
03-12-2040 01:00:00,37249.594458670115,0.7030562248502212,0.0,431.85,1462.2079999999999,0.0,491.8608000000001,0.0,0.0,0.0,284.052,96.859,0.0,-12200.0,27460.66544818031
03-12-2040 02:00:00,36958.65234439716,1.1681549582126753,0.0,433.23800000000006,1453.004,0.0,496.12890000000004,0.0,0.0,0.0,281.7595,95.7705,0.0,-12200.0,26353.506496933773
03-12-2040 03:00:00,36121.705961619635,1.6116211923489685,0.0,433.50199999999995,1375.747,0.0,494.54655000000014,0.0,0.0,0.0,285.492,96.66799999999999,0.0,-12200.0,25788.57832847207
03-12-2040 04:00:00,34572.77616997167,2.466104911782314,0.0,434.026,1479.904,0.0,494.51475000000005,0.0,0.0,0.0,287.293,96.302,0.0,-12079.15051270842,25706.667088241687
03-12-2040 05:00:00,32281.618139494916,2.6499811552046797,0.0,434.88300000000004,1698.5179999999998,0.0,495.5236500000001,0.0,0.0,0.0,287.9985,96.2595,0.0,-9094.15131115388,26642.374401382745
03-12-2040 06:00:00,31525.830006313987,2.812224899400885,0.0,432.874,2018.274,0.0,500.80035000000015,0.0,0.0,0.0,286.817,95.01899999999999,0.0,-5491.204803677403,29885.2280408523
03-12-2040 07:00:00,28923.52925454738,12.40623830620314,0.0,432.72900000000004,3602.85,727.4450894270267,518.2905000000001,0.0,0.0,0.0,285.3405,94.0275,0.0,0.0,35219.154221913304
03-12-2040 08:00:00,26990.822738205796,952.9548559108293,0.0,433.444,3771.593,5005.134151720922,534.4674000000001,0.0,0.0,0.0,276.693,92.177,0.0,0.0,38743.18336976501
03-12-2040 09:00:00,25033.48331623703,7672.950129272669,0.0,434.102,3962.704,1255.651888751181,537.1405500000001,0.0,0.0,0.0,274.24,93.12,0.0,0.0,39995.81152340546
03-12-2040 10:00:00,20268.991470833847,13772.885272876196,0.0,433.809,4271.265,0.0,538.6525500000001,0.0,0.0,0.0,268.405,94.181,0.0,0.0,40484.65605823201
03-12-2040 11:00:00,17575.968128867673,16937.794198050895,0.0,428.087,4314.759,0.0,534.8451000000001,0.0,0.0,0.0,274.2395,93.7335,0.0,-711.8438862184557,40512.723501920445
03-12-2040 12:00:00,20140.807758836265,21941.242308998517,0.0,419.98900000000003,3997.853,0.0,534.0906000000001,0.0,0.0,0.0,272.5805,93.5565,0.0,-8590.817154265264,39960.23209914863
03-12-2040 13:00:00,19615.86906702131,22128.85555416863,0.0,418.913,4008.728,0.0,536.6509500000001,0.0,0.0,0.0,270.02,94.06700000000001,0.0,-7916.681569817236,40248.043177966494
03-12-2040 14:00:00,19374.17055686784,19770.493373477366,0.0,421.13800000000003,3557.51,0.0,536.4145500000001,0.0,0.0,0.0,275.923,93.671,0.0,-5879.999685137354,39248.39066032397
03-12-2040 15:00:00,18014.32887088401,15954.977028459793,0.0,428.33099999999996,3586.315,0.0,533.3136000000002,0.0,0.0,0.0,273.735,94.984,0.0,-1503.2336761495244,38592.73358364176
03-12-2040 16:00:00,15642.931596842172,8071.04219628209,0.0,426.75199999999995,4193.822,7848.918506993636,534.83865,0.0,0.0,0.0,269.1095,93.9865,0.0,0.0,38318.97333824118
03-12-2040 17:00:00,15466.75352852231,1085.6810549129382,1494.427541850284,428.655,5498.31,8000.0,538.8216000000001,0.0,0.0,0.0,269.291,85.435,0.0,0.0,38885.4523360081
03-12-2040 18:00:00,15307.921759737366,5.938121037581101,4493.890833909543,441.537,6240.651,7881.078574422216,544.0131000000001,0.0,0.0,0.0,281.60200000000003,92.646,0.0,0.0,41094.341405956104
03-12-2040 19:00:00,14360.303278589345,0.8761162186595066,13878.981562084631,449.163,6108.545,0.0,546.8502000000001,0.0,0.0,0.0,285.9895,94.0145,0.0,0.0,41545.262231018205
03-12-2040 20:00:00,13602.001188954086,0.5408124806540165,15068.507412979638,457.095,6127.508000000001,0.0,549.0408000000001,4819.655546058926,0.0,0.0,287.795,96.527,0.0,0.0,41837.16037185962
03-12-2040 21:00:00,12325.178176298117,0.5408124806540165,15068.507412979638,460.776,6123.645,0.0,551.82645,5462.3379725787345,0.0,0.0,288.353,96.055,0.0,0.0,41165.487234794564
03-12-2040 22:00:00,10805.789306801249,0.49754748220169515,15068.507412979638,462.475,4899.215,0.0,554.6376000000001,5022.150155160209,0.0,0.0,286.8905,95.6995,0.0,0.0,37871.089445404534
03-12-2040 23:00:00,10145.082874348622,0.48673123258861484,15068.507412979638,456.61199999999997,3747.961,0.0,551.1693000000001,3230.128532007013,0.0,0.0,282.5905,96.0645,0.0,0.0,34150.202065367994
04-12-2040 00:00:00,9278.220409764504,0.8977487178856673,15068.507412979638,452.884,3393.075,0.0,536.7516,2029.9173085769726,0.0,0.0,279.438,96.738,0.0,0.0,31636.59493844862
04-12-2040 01:00:00,8218.630308140366,1.243868705504238,15068.507412979638,452.31300000000005,2826.7659999999996,0.0,531.3898500000001,1468.0452576940406,0.0,0.0,279.089,96.463,0.0,0.0,29399.520875745155
04-12-2040 02:00:00,6900.477851375115,2.2065149210683868,15068.507412979638,454.436,2419.902,0.0,527.8857,1850.1888217946798,0.0,0.0,276.089,96.443,0.0,0.0,28030.366629550463
04-12-2040 03:00:00,6489.5117207215335,2.3146774171991904,9383.189059394914,454.469,2357.283,0.0,525.7218,7326.2190010542145,0.0,0.0,276.061,97.68,0.0,0.0,27337.796169895053
04-12-2040 04:00:00,6426.821382001024,2.433656162943074,0.0,453.494,2328.462,0.0,526.4458500000001,16762.230543774087,0.0,0.0,275.89099999999996,96.876,0.0,0.0,27300.40589482085
04-12-2040 05:00:00,6498.759212848176,2.552634908686958,0.0,451.23400000000004,2424.837,0.0,526.4098500000001,17288.495706611968,0.0,0.0,274.9655,96.0645,0.0,0.0,28011.405146658934
04-12-2040 06:00:00,6408.245177616139,3.060998640501734,0.0,450.38300000000004,2855.783,0.0,528.94455,19728.170196259027,0.0,0.0,275.9495,94.2155,0.0,0.0,30865.574984188723
04-12-2040 07:00:00,6306.209486572616,13.952962000873626,0.0,443.61,5776.279,0.0,534.0013500000001,22291.93104392501,0.0,0.0,275.5985,92.6135,0.0,0.0,36364.04865562074
04-12-2040 08:00:00,6162.132708361964,1191.0529586435666,0.0,443.24,6435.379,0.0,539.1030000000001,23622.03531284828,0.0,0.0,269.6315,89.8575,0.0,0.0,39437.53640894321
04-12-2040 09:00:00,6218.414391936575,9177.77167294208,99.85521841866124,446.647,6479.531999999999,0.0,527.8389000000001,16389.33743201996,0.0,0.0,270.8055,89.8055,0.0,0.0,40425.53222543238
04-12-2040 10:00:00,5993.287657638134,19091.178114568986,1488.0249826594275,448.684,6002.901,0.0,521.3583000000001,6005.780007121295,0.0,0.0,268.6115,90.8685,0.0,0.0,40790.03551470078
04-12-2040 11:00:00,5844.674154933736,24941.63344903607,1674.2444793469067,438.35,5163.894,0.0,520.0581000000001,0.0,0.0,0.0,270.237,90.50399999999999,0.0,0.0,40251.912253429095
04-12-2040 12:00:00,5711.644416542329,27156.10712156017,0.0,444.287,3865.7659999999996,0.0,523.2516,0.0,0.0,0.0,268.5985,89.7255,0.0,0.0,39545.05623421307
04-12-2040 13:00:00,5562.835877373644,27319.53252425646,0.0,438.728,3859.4590000000003,0.0,525.5616000000001,0.0,0.0,0.0,266.3845,86.5485,0.0,0.0,39575.10750440301
04-12-2040 14:00:00,5372.547169237487,26318.382294346815,0.0,433.51800000000003,4037.579,0.0,533.7325500000001,0.0,0.0,0.0,273.0565,91.6195,0.0,0.0,38661.7798968653
04-12-2040 15:00:00,5627.205318757735,21874.145058766488,881.6451305277642,434.186,4470.1720000000005,1941.0232395911298,537.9927000000001,0.0,0.0,0.0,270.72,93.149,0.0,0.0,37932.964149567066
04-12-2040 16:00:00,5506.140911167544,12041.741510491946,11717.782795364195,434.06199999999995,5181.873,0.0,537.3442500000001,0.0,0.0,0.0,269.0415,94.3625,0.0,0.0,37674.47821505674
04-12-2040 17:00:00,6474.9423761623275,1922.9885699607128,15068.507412979638,436.836,5852.078,0.0,542.2513500000001,6277.603301715721,0.0,0.0,281.2555,96.9915,0.0,0.0,38376.76618825018
04-12-2040 18:00:00,8681.600528770869,5.8840397895156995,15068.507412979638,442.575,6553.307,0.0,548.3751000000001,8179.732835940289,0.0,0.0,283.5145,96.4215,0.0,0.0,40778.807718845805
04-12-2040 19:00:00,10225.591362892403,1.016727463629551,12693.985242917282,445.105,6507.717,0.0,552.2917500000001,9807.805277281277,0.0,0.0,287.159,96.991,0.0,0.0,41460.88506431518
04-12-2040 20:00:00,11343.451107502735,0.8869324682725869,291.54566455055203,451.75800000000004,5568.1630000000005,0.0,553.7895000000001,22047.82730892881,0.0,0.0,291.7775,96.6795,0.0,0.0,41486.30170214398
04-12-2040 21:00:00,11530.214866308008,0.8869324682725869,176.08898183128804,447.306,5287.98,0.0,550.7583000000001,21870.37745427472,0.0,0.0,294.0955,96.6195,0.0,0.0,41042.1135370951
04-12-2040 22:00:00,12165.80107234385,0.9626462155641495,168.0689911258564,447.207,4277.26,0.0,553.6389,19063.020799280643,0.0,0.0,291.3785,97.4675,0.0,0.0,37750.17981422406
04-12-2040 23:00:00,13125.254486953814,0.9734624651772297,145.2661013923083,446.13300000000004,3469.712,0.0,545.0826000000001,15290.66671099937,0.0,0.0,292.216,97.448,0.0,0.0,33997.6040328457
05-12-2040 00:00:00,14234.868454393927,1.0599924620818724,0.00974482467245645,440.413,2763.7209999999995,0.0,530.5971000000001,12443.397616619748,0.0,0.0,287.68,97.384,0.0,0.0,31297.54994996945
05-12-2040 01:00:00,14950.607327444626,1.406112449700443,0.0,442.62199999999996,2409.345,0.0,534.7248000000001,10082.229239118393,0.0,0.0,285.8915,97.0375,0.0,0.0,29259.627070239345
05-12-2040 02:00:00,14722.313008013722,1.8171299349974954,0.0,443.83099999999996,2447.35,0.0,531.9945000000001,8939.008647523648,0.0,0.0,282.8315,96.5075,0.0,0.0,27899.529682066728
05-12-2040 03:00:00,14894.766553155854,1.5683561938966477,0.0,442.657,2444.42,0.0,528.8193000000001,8314.75756643036,0.0,0.0,284.8435,97.7155,0.0,0.0,27435.499532095775
05-12-2040 04:00:00,15604.309490452943,1.6873349396405315,0.0,442.217,2424.181,0.0,525.1896,7526.201366625672,0.0,0.0,281.981,97.223,0.0,0.0,27330.050951146226
05-12-2040 05:00:00,16446.21030125816,2.001006178419861,0.0,440.57300000000004,2371.922,0.0,527.7924,7426.453522071952,0.0,0.0,278.8725,96.1075,0.0,0.0,28038.12784390016
05-12-2040 06:00:00,16903.5337889297,2.531002409460797,0.0,439.92699999999996,2832.2709999999997,0.0,529.78965,9501.194391427503,0.0,0.0,283.9235,96.2695,0.0,0.0,31110.91885860697
05-12-2040 07:00:00,16848.188070681164,14.061124497004428,0.0,419.39599999999996,4493.914000000001,0.0,544.1115000000001,13228.13862364558,0.0,0.0,285.647,95.17399999999999,0.0,0.0,36557.6203498081
05-12-2040 08:00:00,17608.992513894817,1058.5430846337197,0.0,422.87300000000005,4822.568,0.0,553.3459500000001,13955.307131470097,0.0,0.0,288.4535,94.6975,0.0,0.0,39493.230487318746
05-12-2040 09:00:00,17840.245566691214,9686.892542229773,38.9110849171186,425.38699999999994,4984.363,0.0,550.8744,5708.340859764675,0.0,0.0,284.7325,94.5635,0.0,0.0,40339.14407690545
05-12-2040 10:00:00,16175.241018278208,17537.27605733772,0.0,434.43800000000005,4726.1,0.0,548.8873500000001,0.0,0.0,0.0,279.4125,94.9605,0.0,0.0,40664.288144226884
05-12-2040 11:00:00,13670.108522146571,19413.509763166254,0.0,441.022,4476.854,0.0,546.1362,0.0,0.0,0.0,275.836,95.20700000000001,0.0,0.0,40307.79121119166
05-12-2040 12:00:00,12717.30078824702,19851.115163077542,0.0,429.421,4245.004,0.0,542.4831000000001,0.0,0.0,0.0,283.565,95.11200000000001,0.0,0.0,39739.769567915304
05-12-2040 13:00:00,12934.583148018834,19820.514602367457,0.0,429.064,3817.177,0.0,546.0549000000001,0.0,0.0,0.0,276.3235,95.7475,0.0,0.0,39500.53973294552
05-12-2040 14:00:00,13995.24644180033,18036.488225296933,0.0,436.05400000000003,3373.744,0.0,546.8221500000001,0.0,0.0,0.0,280.54200000000003,95.916,0.0,0.0,38446.32361672088
05-12-2040 15:00:00,19657.090496899,20665.195813523977,0.0,427.829,3450.836,0.0,545.5738500000001,0.0,0.0,0.0,281.194,96.25299999999999,0.0,-9159.069948855784,37817.906676369275
05-12-2040 16:00:00,19164.598907683965,11804.256611598994,0.0,427.98199999999997,3560.038,0.0,547.8549,0.0,0.0,0.0,278.5805,96.4695,0.0,-350.1287084952928,37494.65678578617
05-12-2040 17:00:00,19085.2186848834,1969.195588307792,0.0,437.56800000000004,4009.323,8000.0,552.3204000000001,0.0,0.0,0.0,276.42400000000004,96.07,0.0,0.0,38007.48951408266
05-12-2040 18:00:00,19400.538441512785,6.349138522878155,485.00007893367,435.356,4852.462,8000.0,555.3690000000001,0.0,0.0,0.0,277.678,96.361,0.0,0.0,39983.44617993348
05-12-2040 19:00:00,19860.542193527177,1.1573387085995952,1356.741199128901,430.939,4184.880999999999,7730.0,556.3039500000001,0.0,0.0,0.0,277.493,95.573,0.0,0.0,40308.138650522706
05-12-2040 20:00:00,20297.541310171735,0.8544837194333461,11028.872319833146,434.092,3976.5559999999996,0.0,558.6025500000002,0.0,0.0,0.0,283.6,96.779,0.0,0.0,40354.35328941997
05-12-2040 21:00:00,21072.01394124635,0.8328512202071854,12645.12676561852,437.30199999999996,3617.695,0.0,553.1803500000001,0.0,0.0,0.0,284.57599999999996,97.61,0.0,0.0,39462.09412020307
05-12-2040 22:00:00,21550.377310628017,1.114073710147274,9997.876714334026,436.065,3240.295,0.0,546.9067500000001,0.0,0.0,0.0,280.1655,95.5325,0.0,0.0,36817.44545090483
05-12-2040 23:00:00,22195.071774279186,1.1573387085995952,6910.11226382896,437.06699999999995,2778.667,0.0,537.5386500000001,0.0,0.0,0.0,279.1445,92.1575,0.0,0.0,33822.42802366712
06-12-2040 00:00:00,23552.84418476477,1.2871337039565593,3412.5706366075574,435.348,2982.369,0.0,518.8464,0.0,0.0,0.0,278.143,93.064,0.0,0.0,31801.29382904206
06-12-2040 01:00:00,24076.49357895231,1.514274945831246,1021.1414956552944,433.18199999999996,2673.656,0.0,512.7645,0.0,0.0,0.0,284.13,97.35600000000001,0.0,0.0,29582.045561566712
06-12-2040 02:00:00,23827.977172727704,1.6859791274605977,0.0,435.42400000000004,2253.455,0.0,514.2663000000001,0.0,0.0,0.0,280.1925,96.6045,0.0,0.0,27864.96356052698
06-12-2040 03:00:00,23171.585555438964,1.7425880620920227,0.0,438.16900000000004,1977.0120000000002,0.0,512.5105500000001,0.0,0.0,0.0,275.9035,96.6945,0.0,0.0,26914.027691354033
06-12-2040 04:00:00,22779.520238408517,1.7630486869320938,0.0,442.783,1994.651,80.91571493896845,511.98990000000003,0.0,0.0,0.0,274.829,97.544,0.0,0.0,26623.15587290479
06-12-2040 05:00:00,21011.570692833484,2.260596169133789,1005.2489883880007,440.55,2058.138,700.7579767569841,510.5209500000001,0.0,0.0,0.0,266.6095,96.1995,0.0,0.0,26537.951770834676
06-12-2040 06:00:00,19425.561977296715,2.9420198947578498,3366.763411018681,421.12800000000004,2614.806,0.0,512.7411000000001,0.0,0.0,0.0,263.5675,95.0405,0.0,0.0,27174.370975521582
06-12-2040 07:00:00,19007.367254930585,13.239089526410321,4481.325337744638,435.11300000000006,3330.0609999999997,0.0,521.65995,0.0,0.0,0.0,266.982,95.757,0.0,0.0,28657.320530406403
06-12-2040 08:00:00,19742.61056244162,1023.8229233757318,3370.049645785344,436.18,3761.8940000000002,0.0,528.21045,0.0,0.0,0.0,264.2905,96.2795,0.0,0.0,29783.015035171808
06-12-2040 09:00:00,17790.21989806414,8579.485231671411,0.0,440.59,3565.0609999999997,0.0,526.71915,0.0,0.0,0.0,270.244,95.052,0.0,0.0,31902.208587115172
06-12-2040 10:00:00,13051.740434984491,14376.02080507432,0.0,440.69199999999995,4022.5959999999995,0.0,526.47225,0.0,0.0,0.0,278.7205,95.4165,0.0,0.0,33601.982232016126
06-12-2040 11:00:00,10593.958332201768,16824.860354984667,0.0,432.48400000000004,3888.304,0.0,527.1981000000002,0.0,0.0,0.0,285.322,96.756,0.0,0.0,33962.997364317656
06-12-2040 12:00:00,10127.975770589965,17187.554742293356,0.0,435.42199999999997,3537.97,0.0,526.0776000000001,0.0,0.0,0.0,292.26599999999996,96.47200000000001,0.0,0.0,33679.85662896992
06-12-2040 13:00:00,13619.932701046495,22614.195371363156,0.0,437.121,3274.348,0.0,525.4168500000002,0.0,0.0,0.0,288.7765,96.8295,0.0,-8503.354892109573,33850.84662659379
06-12-2040 14:00:00,17348.40278741396,26252.13498196038,0.0,436.028,2932.3520000000003,0.0,520.89885,0.0,0.0,0.0,283.2365,96.5185,0.0,-12200.0,33469.45570268922
06-12-2040 15:00:00,16858.964743289587,21641.72062754637,0.0,435.99699999999996,2767.296,0.0,519.4258500000001,0.0,0.0,0.0,279.1915,96.9735,0.0,-12200.0,31966.314119616247
06-12-2040 16:00:00,15183.372978554258,11905.534168204695,0.0,416.526,3126.262,0.0,520.0567500000001,0.0,0.0,0.0,278.512,97.87,0.0,-2228.7305586894618,31047.782733918142
06-12-2040 17:00:00,15079.805351070921,1831.1586107456606,0.0,425.153,3577.946,8000.0,523.63545,0.0,0.0,0.0,285.8755,98.1235,0.0,0.0,31392.639333391642
06-12-2040 18:00:00,17333.269505233882,6.56546351513976,0.0,426.99,4211.633,8000.0,525.0594,0.0,0.0,0.0,287.2815,98.0395,0.0,0.0,34057.484122775924
06-12-2040 19:00:00,19025.324639265174,1.8928436822890575,0.0,426.841,3795.345,7730.0,525.89115,0.0,0.0,0.0,290.719,98.74799999999999,0.0,0.0,35144.197348164314
06-12-2040 20:00:00,19735.084163579868,0.9301974667249082,4990.379174048921,421.124,3961.159,0.0,528.3216000000001,0.0,0.0,0.0,290.574,98.395,0.0,0.0,35777.786819455985
06-12-2040 21:00:00,19560.26749937066,0.9301974667249082,5521.68657374664,421.301,3705.4790000000003,0.0,528.7305,0.0,0.0,0.0,296.052,98.65799999999999,0.0,0.0,35743.3832578602
06-12-2040 22:00:00,18772.327796951435,1.0491762124687918,10245.609011649256,416.04,3555.09,0.0,524.07975,0.0,0.0,0.0,297.423,98.801,0.0,0.0,34559.7151155966
06-12-2040 23:00:00,18698.649534712822,1.1032574605341934,8499.996187905115,415.596,3003.8579999999997,0.0,520.1721000000001,0.0,0.0,0.0,290.2425,98.4675,0.0,0.0,32104.47110045762
07-12-2040 00:00:00,19967.28091695297,1.2979499535696395,5635.742094481069,421.103,2140.574,0.0,513.1074000000001,0.0,0.0,0.0,285.747,98.402,0.0,0.0,29575.19163257927
07-12-2040 01:00:00,20699.140052313927,1.2871337039565593,3441.8698370711936,423.705,1563.848,0.0,513.1812000000001,0.0,0.0,0.0,283.0025,98.1945,0.0,0.0,27482.949924159744
07-12-2040 02:00:00,21272.971884955336,1.1357062093734345,1871.2670277354118,421.596,1264.712,0.0,510.83895000000007,0.0,0.0,0.0,283.0795,97.8255,0.0,0.0,26157.39857002808
07-12-2040 03:00:00,21383.891511345948,1.6981511892536116,1078.236197166847,423.07800000000003,1168.9,0.0,513.4120500000001,0.0,0.0,0.0,284.1995,98.9715,0.0,0.0,25377.21053252127
07-12-2040 04:00:00,21747.552716779563,2.195698671455307,734.9570215786916,419.07800000000003,1108.598,0.0,510.66060000000016,0.0,0.0,0.0,290.1755,99.2195,0.0,0.0,25338.38176933882
07-12-2040 05:00:00,22259.119649485034,2.3795749148776726,552.0540102509149,414.869,1240.485,0.0,511.69770000000005,0.0,0.0,0.0,290.257,98.195,0.0,0.0,25812.203459000793
07-12-2040 06:00:00,23563.654197518415,2.9420198947578498,868.0712897223493,418.356,1557.235,0.0,512.3886000000001,0.0,0.0,0.0,289.644,96.10799999999999,0.0,0.0,27806.93226446745
07-12-2040 07:00:00,24928.790566602547,13.249905776023404,2287.1899083145,415.30699999999996,1987.025,0.0,525.1899,0.0,0.0,0.0,283.943,96.069,0.0,0.0,31111.925837481795
07-12-2040 08:00:00,26235.58767544482,929.3429830054752,2338.2678891967626,418.342,2035.941,0.0,526.56645,0.0,0.0,0.0,274.0975,96.1235,0.0,0.0,33502.9415631826
07-12-2040 09:00:00,23001.931232641546,7624.5229069073475,0.0,421.26099999999997,3291.716,0.0,527.3133,0.0,0.0,0.0,274.541,95.958,0.0,0.0,35955.46632616971
07-12-2040 10:00:00,18359.300062194154,12870.217102653605,0.0,420.079,3632.922,0.0,527.39625,0.0,0.0,0.0,277.7825,94.1205,0.0,0.0,37014.9319754131
07-12-2040 11:00:00,16267.67278231588,14581.112196672097,0.0,419.847,3513.7070000000003,0.0,523.5741,0.0,0.0,0.0,277.606,94.762,0.0,0.0,36780.407823031695
07-12-2040 12:00:00,21290.296544201607,20443.10461864032,0.0,424.022,2343.6679999999997,0.0,523.5216000000001,0.0,0.0,0.0,279.724,94.456,0.0,-10318.563555732762,36325.98024146682
07-12-2040 13:00:00,28244.746181430597,27879.618407648788,0.0,419.565,2392.544,0.0,520.3912500000001,0.0,0.0,0.0,281.7435,93.1145,0.0,-12200.0,36577.44113125923
07-12-2040 14:00:00,28732.46425186012,26798.590275501778,0.0,409.306,2303.907,0.0,521.94375,0.0,0.0,0.0,281.5785,91.2605,0.0,-12200.0,35730.884741710994
07-12-2040 15:00:00,28137.442796258158,21768.98968974774,0.0,412.642,2380.173,0.0,525.8403000000001,0.0,0.0,0.0,280.073,87.815,0.0,-12200.0,34763.39416959491
07-12-2040 16:00:00,26066.723196761344,11646.95962333564,0.0,412.665,2645.5190000000002,0.0,531.40875,0.0,0.0,0.0,279.0165,84.3465,0.0,-9279.567634795683,34100.723579907026
07-12-2040 17:00:00,25327.504060260228,1653.4151808539116,0.0,415.712,3214.8740000000003,1648.1286236535161,533.4267000000001,0.0,0.0,0.0,279.4935,85.1155,0.0,0.0,34543.82330011372
07-12-2040 18:00:00,27232.375277214334,6.25179227636043,0.0,419.21,4183.303,3315.0074381764607,536.2881000000001,0.0,0.0,0.0,276.557,84.499,0.0,0.0,36999.14506131285
07-12-2040 19:00:00,28616.872978622167,0.9518299659510692,0.0,418.25,4373.162,2558.3642762803174,536.40045,0.0,0.0,0.0,275.498,84.031,0.0,0.0,37721.03210948925
07-12-2040 20:00:00,29828.874591009404,0.9734624651772297,0.0,423.686,3906.72,2050.916050418804,536.6685000000001,0.0,0.0,0.0,279.6665,85.0085,0.0,0.0,37937.81862844284
07-12-2040 21:00:00,30110.778064922695,1.0275437132426313,0.0,424.978,3664.836,1412.2554561453762,537.2061000000001,0.0,0.0,0.0,282.678,85.15299999999999,0.0,0.0,37306.90079449108
07-12-2040 22:00:00,30068.215280317985,1.0315305463582893,0.0,426.235,3081.8259999999996,0.0,538.41645,0.0,0.0,0.0,282.8015,86.0415,0.0,0.0,35189.97601393956
07-12-2040 23:00:00,28754.0804726592,1.1658741171465652,0.0,425.22900000000004,1998.879,0.0,528.0348,0.0,0.0,0.0,274.2765,85.3025,0.0,0.0,32687.193072945636
08-12-2040 00:00:00,26968.547350639335,1.1532337351233237,0.0,423.775,1695.755,0.0,513.07275,0.0,0.0,0.0,275.54400000000004,86.488,0.0,0.0,30493.81266804051
08-12-2040 01:00:00,24956.73285804905,1.2757812560914408,0.0,425.105,1603.904,0.0,510.8277000000001,0.0,0.0,0.0,280.6175,85.3305,0.0,0.0,28348.949896570586
08-12-2040 02:00:00,26437.140988585197,1.614608537669054,0.0,421.874,1512.3829999999998,0.0,510.88320000000004,0.0,0.0,0.0,279.28700000000003,84.76100000000001,0.0,-2958.4308107325596,26747.35353004563
08-12-2040 03:00:00,28577.666263335934,1.5601562521548196,0.0,419.57,1360.826,0.0,508.91295,0.0,0.0,0.0,280.2325,84.9695,0.0,-6087.3574049895,25589.649967939084
08-12-2040 04:00:00,28668.243146705507,1.567883037784155,0.0,427.88300000000004,1445.224,0.0,508.96230000000014,0.0,0.0,0.0,279.813,85.72399999999999,0.0,-6390.288622358603,25466.81416881847
08-12-2040 05:00:00,29075.570079838486,2.163212847987226,0.0,425.63,1429.058,0.0,507.6268500000001,0.0,0.0,0.0,274.7845,84.4415,0.0,-6743.64554157446,25501.2404218481
08-12-2040 06:00:00,27760.87691230005,2.8554869455366667,0.0,424.26800000000003,1594.975,0.0,507.1705500000001,0.0,0.0,0.0,270.9915,84.0865,0.0,-4960.351530565775,26158.50226648971
08-12-2040 07:00:00,27856.05918973176,12.21154510718875,0.0,413.46,1737.227,0.0,510.8622000000001,0.0,0.0,0.0,270.7805,85.6715,0.0,-3973.3449387076143,27420.68128182634
08-12-2040 08:00:00,27723.540421455917,736.2621094379963,0.0,418.185,1950.441,0.0,517.9552500000001,0.0,0.0,0.0,270.08799999999997,85.4,0.0,-3486.3598171681297,28781.30950075418
08-12-2040 09:00:00,26859.652223538986,6758.587651445299,0.0,421.561,2157.425,0.0,519.1089000000001,0.0,0.0,0.0,275.0155,86.2815,0.0,-6560.333335466861,31167.435036470262
08-12-2040 10:00:00,24082.325957861198,15323.607968051303,0.0,424.186,2393.903,0.0,517.70145,0.0,0.0,0.0,279.664,85.755,0.0,-10563.402317688762,33295.6634989833
08-12-2040 11:00:00,22061.20165927098,21548.67329165718,0.0,425.908,2328.314,0.0,516.0997500000001,0.0,0.0,0.0,280.485,84.89200000000001,0.0,-12200.0,33660.42569379172
08-12-2040 12:00:00,21723.12479529396,24924.85744588609,0.0,428.458,2094.6929999999998,0.0,513.8923500000001,0.0,0.0,0.0,280.555,85.24799999999999,0.0,-12200.0,33225.92714297703
08-12-2040 13:00:00,22290.36619439977,26180.202192229895,0.0,426.168,2159.915,0.0,507.24795000000006,0.0,0.0,0.0,281.525,84.46799999999999,0.0,-12200.0,33326.7206320759
08-12-2040 14:00:00,21205.346456333697,25014.61068517552,0.0,426.369,2355.65,0.0,505.5330000000001,0.0,0.0,0.0,278.964,84.85799999999999,0.0,-12200.0,33072.18933089342
08-12-2040 15:00:00,20558.683371397525,20960.647881444173,0.0,416.63,2368.143,0.0,502.9249500000001,0.0,0.0,0.0,276.8155,85.8635,0.0,-12200.0,31736.739675734516
08-12-2040 16:00:00,19076.388896290708,11216.51574626198,0.0,421.267,2451.784,0.0,504.6660000000001,0.0,0.0,0.0,276.1385,86.0875,0.0,-4476.608878502271,30666.46769612016
08-12-2040 17:00:00,19552.88807027086,1625.8012955917177,0.0,425.69199999999995,2632.538,4861.941163057643,508.46265000000005,0.0,0.0,0.0,278.555,85.205,0.0,0.0,30911.967062658696
08-12-2040 18:00:00,21138.181275124472,6.630361012818241,0.0,425.36400000000003,3072.901,7395.784532157049,507.2179500000001,0.0,0.0,0.0,278.756,84.92,0.0,0.0,33663.72562345507
08-12-2040 19:00:00,22187.104466131597,2.0118224280329415,0.0,420.846,3085.8,7339.946981962828,506.6545500000001,0.0,0.0,0.0,278.4965,85.3035,0.0,0.0,34656.615349836175
08-12-2040 20:00:00,22903.60139374391,0.7787699721417838,0.0,421.24800000000005,3619.145,4132.327322822479,511.5144,0.0,0.0,0.0,278.99,86.271,0.0,0.0,35418.989495817885
08-12-2040 21:00:00,23057.335632364528,0.6922399752371411,1622.9198634911809,418.43699999999995,3686.973,0.0,510.81345000000005,0.0,0.0,0.0,282.508,86.28200000000001,0.0,0.0,35383.14856208598
08-12-2040 22:00:00,22940.227805470928,0.6165262279455788,1209.1418288610585,422.13300000000004,3073.363,0.0,505.00695,0.0,0.0,0.0,281.0115,86.0485,0.0,0.0,34167.39287243969
08-12-2040 23:00:00,23574.812296550353,0.5516287302670967,1470.9465967521282,420.92800000000005,2686.0890000000004,0.0,500.3062500000001,0.0,0.0,0.0,279.2615,86.3375,0.0,0.0,31885.59213371275
09-12-2040 00:00:00,24434.782652824273,0.8436674698202657,1211.505521097526,424.412,2090.669,0.0,495.855,0.0,0.0,0.0,269.2455,86.5325,0.0,0.0,29538.616761159883
09-12-2040 01:00:00,23802.33742021307,1.3964506314683591,0.0,423.865,1768.624,0.0,495.76875000000007,0.0,0.0,0.0,262.949,86.176,0.0,0.0,27320.77089869305
09-12-2040 02:00:00,22434.367927236406,1.6436339881295026,0.0,419.583,1676.969,0.0,487.5876000000001,0.0,0.0,0.0,263.45,84.31,0.0,0.0,25819.245987282466
09-12-2040 03:00:00,21564.07311997707,1.313332425850486,0.0,419.195,1659.999,0.0,486.0592500000001,0.0,0.0,0.0,267.5695,86.2365,0.0,0.0,24920.63098465015
09-12-2040 04:00:00,21183.877235444594,1.7897676080136304,0.0,423.95599999999996,1665.1,0.0,484.10940000000005,0.0,0.0,0.0,264.557,86.271,0.0,0.0,24541.905746234
09-12-2040 05:00:00,21327.345121652954,2.234519685461827,0.0,421.425,1629.509,0.0,484.70340000000004,0.0,0.0,0.0,262.33799999999997,83.479,0.0,0.0,24648.055157697105
09-12-2040 06:00:00,21407.38087315383,2.7288670364008167,0.0,419.515,1808.32,0.0,484.80390000000006,0.0,0.0,0.0,260.435,83.0,0.0,0.0,24923.048552329346
09-12-2040 07:00:00,22196.447952752234,11.414575413560588,0.0,419.17400000000004,1975.925,0.0,486.84015,0.0,0.0,0.0,259.9125,83.7165,0.0,0.0,25913.08548189065
09-12-2040 08:00:00,22288.630017957632,689.7263722270361,0.0,424.153,2037.07,0.0,491.16345,0.0,0.0,0.0,257.7595,83.0025,0.0,0.0,26798.147746677718
09-12-2040 09:00:00,17802.581433635594,7185.507999535994,0.0,424.334,2160.845,0.0,492.3987000000001,0.0,0.0,0.0,258.087,83.448,0.0,0.0,29011.367904560626
09-12-2040 10:00:00,14868.129581995909,15383.001610557301,0.0,429.061,2218.584,0.0,495.27675000000005,0.0,0.0,0.0,256.01599999999996,81.742,0.0,-3351.8860820223854,31074.740157302742
09-12-2040 11:00:00,19121.281280930823,26954.697585546106,0.0,425.434,2325.475,0.0,494.55000000000007,0.0,0.0,0.0,253.4875,82.3695,0.0,-12200.0,31894.203718844852
09-12-2040 12:00:00,19602.131333410336,29651.2415528065,0.0,421.805,2165.799,0.0,490.01370000000003,0.0,0.0,0.0,253.2435,82.4215,0.0,-12200.0,31675.780812720786
09-12-2040 13:00:00,20899.041542370123,29958.177202152096,0.0,415.124,2062.992,0.0,493.29570000000007,0.0,0.0,0.0,251.4575,83.2555,0.0,-12200.0,31960.61150190243
09-12-2040 14:00:00,22077.096551289324,27953.81315283007,0.0,410.106,2087.564,0.0,492.50250000000005,0.0,0.0,0.0,249.5935,83.5205,0.0,-12200.0,31932.49309548555
09-12-2040 15:00:00,22318.108101495473,22639.805158887222,0.0,408.397,1913.422,0.0,485.14680000000004,0.0,0.0,0.0,245.593,84.045,0.0,-12200.0,30743.518877613995
09-12-2040 16:00:00,21805.613478604166,12222.556738797442,0.0,407.86800000000005,1971.355,0.0,485.3923500000001,0.0,0.0,0.0,241.5095,83.7745,0.0,-9070.73938951929,29903.58578280778
09-12-2040 17:00:00,22262.948598546256,1755.8883296882345,0.0,407.91900000000004,2341.689,1464.874209898102,485.7292500000001,0.0,0.0,0.0,246.9745,84.1765,0.0,0.0,30344.59231124174
09-12-2040 18:00:00,24375.484221504455,6.976481000436813,0.0,406.11199999999997,2939.947,3803.105672488786,490.25955000000005,0.0,0.0,0.0,255.7705,83.1745,0.0,0.0,33177.06430215511
09-12-2040 19:00:00,24947.973988161786,1.8928436822890575,0.0,400.298,3512.28,4216.150242095235,492.5959500000001,0.0,0.0,0.0,258.4865,82.6655,0.0,0.0,34698.60677810689
09-12-2040 20:00:00,25258.11886212055,1.0059112140164708,0.0,396.952,3613.304,5300.543209256401,491.2738500000001,0.0,0.0,0.0,268.3255,84.6325,0.0,0.0,36193.98528687655
09-12-2040 21:00:00,25254.177751925214,0.9518299659510692,0.0,405.68199999999996,3498.55,5458.128947133333,491.7126000000001,0.0,0.0,0.0,275.7945,84.3885,0.0,0.0,36203.40074395124
09-12-2040 22:00:00,25555.64754230387,1.1032574605341934,0.0,404.407,2936.216,3487.197719128144,495.82815000000005,0.0,0.0,0.0,276.1695,84.3325,0.0,0.0,34662.937704086944
09-12-2040 23:00:00,24403.307918015984,1.276317454343479,0.0,401.709,2284.405,0.0,494.37765,0.0,0.0,0.0,274.6565,84.0385,0.0,0.0,32096.00868360362
10-12-2040 00:00:00,24206.991124684235,1.2330524558911575,0.0,400.25699999999995,1655.6570000000002,0.0,487.5145500000001,0.0,0.0,0.0,254.3295,66.3305,0.0,0.0,29295.056954227344
10-12-2040 01:00:00,24006.82217653938,1.3303987024088806,0.0,402.20599999999996,1558.602,0.0,483.21165,0.0,0.0,0.0,250.86900000000003,60.901,0.0,0.0,27278.206976706657
10-12-2040 02:00:00,22962.15337337805,1.8279461846105756,0.0,405.66900000000004,1466.924,0.0,483.73365,0.0,0.0,0.0,248.4545,61.0975,0.0,0.0,26208.3505107248
10-12-2040 03:00:00,22171.89696339552,1.64406994118821,0.0,402.80400000000003,1410.6870000000001,0.0,481.48620000000005,0.0,0.0,0.0,244.8715,61.6775,0.0,0.0,25675.008074166613
10-12-2040 04:00:00,21366.962915344986,2.109168674550664,0.0,398.097,1582.568,0.0,482.8945500000001,0.0,0.0,0.0,244.06799999999998,60.965,0.0,0.0,25682.56692556551
10-12-2040 05:00:00,20539.96793250132,2.758143651335484,0.0,400.631,1602.8729999999998,0.0,480.5988000000001,0.0,0.0,0.0,242.0355,60.3925,0.0,0.0,26492.433126571636
10-12-2040 06:00:00,20941.57827751946,3.580178621929589,1049.5915412625654,397.54699999999997,1727.125,0.0,480.8320500000001,0.0,0.0,0.0,242.752,60.693999999999996,0.0,0.0,29884.068173792184
10-12-2040 07:00:00,21003.158607774745,12.763174543434788,10356.35963219645,395.019,2301.55,0.0,496.23255000000006,0.0,0.0,0.0,240.549,59.53,0.0,0.0,35491.98039861983
10-12-2040 08:00:00,20579.143109310506,945.891844913488,13030.89898260367,395.407,2650.93,0.0,512.1445500000001,0.0,0.0,0.0,239.555,59.147,0.0,0.0,39099.16435167372
10-12-2040 09:00:00,20048.083345020637,9958.369591268478,5753.937714937983,395.635,2587.275,0.0,516.5052000000001,0.0,0.0,0.0,232.942,57.343999999999994,0.0,0.0,40286.34371432877
10-12-2040 10:00:00,16894.940884420124,19198.500171868756,0.0,393.24800000000005,2564.344,0.0,513.5769,0.0,0.0,0.0,229.93400000000003,55.16,0.0,0.0,40717.42404243164
10-12-2040 11:00:00,13724.974075260021,22089.525876132415,0.0,381.827,2230.292,0.0,513.9921,0.0,0.0,0.0,230.7885,55.2945,0.0,0.0,40549.66776012322
10-12-2040 12:00:00,11780.526765872693,23400.842368008896,0.0,406.11199999999997,2155.254,0.0,513.4335000000001,0.0,0.0,0.0,231.50599999999997,55.573,0.0,0.0,40057.557890770135
10-12-2040 13:00:00,10715.521166478227,24248.665330901902,0.0,413.534,2349.25,0.0,512.5624500000001,0.0,0.0,0.0,238.753,60.678999999999995,0.0,0.0,40011.12005744178
10-12-2040 14:00:00,10400.97131206231,23645.422124311695,0.0,411.218,2084.496,0.0,512.3199000000001,0.0,0.0,0.0,229.4115,65.6445,0.0,0.0,38881.68518600236
10-12-2040 15:00:00,11232.218203461656,20399.457586519115,0.0,411.18199999999996,2217.621,1518.4558276139287,510.9040500000001,0.0,0.0,0.0,219.46200000000002,65.748,0.0,0.0,38227.07265925754
10-12-2040 16:00:00,10702.925943940452,10015.317145481344,2971.967153104355,423.941,2694.808,8000.0,511.1668500000001,0.0,0.0,0.0,224.3035,68.4945,0.0,0.0,38072.87618261809
10-12-2040 17:00:00,11352.253822718223,1314.0229004946768,11699.059213198132,426.58,4128.325,8000.0,512.5219500000001,0.0,0.0,0.0,224.268,71.001,0.0,0.0,38850.073786739245
10-12-2040 18:00:00,11904.477232728283,6.067916032938065,15068.507412979638,427.654,5354.769,6211.544172386071,519.9741000000001,495.4547871127688,0.0,0.0,227.86900000000003,71.709,0.0,0.0,41144.883412881085
10-12-2040 19:00:00,11617.120407121745,0.9410137163379886,15068.507412979638,431.097,5303.655,0.0,525.2470500000001,7802.835805621751,0.0,0.0,231.012,72.738,0.0,0.0,41904.5397946738
10-12-2040 20:00:00,10419.48702277736,0.8112187209810247,15068.507412979638,426.494,4891.1720000000005,0.0,528.8811000000001,9754.94327946609,0.0,0.0,238.27200000000002,72.625,0.0,0.0,42257.34583580053
10-12-2040 21:00:00,9282.965986025227,0.9085649674987477,15068.507412979638,430.38300000000004,4665.982,0.0,531.25575,10283.499852886005,0.0,0.0,229.3265,68.7155,0.0,0.0,41348.67889997429
10-12-2040 22:00:00,8102.945767362452,1.1573387085995952,15068.507412979638,427.961,3556.61,0.0,531.0021,9303.752617258382,0.0,0.0,232.2765,69.8505,0.0,0.0,37969.65024621126
10-12-2040 23:00:00,7393.132096293357,1.3087662031827199,15068.507412979638,427.50699999999995,3118.929,0.0,525.7155,6837.86966832777,0.0,0.0,237.3545,69.6775,0.0,0.0,34260.8759999396
11-12-2040 00:00:00,6668.54796414871,1.178971207825756,15068.507412979638,423.949,2893.843,0.0,511.7676000000001,5334.080036424086,0.0,0.0,238.88,68.999,0.0,0.0,31718.435500442494
11-12-2040 01:00:00,6709.807791002334,1.1032574605341934,15068.507412979638,429.727,2576.405,0.0,507.45330000000007,3539.363881654328,0.0,0.0,238.209,68.758,0.0,0.0,29604.89881135463
11-12-2040 02:00:00,7510.5183922095885,1.0708087116949527,11722.88379892767,427.79,1890.1879999999999,0.0,507.36240000000004,5239.54507107015,0.0,0.0,234.737,67.847,0.0,0.0,28045.294245091107
11-12-2040 03:00:00,7660.2186976273215,0.9085649674987477,97.95497760753223,427.048,1876.467,0.0,508.6086000000001,16272.82055529577,0.0,0.0,238.09400000000002,68.85300000000001,0.0,0.0,27585.718683973584
11-12-2040 04:00:00,8116.173045937572,0.9626462155641495,94.57352344618984,425.694,1754.8670000000002,0.0,505.7860500000001,15804.806134492577,0.0,0.0,241.1605,70.5005,0.0,0.0,27451.573251039976
11-12-2040 05:00:00,8399.101440559169,0.8004024713679445,94.76841993963897,428.591,1799.2839999999999,0.0,504.73965000000004,16140.622048751165,0.0,0.0,239.77700000000002,69.89,0.0,0.0,28133.543463182425
11-12-2040 06:00:00,7958.594387754484,1.1357062093734345,94.31041318003352,417.463,2571.328,0.0,508.2652500000001,18686.968851546066,0.0,0.0,231.3,67.935,0.0,0.0,31066.9283522153
11-12-2040 07:00:00,8204.84222389466,9.464218411445287,101.70673510642798,412.278,4514.238,0.0,512.7715500000002,21866.77791161671,0.0,0.0,240.795,66.235,0.0,0.0,36567.604208700555
11-12-2040 08:00:00,9027.315952745834,715.6787881486862,96.66866075076798,409.10699999999997,5786.773,0.0,516.7212000000001,22625.80256555289,0.0,0.0,241.549,66.20100000000001,0.0,0.0,40178.977893216324
11-12-2040 09:00:00,10073.790936928968,7128.546653747109,162.6313789586257,406.899,6043.471,0.0,513.3628500000001,15740.963486003548,0.0,0.0,245.658,68.042,0.0,0.0,41113.40109439729
11-12-2040 10:00:00,10365.239710118105,16302.554271823838,427.7978031208381,410.59,5266.7880000000005,0.0,513.1978500000001,6983.229558599634,0.0,0.0,243.967,68.117,0.0,0.0,41350.475243153676
11-12-2040 11:00:00,9469.582775068555,21852.86949577756,901.8542889618273,404.564,4473.641,0.0,511.09770000000003,2510.682059802697,0.0,0.0,244.6695,67.2345,0.0,0.0,41249.07838510947
11-12-2040 12:00:00,9784.264373521071,23539.144442956007,1656.1524427333184,418.12800000000004,3252.219,0.0,501.47775000000007,495.43727961626837,0.0,0.0,245.8595,66.9975,0.0,0.0,40856.18811212549
11-12-2040 13:00:00,10512.166928185441,23202.6725499923,1521.5172837156242,418.898,3360.98,0.0,501.61965000000004,0.0,0.0,0.0,244.579,67.638,0.0,0.0,40732.25010450613
11-12-2040 14:00:00,11218.31409045652,19353.255842693918,1974.1578504432568,413.602,3031.853,0.0,502.6405500000001,1851.6182728419112,0.0,0.0,245.69799999999998,68.66,0.0,0.0,39567.768499518745
11-12-2040 15:00:00,12403.118561633162,13155.57726314773,1879.971575810298,416.945,4322.012,0.0,501.1176000000001,5309.970244153274,0.0,0.0,245.796,68.998,0.0,0.0,39194.29056217704
11-12-2040 16:00:00,11759.104800037325,5297.507021747192,1161.0276459504787,416.624,4827.66,0.0,505.4775000000001,14073.302601614823,0.0,0.0,240.37400000000002,68.312,0.0,0.0,39156.49928110833
11-12-2040 17:00:00,12539.363398582227,575.7381506546528,336.9175682255093,423.154,5349.24,0.0,514.85865,19186.908627317607,0.0,0.0,237.9785,68.8735,0.0,0.0,39980.19498105422
11-12-2040 18:00:00,13711.938438514851,3.796503614191196,249.00950485527966,419.87,6376.965,0.0,521.8870500000002,19784.594143684775,0.0,0.0,244.706,68.733,0.0,0.0,42183.61392748744
11-12-2040 19:00:00,15364.389089327067,0.6597912263979,163.8397372180103,415.004,6636.919,0.0,523.1364,18514.57971614301,0.0,0.0,247.6085,68.3415,0.0,0.0,42762.96268814056
11-12-2040 20:00:00,16038.465902491445,0.6165262279455788,97.4482467245645,412.852,5318.08,0.0,522.28695,19423.953087915706,0.0,0.0,251.88299999999998,72.745,0.0,0.0,42970.14143081802
11-12-2040 21:00:00,16916.134512203895,0.5516287302670967,99.15359104224439,411.376,4883.471,0.0,527.18115,17910.516464960165,0.0,0.0,266.786,89.852,0.0,0.0,41895.443505635536
11-12-2040 22:00:00,18414.21276621862,0.5408124806540165,84.90665737111304,418.411,3615.6440000000002,0.0,527.1972000000001,14554.18007765922,0.0,0.0,267.427,90.67299999999999,0.0,0.0,38657.73747372789
11-12-2040 23:00:00,18458.779412716027,0.6057099783324984,72.501495563076,420.04699999999997,2467.822,0.0,518.4850500000001,12041.33881656557,0.0,0.0,265.4035,91.0335,0.0,0.0,34919.6778861556
12-12-2040 00:00:00,17684.43054565147,0.5732612294932574,96.44452978330149,418.676,2222.501,0.0,505.76580000000007,10228.426408010404,0.0,0.0,270.111,91.99,0.0,0.0,32035.146910167394
12-12-2040 01:00:00,18105.046401464388,0.7463212233025427,100.12807350949004,421.231,2128.828,0.0,499.64460000000014,7754.455171811938,0.0,0.0,267.1285,91.7655,0.0,0.0,29841.567118237203
12-12-2040 02:00:00,18631.0821204709,1.1032574605341934,95.08999915383004,422.556,1689.021,0.0,497.3023500000001,6319.279915838184,0.0,0.0,269.601,91.99700000000001,0.0,0.0,28466.961720054333
12-12-2040 03:00:00,17653.806688412347,1.243868705504238,90.82176594729411,417.227,1745.695,0.0,495.8010000000001,6708.036857253526,0.0,0.0,263.955,91.723,0.0,0.0,27908.745752116312
12-12-2040 04:00:00,16782.678233106482,1.3736637008612018,81.63239628116767,418.82800000000003,1830.4460000000001,0.0,492.96555000000006,7551.025178180482,0.0,0.0,263.171,92.728,0.0,0.0,27955.854656700736
12-12-2040 05:00:00,15388.120838255994,2.1199849241637447,81.34979636566644,419.56699999999995,2135.615,0.0,494.38815000000005,9197.211713802177,0.0,0.0,262.6095,91.9015,0.0,0.0,28534.173375054474
12-12-2040 06:00:00,13569.868957842356,2.401207414103833,93.01435149859681,420.115,4117.564,0.0,500.2615500000001,11849.735245059934,0.0,0.0,262.7505,91.7295,0.0,0.0,31443.268758135466
12-12-2040 07:00:00,12399.154245685939,8.966670929243595,104.6789066315272,417.094,5439.561,0.0,509.9962500000001,17068.083481222868,0.0,0.0,261.8715,90.4875,0.0,0.0,36950.41055728881
12-12-2040 08:00:00,11088.825994931649,444.64520534411923,98.98792902281262,420.29900000000004,6153.9490000000005,0.0,513.0498000000001,20521.158870292133,0.0,0.0,260.23,89.225,0.0,0.0,40290.21092983776
12-12-2040 09:00:00,9400.839602731068,4561.212461835975,96.52248838068112,425.42699999999996,6827.141,0.0,510.65775000000014,18335.081784647897,0.0,0.0,262.3235,90.0995,0.0,0.0,41236.32096342026
12-12-2040 10:00:00,8659.647887486546,10477.311615204844,103.82136206035102,427.30300000000005,6775.388000000001,0.0,503.82060000000007,13769.240028573573,0.0,0.0,261.4465,88.7775,0.0,0.0,41805.93733090658
12-12-2040 11:00:00,9720.48336446191,15058.89107506225,465.93904688883265,430.94300000000004,6983.892,0.0,503.1391500000001,7447.3263054410945,0.0,0.0,261.5265,88.6525,0.0,0.0,41732.041374686625
12-12-2040 12:00:00,12456.576878728289,17001.922155556,1014.1341588378704,423.795,6067.503000000001,0.0,506.82465,2787.523953317154,0.0,0.0,263.0965,90.6175,0.0,0.0,41442.51169874954
12-12-2040 13:00:00,14900.80778389689,16304.966295487555,1673.0304790660134,434.608,5239.177,0.0,509.03730000000013,846.5931397776535,0.0,0.0,263.8415,91.0735,0.0,0.0,41162.65787339006
12-12-2040 14:00:00,16242.715195342953,13753.824029247204,1907.1109125230894,428.111,4672.670999999999,0.0,508.86420000000004,1488.8708697220293,0.0,0.0,260.715,91.09299999999999,0.0,0.0,40265.72538477725
12-12-2040 15:00:00,18427.83454257581,9175.662504267531,2136.6794921568185,429.195,5162.657999999999,0.0,509.54595000000006,2723.4667463425826,0.0,0.0,259.89099999999996,91.32,0.0,0.0,39830.28569744489
12-12-2040 16:00:00,20440.63957917785,3880.816279925157,1420.5128373286493,429.295,4992.035,0.0,515.9158500000001,6986.542201993747,0.0,0.0,252.0395,90.7265,0.0,0.0,39840.15833111254
12-12-2040 17:00:00,22936.59997292606,434.6401744520199,720.6785086515167,429.014,5188.759,0.0,521.7552000000001,9172.318742687368,0.0,0.0,247.6075,89.1815,0.0,0.0,40525.03937062688
12-12-2040 18:00:00,26806.971301262238,4.207521099488249,250.0132217965427,426.348,5380.895,0.0,525.8137500000001,7997.213696291169,0.0,0.0,250.8785,90.1345,0.0,0.0,42536.3496623684
12-12-2040 19:00:00,29972.51819518485,0.5624449798801772,256.42531643101904,435.865,5086.018,0.0,527.0548500000001,5563.79986403871,0.0,0.0,260.903,89.94,0.0,0.0,43034.02153694376
12-12-2040 20:00:00,32067.050022304687,0.7138724744633017,251.84524883496448,440.35400000000004,4829.388,0.0,525.2791500000001,3983.2443295868693,0.0,0.0,264.985,91.229,0.0,0.0,43303.62850597284
12-12-2040 21:00:00,34051.172749575424,27.040624032700823,255.25593747032426,444.075,3886.7929999999997,0.0,523.08495,1883.0652795379237,0.0,0.0,266.377,90.429,0.0,0.0,42236.11483753577
12-12-2040 22:00:00,34146.8689272274,0.6292903729253831,0.0,439.051,2763.04,0.0,520.7085000000001,0.0,0.0,0.0,266.7425,90.2295,0.0,0.0,38932.06760890916
12-12-2040 23:00:00,30926.26854462626,0.5263981809673183,0.0,438.305,2235.991,0.0,510.33765000000005,0.0,0.0,0.0,266.7395,91.3505,0.0,0.0,35064.74571056432
13-12-2040 00:00:00,28641.418543995715,0.44739727095165516,0.0,436.673,1921.48,0.0,496.8393000000001,0.0,0.0,0.0,264.876,90.99600000000001,0.0,0.0,32371.267307618113
13-12-2040 01:00:00,26641.810112703453,0.5718837589860367,0.0,425.885,1794.369,0.0,487.1229000000001,0.0,0.0,0.0,264.466,93.31200000000001,0.0,0.0,30179.942895413846
13-12-2040 02:00:00,31431.945143082736,1.0626908676613436,0.0,429.764,1580.394,0.0,484.98810000000014,0.0,0.0,0.0,268.1365,95.9105,0.0,-6094.813141127937,28645.292210525346
13-12-2040 03:00:00,41881.4598145584,1.3588206112649812,0.0,430.996,1453.078,0.0,485.40870000000007,0.0,0.0,0.0,264.722,95.06200000000001,0.0,-12200.0,27913.892987687494
13-12-2040 04:00:00,42498.40486595865,1.481188402722342,0.0,432.05699999999996,1594.648,0.0,481.0767000000001,0.0,0.0,0.0,263.8695,95.4905,0.0,-12200.0,27910.817740418064
13-12-2040 05:00:00,42637.89942293365,1.4060883106299906,0.0,417.07599999999996,1842.0720000000001,0.0,482.14380000000006,0.0,0.0,0.0,264.115,95.723,0.0,-12200.0,28818.534239958703
13-12-2040 06:00:00,44718.04635240366,2.3471246292694254,0.0,400.903,2089.721,0.0,484.10595000000006,0.0,0.0,0.0,266.1635,94.9315,0.0,-12200.0,31704.674075804196
13-12-2040 07:00:00,43848.02120484961,7.452395784386191,0.0,398.04,2826.395,0.0,504.5343000000001,0.0,0.0,0.0,267.563,93.542,0.0,-11580.34708234487,37009.88926923383
13-12-2040 08:00:00,41125.44229768863,75.58395221026055,0.0,403.231,4609.89,0.0,510.67395000000005,0.0,0.0,0.0,268.759,91.307,0.0,-7453.885894470943,40329.90791935709
13-12-2040 09:00:00,39986.415084683234,1358.7913575816294,0.0,394.901,5013.919,0.0,510.40500000000003,0.0,0.0,0.0,273.198,93.914,0.0,-6835.618459977624,41527.57184041159
13-12-2040 10:00:00,38825.76393534211,5923.832771832299,0.0,394.764,5385.731,0.0,509.7078000000001,0.0,0.0,0.0,272.3125,94.0565,0.0,-9787.2966630911,42371.505695394764
13-12-2040 11:00:00,37725.5250917267,10285.26910332396,0.0,393.19800000000004,5244.899,0.0,512.4310500000001,0.0,0.0,0.0,270.048,94.178,0.0,-12200.0,42580.46404166927
13-12-2040 12:00:00,40508.12293277524,12157.778236341044,0.0,393.32199999999995,4767.64,0.0,516.99165,0.0,0.0,0.0,269.6945,92.4275,0.0,-12200.0,42591.90164028946
13-12-2040 13:00:00,45275.02914710741,12158.124356328686,0.0,398.98800000000006,4370.403,0.0,524.39475,0.0,0.0,0.0,271.3675,92.8525,0.0,-12200.0,42582.043886250554
13-12-2040 14:00:00,49941.71745429374,12483.131024702527,0.0,399.91900000000004,3353.099,0.0,528.76065,0.0,0.0,0.0,272.7665,93.8385,0.0,-12200.0,41327.8593234441
13-12-2040 15:00:00,53112.296128750335,12341.102851033169,0.0,412.865,2428.812,0.0,527.5527000000001,0.0,0.0,0.0,269.08,93.89399999999999,0.0,-12200.0,40713.53227553521
13-12-2040 16:00:00,55442.88073168169,6893.942199639397,0.0,415.361,2362.064,0.0,528.1114500000001,0.0,0.0,0.0,265.27099999999996,93.95100000000001,0.0,-12200.0,40717.16439291015
13-12-2040 17:00:00,55219.3281208862,1247.6327603695897,0.0,412.95599999999996,3070.4309999999996,0.0,533.5113000000001,0.0,0.0,0.0,265.983,94.819,0.0,-12200.0,41062.908562237855
13-12-2040 18:00:00,54849.37042144082,4.185888600262087,0.0,409.801,4023.5009999999997,0.0,537.1912500000001,0.0,0.0,0.0,273.615,95.1,0.0,-12200.0,42991.727308228226
13-12-2040 19:00:00,54127.01790910255,1.1032574605341934,0.0,410.43300000000005,4706.289000000001,0.0,536.3748000000002,0.0,0.0,0.0,273.8895,95.1175,0.0,-12200.0,43748.05883697942
13-12-2040 20:00:00,53430.21492959097,0.7679537225287033,0.0,413.231,4640.883,0.0,536.5359000000001,0.0,0.0,0.0,275.6105,97.0895,0.0,-12200.0,43851.13002524735
13-12-2040 21:00:00,51076.25053163429,0.8004024713679445,0.0,412.45099999999996,4034.9590000000003,0.0,537.0123000000001,0.0,0.0,0.0,275.7775,97.0975,0.0,-12200.0,42836.97879736257
13-12-2040 22:00:00,49465.93765862205,1.2979499535696395,0.0,413.57,3266.821,0.0,538.7136000000002,0.0,0.0,0.0,277.05400000000003,98.85600000000001,0.0,-12200.0,39429.80495385095
13-12-2040 23:00:00,48746.72179041375,1.2330524558911575,0.0,410.194,2647.421,0.0,530.5513500000001,0.0,0.0,0.0,278.4875,99.1755,0.0,-12200.0,35855.74603029355
14-12-2040 00:00:00,46984.546609433055,1.4493774481527641,0.0,406.222,2366.575,0.0,515.9319,0.0,0.0,0.0,273.653,98.441,0.0,-12200.0,33263.05144468756
14-12-2040 01:00:00,45541.94944055286,1.406112449700443,0.0,407.125,2035.3729999999998,0.0,512.07405,0.0,0.0,0.0,271.7805,98.8425,0.0,-12200.0,30856.70858541449
14-12-2040 02:00:00,45087.43771648486,1.2006037070519164,0.0,405.37699999999995,1819.953,0.0,512.6686500000001,0.0,0.0,0.0,267.83799999999997,98.734,0.0,-12200.0,29187.038661394727
14-12-2040 03:00:00,44930.466275476145,1.676518690027451,0.0,401.931,1767.3270000000002,0.0,515.50365,0.0,0.0,0.0,268.15,98.62200000000001,0.0,-12200.0,28561.707384052646
14-12-2040 04:00:00,44179.00214739666,2.0226386776460217,0.0,395.666,1879.8829999999998,0.0,514.89075,0.0,0.0,0.0,268.9985,99.3105,0.0,-12200.0,28328.27093253198
14-12-2040 05:00:00,42366.38926469137,2.8446736482401267,0.0,397.55199999999996,1966.4089999999999,0.0,515.7657,0.0,0.0,0.0,273.9885,98.4895,0.0,-12200.0,29108.253259171477
14-12-2040 06:00:00,40911.50851781276,3.179977386245617,0.0,407.38800000000003,2281.294,0.0,523.9104000000001,0.0,0.0,0.0,275.0955,97.9935,0.0,-12200.0,31874.40042095747
14-12-2040 07:00:00,39891.75495692656,11.85460957593604,0.0,406.56199999999995,3765.833,0.0,536.46915,0.0,0.0,0.0,274.564,97.23299999999999,0.0,-8422.456968278137,37214.368847258265
14-12-2040 08:00:00,38960.65510349618,479.0192466144885,0.0,409.09,5025.191,0.0,543.9849,0.0,0.0,0.0,274.6545,95.8635,0.0,-5844.8275769591855,40668.93319232815
14-12-2040 09:00:00,37960.12364042237,6518.97527430274,0.0,405.76599999999996,5123.338,0.0,536.2356000000001,0.0,0.0,0.0,271.5695,95.6575,0.0,-9861.516782916086,41819.76682984638
14-12-2040 10:00:00,37856.981808538934,16316.258460083609,0.0,400.583,4791.971,0.0,537.12525,0.0,0.0,0.0,271.765,96.744,0.0,-12200.0,42385.523049647345
14-12-2040 11:00:00,39444.816043224084,23526.738204649802,0.0,393.33099999999996,4109.784000000001,0.0,535.86945,0.0,0.0,0.0,274.4155,96.0085,0.0,-12200.0,42302.845136546246
14-12-2040 12:00:00,42142.71288988582,26725.416886476436,0.0,406.899,3586.7459999999996,0.0,539.7087000000001,0.0,0.0,0.0,272.8615,95.7755,0.0,-12200.0,41786.243398290426
14-12-2040 13:00:00,44858.05272671532,27085.197797356326,0.0,407.603,2862.1259999999997,0.0,537.6654000000001,0.0,0.0,0.0,273.795,96.29700000000001,0.0,-12200.0,41484.48527146579
14-12-2040 14:00:00,46124.90113368553,24623.32203917273,0.0,403.952,2606.15,0.0,537.9534000000001,0.0,0.0,0.0,274.55400000000003,96.61399999999999,0.0,-12200.0,40097.9047480746
14-12-2040 15:00:00,45086.90398419149,19934.62925939699,0.0,394.98,2632.592,0.0,539.1138000000001,0.0,0.0,0.0,275.29,96.134,0.0,-12200.0,39186.00484091429
14-12-2040 16:00:00,42026.47141106264,10936.73181752043,0.0,394.38199999999995,2884.671,0.0,544.5195000000001,0.0,0.0,0.0,274.95099999999996,96.249,0.0,-12200.0,38889.35228670031
14-12-2040 17:00:00,39577.475591506736,1672.1272926845406,0.0,403.44699999999995,3663.702,0.0,553.7632500000001,0.0,0.0,0.0,276.505,97.505,0.0,-8289.582836358415,39284.66756717787
14-12-2040 18:00:00,40390.48910883898,9.377688414540645,0.0,405.832,4764.472,0.0,556.23495,0.0,0.0,0.0,262.9515,97.2425,0.0,-5787.558814664466,41588.21413932392
14-12-2040 19:00:00,40780.07113912945,1.5791724435097279,0.0,403.05400000000003,5206.214,0.0,562.2046500000001,0.0,0.0,0.0,264.7855,98.2705,0.0,-5987.381463903635,42179.73146035898
14-12-2040 20:00:00,40971.371622428465,0.7138724744633017,0.0,406.875,5088.072,0.0,565.3297500000001,0.0,0.0,0.0,256.325,97.465,0.0,-6115.715314089546,42105.15662107786
14-12-2040 21:00:00,40891.48968918562,0.8652999690464263,0.0,403.35900000000004,4489.701,0.0,564.5041500000001,0.0,0.0,0.0,252.7355,97.8725,0.0,-6311.989988949761,41169.66543454421
14-12-2040 22:00:00,39095.592683089,0.8544837194333461,0.0,389.19199999999995,3471.566,0.0,562.5757500000001,0.0,0.0,0.0,252.9315,98.4215,0.0,-6166.598146569988,38393.77174394412
14-12-2040 23:00:00,38087.93318656081,1.092441210921113,0.0,392.38599999999997,2911.2090000000003,0.0,557.42295,0.0,0.0,0.0,253.4125,97.5265,0.0,-7527.82898763827,35383.72589168104
15-12-2040 00:00:00,38720.769510998136,1.2871337039565593,0.0,392.68699999999995,2551.7929999999997,0.0,540.8632500000001,0.0,0.0,0.0,252.6575,97.6715,0.0,-10165.415425741769,32937.72696186769
15-12-2040 01:00:00,39675.19114507412,1.4169286993135233,0.0,398.67800000000005,2207.745,0.0,532.9660500000001,0.0,0.0,0.0,246.519,96.984,0.0,-12200.0,30716.763817180254
15-12-2040 02:00:00,39306.54070298498,1.7954974357713347,0.0,398.89,2039.4170000000001,0.0,531.34815,0.0,0.0,0.0,248.8165,97.7475,0.0,-12200.0,28887.644907576516
15-12-2040 03:00:00,38681.5247169333,1.7305999380928525,0.0,393.56,1943.636,0.0,527.5624500000001,0.0,0.0,0.0,251.585,98.64200000000001,0.0,-12200.0,27735.81582289574
15-12-2040 04:00:00,40223.90661892405,2.0550874264852625,0.0,383.103,1821.3010000000002,0.0,522.14895,0.0,0.0,0.0,254.9695,98.1655,0.0,-12200.0,27409.096746872397
15-12-2040 05:00:00,41129.48014527963,2.7148786528831628,0.0,381.725,1798.9170000000001,0.0,523.8183000000001,0.0,0.0,0.0,257.973,97.876,0.0,-12200.0,27221.555022231132
15-12-2040 06:00:00,41530.06943721478,3.179977386245617,0.0,390.98800000000006,1804.34,0.0,523.3435500000002,0.0,0.0,0.0,258.8395,97.8375,0.0,-12200.0,27832.459011548886
15-12-2040 07:00:00,41349.138057383556,10.967677107663453,0.0,395.936,1977.52,0.0,527.6641500000001,0.0,0.0,0.0,257.2785,97.7365,0.0,-12200.0,29562.783510174653
15-12-2040 08:00:00,41487.70346952124,551.92076900665,0.0,399.894,2242.151,0.0,530.12865,0.0,0.0,0.0,264.38,97.06200000000001,0.0,-12200.0,31734.373442774468
15-12-2040 09:00:00,39677.39955912862,6685.480620846499,0.0,399.81800000000004,3118.758,0.0,531.5082000000001,0.0,0.0,0.0,270.798,97.14200000000001,0.0,-12200.0,34716.513295320896
15-12-2040 10:00:00,38463.23594419065,14823.70254347543,0.0,401.606,3553.965,0.0,529.005,0.0,0.0,0.0,279.0035,96.5525,0.0,-12200.0,36902.018284725746
15-12-2040 11:00:00,37827.21269649429,19342.428776831228,0.0,388.366,3802.718,0.0,526.2397500000001,0.0,0.0,0.0,278.3955,97.3495,0.0,-12200.0,37232.09494897382
15-12-2040 12:00:00,37977.35777882317,21250.317862332082,0.0,384.034,3644.257,0.0,523.7466000000001,0.0,0.0,0.0,278.1175,96.6825,0.0,-12200.0,36803.75805241951
15-12-2040 13:00:00,38958.38867506197,20439.13159009989,0.0,384.224,3404.197,0.0,524.2798500000001,0.0,0.0,0.0,270.6525,97.1125,0.0,-12200.0,36769.32770749197
15-12-2040 14:00:00,40985.5155282031,18526.234581028184,0.0,391.918,2621.214,0.0,523.9530000000001,0.0,0.0,0.0,272.497,96.65299999999999,0.0,-12200.0,36124.15890911642
15-12-2040 15:00:00,41698.659224667856,15244.844038410327,0.0,389.775,2485.619,0.0,518.2983,0.0,0.0,0.0,271.601,96.072,0.0,-12200.0,34851.12185669899
15-12-2040 16:00:00,40505.33824254898,7876.19827575206,0.0,390.371,2826.067,0.0,519.1191000000001,0.0,0.0,0.0,264.6885,98.2765,0.0,-12200.0,34077.052694519945
15-12-2040 17:00:00,39515.57038072505,1284.2565815594799,0.0,389.774,3205.679,0.0,519.0117,0.0,0.0,0.0,270.1525,98.3605,0.0,-11810.249357804114,34572.733674770156
15-12-2040 18:00:00,39125.45848576651,8.436674698202657,0.0,390.839,4077.381,0.0,518.7351000000001,0.0,0.0,0.0,277.6355,98.3395,0.0,-8333.192326031989,36974.28789752463
15-12-2040 19:00:00,38448.79036364151,2.4120236637169135,0.0,389.329,4429.251,0.0,515.6038500000001,0.0,0.0,0.0,276.4475,99.2465,0.0,-7333.099139461297,37627.042702621504
15-12-2040 20:00:00,37746.29423966718,0.8761162186595066,0.0,387.19699999999995,3431.6609999999996,0.0,515.9809500000001,0.0,0.0,0.0,270.981,98.21600000000001,0.0,-5246.519591147626,38002.70348149908
15-12-2040 21:00:00,35599.89755708173,1.0275437132426313,0.0,382.439,3435.9790000000003,0.0,517.9995,0.0,0.0,0.0,272.98900000000003,98.792,0.0,-3442.579999714995,37626.29388530527
15-12-2040 22:00:00,34460.65371210829,1.1897874574388363,0.0,396.36699999999996,3373.237,0.0,516.5736,0.0,0.0,0.0,272.3045,98.5265,0.0,-4115.658953645961,35680.88398128137
15-12-2040 23:00:00,33709.12770202378,1.503458696218166,0.0,395.923,3422.173,0.0,512.3347500000001,0.0,0.0,0.0,273.782,98.25,0.0,-5509.301045978744,33501.0079554281
16-12-2040 00:00:00,33611.644205975266,1.6873349396405315,0.0,391.61400000000003,3529.256,0.0,504.85965000000004,0.0,0.0,0.0,273.1335,98.3715,0.0,-8065.84745521106,30880.631680508683
16-12-2040 01:00:00,34285.980150035706,1.503458696218166,0.0,388.829,2473.3320000000003,0.0,496.9462500000001,0.0,0.0,0.0,272.517,98.556,0.0,-10014.593207105776,28492.318839368152
16-12-2040 02:00:00,35098.61464008715,1.092441210921113,0.0,390.195,2149.476,0.0,496.35360000000014,0.0,0.0,0.0,273.8825,99.1825,0.0,-12200.0,26658.338011074284
16-12-2040 03:00:00,35157.622999508385,0.8977487178856673,0.0,393.45099999999996,1853.683,0.0,497.7858000000001,0.0,0.0,0.0,273.5285,98.7655,0.0,-12200.0,25669.10792938129
16-12-2040 04:00:00,35918.32301683855,1.7846811861582546,0.0,380.051,1405.4470000000001,0.0,495.4570500000001,0.0,0.0,0.0,275.03700000000003,98.7,0.0,-12200.0,25221.952766362072
16-12-2040 05:00:00,37240.71825857366,1.9361086807413788,0.0,376.728,1644.995,0.0,496.7751000000001,0.0,0.0,0.0,275.941,99.323,0.0,-12200.0,25095.83526512332
16-12-2040 06:00:00,37910.26608249491,2.7797761505616445,0.0,369.62699999999995,2005.295,0.0,498.3157500000001,0.0,0.0,0.0,275.404,99.23200000000001,0.0,-12200.0,25600.804853613223
16-12-2040 07:00:00,39335.84183236659,8.404225949363417,0.0,369.345,2436.737,0.0,499.2438000000001,0.0,0.0,0.0,270.8,99.01100000000001,0.0,-12200.0,26733.154272331696
16-12-2040 08:00:00,43391.22875286596,350.58709870877277,0.0,373.458,2316.345,0.0,503.5078500000001,0.0,0.0,0.0,266.5515,97.0935,0.0,-12200.0,27527.699663607753
16-12-2040 09:00:00,46319.83331715476,3863.607626790746,0.0,370.603,2337.167,0.0,508.10715000000005,0.0,0.0,0.0,267.4355,96.1615,0.0,-12200.0,30088.774666154848
16-12-2040 10:00:00,49750.768924898315,8997.789279380424,0.0,374.735,2168.542,0.0,509.7790500000001,0.0,0.0,0.0,267.645,96.14,0.0,-12200.0,32830.12381067687
16-12-2040 11:00:00,51639.69779030663,12943.459791985613,0.0,375.50300000000004,2230.8089999999997,0.0,510.91305000000006,0.0,0.0,0.0,273.3425,97.7635,0.0,-12200.0,34128.34872663126
16-12-2040 12:00:00,51724.801017723876,15472.74241775793,0.0,375.86300000000006,2374.076,0.0,506.43000000000006,0.0,0.0,0.0,274.683,98.626,0.0,-12200.0,34551.72140704783
16-12-2040 13:00:00,53080.37274940559,16372.557039319696,0.0,377.421,2312.66,0.0,505.2298500000001,0.0,0.0,0.0,274.459,98.31700000000001,0.0,-12200.0,35156.79109393741
16-12-2040 14:00:00,54731.89517014235,15446.404849950077,0.0,373.184,2184.607,0.0,505.54320000000007,0.0,0.0,0.0,267.8495,97.5145,0.0,-12200.0,34857.29206674589
16-12-2040 15:00:00,55303.16663482564,12495.980729242865,0.0,371.654,2270.7529999999997,0.0,507.2055000000001,0.0,0.0,0.0,260.0175,96.2565,0.0,-12200.0,33375.89594510132
16-12-2040 16:00:00,53930.53480788228,6794.638211941706,0.0,365.436,2596.551,0.0,512.2675500000001,0.0,0.0,0.0,264.346,97.34,0.0,-12200.0,32322.44612975665
16-12-2040 17:00:00,52892.889612291845,1018.0145973335075,0.0,367.445,3100.3390000000004,0.0,515.5657500000001,0.0,0.0,0.0,268.86400000000003,97.111,0.0,-12200.0,32395.501758943647
16-12-2040 18:00:00,51315.04932141901,4.9213935739515495,0.0,369.339,3994.616,0.0,517.2066000000001,0.0,0.0,0.0,273.61,97.646,0.0,-12200.0,34930.20299154342
16-12-2040 19:00:00,49965.24035145569,2.3795749148776726,0.0,365.335,4249.442,0.0,518.9103000000001,0.0,0.0,0.0,272.488,97.061,0.0,-12200.0,36575.497851746055
16-12-2040 20:00:00,48158.614552737024,1.9901899288067806,0.0,371.94800000000004,4373.944,0.0,516.7162500000001,0.0,0.0,0.0,273.237,96.64399999999999,0.0,-12200.0,37637.44319111862
16-12-2040 21:00:00,45772.057676256205,1.3087662031827199,0.0,367.241,3716.0809999999997,0.0,518.5527000000001,0.0,0.0,0.0,275.1475,99.0055,0.0,-12200.0,37801.4769623075
16-12-2040 22:00:00,43891.59891028635,0.7679537225287033,0.0,366.358,4075.81,0.0,519.92745,0.0,0.0,0.0,274.361,98.354,0.0,-12200.0,36216.91591073392
16-12-2040 23:00:00,42280.89927474269,0.6706074760109804,0.0,363.06300000000005,2840.5809999999997,0.0,516.2529000000001,0.0,0.0,0.0,273.988,97.887,0.0,-12200.0,33437.77994903183
17-12-2040 00:00:00,40302.65920557511,0.5083637318147755,0.0,363.23,2284.62,0.0,502.8405000000001,0.0,0.0,0.0,269.94599999999997,97.369,0.0,-12200.0,30262.547526343445
17-12-2040 01:00:00,38015.2798450305,0.6814237256240607,0.0,356.327,2119.084,0.0,496.45275000000004,0.0,0.0,0.0,272.022,97.402,0.0,-12200.0,28079.60220507225
17-12-2040 02:00:00,36680.60876054761,1.1032574605341934,0.0,358.57,1935.7839999999999,0.0,503.5804500000001,0.0,0.0,0.0,271.6235,98.1685,0.0,-12200.0,26850.466009283326
17-12-2040 03:00:00,34687.01035125669,1.6548861908012902,0.0,359.621,1894.254,0.0,507.5302500000001,0.0,0.0,0.0,271.615,98.914,0.0,-11911.526303147228,26341.50347242158
17-12-2040 04:00:00,31189.70242549334,2.044271176872182,0.0,347.783,2056.942,0.0,507.9291000000001,0.0,0.0,0.0,268.3345,98.5405,0.0,-8474.68080865136,26432.50839775518
17-12-2040 05:00:00,28842.753899856907,2.6824299040439215,0.0,337.285,2366.488,0.0,510.79365,0.0,0.0,0.0,271.184,98.634,0.0,-5373.293467260497,27511.104785667016
17-12-2040 06:00:00,26403.62826010326,3.3422211304418217,0.0,333.38699999999994,3577.927,0.0,521.2432500000001,0.0,0.0,0.0,275.9115,97.4125,0.0,-721.6005719303866,31020.459271666605
17-12-2040 07:00:00,25078.374843260848,9.626462155641493,0.0,330.995,5033.059,4667.009661362397,536.9763,0.0,0.0,0.0,274.661,96.33,0.0,0.0,36667.504920075145
17-12-2040 08:00:00,23140.5089147499,545.863669223325,0.0,357.791,5845.816999999999,8000.0,546.9549000000001,0.0,0.0,0.0,272.1275,94.4235,0.0,0.0,40679.40473105251
17-12-2040 09:00:00,19747.677151603435,7002.364285760914,0.0,361.594,6196.12,7091.19206545785,545.5641,0.0,0.0,0.0,272.879,95.177,0.0,0.0,42044.96852283272
17-12-2040 10:00:00,15706.41866637744,15157.383844038957,0.0,360.375,6681.1230000000005,3349.130545893391,548.4891000000001,0.0,0.0,0.0,271.942,94.889,0.0,0.0,42924.73215182621
17-12-2040 11:00:00,13700.227745821274,20472.421330476118,0.0,359.038,6571.533,0.0,548.2660500000001,0.0,0.0,0.0,274.2135,95.1325,0.0,0.0,42857.59824288621
17-12-2040 12:00:00,12670.325616700631,21481.909111581605,0.0,362.779,5819.643,0.0,548.9959500000001,0.0,0.0,0.0,274.275,95.619,0.0,0.0,42149.847585992335
17-12-2040 13:00:00,12945.595315701657,21360.942496618416,0.0,364.286,5352.049,0.0,549.5155500000001,0.0,0.0,0.0,275.2675,95.9795,0.0,0.0,41892.90578495428
17-12-2040 14:00:00,13673.569049107504,19770.754463541496,0.0,366.605,4870.1359999999995,0.0,552.0642,0.0,0.0,0.0,276.04400000000004,96.825,0.0,0.0,40666.188644807444
17-12-2040 15:00:00,15135.535012128978,17359.113227933194,0.0,376.64599999999996,4873.069,0.0,556.1742,0.0,0.0,0.0,273.29,96.256,0.0,0.0,39965.415417819524
17-12-2040 16:00:00,18409.61029209453,11238.948647959509,0.0,379.741,4929.168,2260.863885046452,558.0519,0.0,0.0,0.0,264.3805,96.3155,0.0,0.0,39724.62917368372
17-12-2040 17:00:00,19801.502893103425,1909.003159211,0.0,385.149,5376.46,8000.0,560.85915,0.0,0.0,0.0,255.93599999999998,97.09299999999999,0.0,0.0,40497.21781280333
17-12-2040 18:00:00,19934.800599562946,6.706074760109804,1766.6888494471968,385.796,6066.514,8000.0,562.3845000000001,0.0,0.0,0.0,259.07099999999997,97.178,0.0,0.0,42986.62545552466
17-12-2040 19:00:00,19935.431022489185,0.9950949644033903,7042.578686014502,390.13699999999994,6486.974,3014.9689943027442,565.31145,0.0,0.0,0.0,262.286,98.522,0.0,0.0,43642.23863730214
17-12-2040 20:00:00,22137.53311247741,0.7787699721417838,12678.585784222414,395.98800000000006,6136.76,0.0,566.6787,0.0,0.0,0.0,268.184,98.524,0.0,0.0,44164.45594744364
17-12-2040 21:00:00,26061.90035782741,1.1465224589865148,10757.604988175586,383.45300000000003,3995.0290000000005,0.0,570.0261000000002,0.0,0.0,0.0,275.9775,98.7805,0.0,0.0,42947.8647666437
17-12-2040 22:00:00,28778.75630378014,1.406112449700443,5732.538757912695,372.49,3017.906,0.0,567.9186000000001,0.0,0.0,0.0,278.659,98.601,0.0,0.0,39548.56819858597
17-12-2040 23:00:00,30973.034187757406,1.7089674388666922,215.1098283624633,367.467,2530.297,0.0,560.4715500000001,0.0,0.0,0.0,275.71,97.571,0.0,0.0,35621.55480960514
18-12-2040 00:00:00,28260.585173016796,1.9772530679712943,0.0,376.7,2720.7790000000005,0.0,545.4465000000001,0.0,0.0,0.0,272.1125,97.7565,0.0,0.0,32801.32242930091
18-12-2040 01:00:00,26165.180972396214,1.8235321356391307,0.0,376.72,2441.43,0.0,537.9616500000001,0.0,0.0,0.0,268.0965,98.8955,0.0,0.0,30369.85122500589
18-12-2040 02:00:00,24950.88647164102,1.2555000744183333,0.0,380.537,2468.781,0.0,532.08765,0.0,0.0,0.0,266.592,98.289,0.0,0.0,29154.643105697138
18-12-2040 03:00:00,24194.168344508424,1.2578947061712908,0.0,384.20300000000003,2527.1820000000002,0.0,532.2097500000001,0.0,0.0,0.0,268.2345,97.4135,0.0,0.0,28452.161325339384
18-12-2040 04:00:00,24098.653737368983,2.2004895089579732,0.0,386.343,2676.34,0.0,527.5926000000001,0.0,0.0,0.0,265.937,97.08,0.0,0.0,28502.625958194938
18-12-2040 05:00:00,24810.3799445988,2.518738784241627,0.0,385.87699999999995,2671.4559999999997,0.0,529.9449000000001,0.0,0.0,0.0,266.20599999999996,97.198,0.0,0.0,29231.406738365622
18-12-2040 06:00:00,27469.399182912537,2.4888558309540456,0.0,381.38,3077.472,0.0,535.5774,0.0,0.0,0.0,269.0535,95.8145,0.0,0.0,32373.240718379486
18-12-2040 07:00:00,31491.44294964399,10.416048377396356,0.0,376.908,4237.424,185.92749219165125,549.0018000000001,0.0,0.0,0.0,273.0025,94.2515,0.0,0.0,37873.62716608579
18-12-2040 08:00:00,31463.10099134034,530.7425522642386,0.0,380.473,4925.12,2731.866450563757,547.8787500000001,0.0,0.0,0.0,273.0335,95.0875,0.0,0.0,41664.72072640598
18-12-2040 09:00:00,29840.43520220267,5476.077287563184,0.0,374.733,5712.603,0.0,539.0373000000002,0.0,0.0,0.0,272.887,96.322,0.0,0.0,43065.9160211436
18-12-2040 10:00:00,25802.540513583044,10425.50896054091,0.0,384.452,5350.971,0.0,536.4619500000001,0.0,0.0,0.0,269.945,96.154,0.0,0.0,43659.71773718062
18-12-2040 11:00:00,32533.504701366262,16183.066787330155,0.0,375.645,4200.776,0.0,534.5827500000001,0.0,0.0,0.0,271.9675,96.8175,0.0,-11651.507002952181,43430.781629371784
18-12-2040 12:00:00,32559.289304816713,17224.41014153202,0.0,372.25699999999995,3966.4959999999996,0.0,540.5539500000001,0.0,0.0,0.0,273.968,96.54799999999999,0.0,-12200.0,43070.4773713332
18-12-2040 13:00:00,36329.10971937259,16200.219751580578,0.0,370.457,3387.2740000000003,0.0,549.35895,0.0,0.0,0.0,278.6545,97.2705,0.0,-12200.0,42904.33218082646
18-12-2040 14:00:00,36921.91740073504,14298.391485767936,0.0,375.454,3329.264,0.0,556.1880000000001,0.0,0.0,0.0,277.2185,96.6815,0.0,-12200.0,41584.67390365646
18-12-2040 15:00:00,36408.96508375973,10356.277493940986,0.0,384.975,3327.663,0.0,553.31565,0.0,0.0,0.0,277.0015,97.1645,0.0,-11246.573775816581,41081.573940517475
18-12-2040 16:00:00,36654.98182946023,5033.211956168891,0.0,382.096,3908.6,0.0,546.2448,0.0,0.0,0.0,270.293,97.164,0.0,-6947.42559972934,40856.34509220869
18-12-2040 17:00:00,37042.00353550572,729.4370576163271,0.0,379.397,4677.936,0.0,546.64845,0.0,0.0,0.0,271.855,97.26,0.0,-2711.0011647816063,41869.11214263011
18-12-2040 18:00:00,38649.75991014318,4.997107321232348,0.0,383.37699999999995,5037.266,0.0,552.8010000000002,0.0,0.0,0.0,273.77,96.368,0.0,-2129.228780407004,43678.56539091231
18-12-2040 19:00:00,39925.61601655047,0.8544837194332748,0.0,387.267,4652.649,0.0,557.4763500000001,0.0,0.0,0.0,274.469,97.225,0.0,-2592.322848300875,44146.91509710587
18-12-2040 20:00:00,39945.8746379503,0.6597912263978978,0.0,391.434,3570.676,0.0,562.80195,0.0,0.0,0.0,275.242,96.073,0.0,-1283.808406458531,44413.95012230761
18-12-2040 21:00:00,37400.04895102415,0.5840774791063379,0.0,392.69300000000004,3474.579,438.3293205565642,560.628,0.0,0.0,0.0,276.728,97.24600000000001,0.0,0.0,43453.44776782832
18-12-2040 22:00:00,34663.49668790648,2.0306380276227856,0.0,387.01800000000003,3360.909,0.0,557.91735,0.0,0.0,0.0,275.1835,97.7685,0.0,0.0,40051.77343509825
18-12-2040 23:00:00,32498.36961484823,1.6706694413643899,0.0,380.034,2933.634,0.0,546.9084,0.0,0.0,0.0,271.214,98.26899999999999,0.0,-1365.3668750372963,35971.280767583165
19-12-2040 00:00:00,31269.259311175512,1.340414496762551,0.0,383.27,2654.611,0.0,531.53895,0.0,0.0,0.0,268.9505,98.3525,0.0,-2667.044452852653,33072.1208846012
19-12-2040 01:00:00,30414.123279097832,1.1356660473334652,0.0,380.722,2446.202,0.0,526.1295000000001,0.0,0.0,0.0,267.942,98.551,0.0,-4011.7924804448885,30608.80281091829
19-12-2040 02:00:00,30585.327884940627,1.2763148690747723,0.0,378.142,2129.029,0.0,527.1303000000001,0.0,0.0,0.0,266.691,97.805,0.0,-5422.6235099429105,29024.503268819793
19-12-2040 03:00:00,31934.305685413237,1.3736635473621062,0.0,380.215,2037.287,0.0,526.5715500000001,0.0,0.0,0.0,267.3925,98.9885,0.0,-7434.373761523464,28262.062908490214
19-12-2040 04:00:00,34290.17245033133,1.3303986944340882,0.0,387.615,2081.55,0.0,523.3638000000001,0.0,0.0,0.0,263.36400000000003,97.81700000000001,0.0,-9887.193745758213,28210.23158173508
19-12-2040 05:00:00,36650.24402236515,1.4493774476845611,0.0,386.19800000000004,2339.341,0.0,523.8324,0.0,0.0,0.0,258.61,97.53299999999999,0.0,-11879.392892707889,28849.28373672716
19-12-2040 06:00:00,37538.52153947235,1.7846811861258332,0.0,380.309,2823.5840000000003,0.0,528.4689000000001,0.0,0.0,0.0,258.316,97.413,0.0,-10196.668420948969,31976.082967873444
19-12-2040 07:00:00,36501.116137294055,8.09055471057538,0.0,378.202,3994.8559999999998,0.0,541.0578000000002,0.0,0.0,0.0,257.02099999999996,95.9,0.0,-4953.049234197548,37477.92241132602
19-12-2040 08:00:00,37110.038934449716,315.21796247398095,0.0,374.685,4623.465999999999,0.0,547.2814500000001,0.0,0.0,0.0,259.9005,95.4275,0.0,-2815.138017026271,41223.40581766641
19-12-2040 09:00:00,35865.572475175846,4651.582227353247,0.0,370.027,5042.598,0.0,538.5174000000001,0.0,0.0,0.0,257.494,94.323,0.0,-5270.818162059164,42294.897926837286
19-12-2040 10:00:00,33800.84070110327,13411.857481480052,0.0,375.455,4936.412,0.0,539.1337500000001,0.0,0.0,0.0,254.2325,95.3575,0.0,-11466.024206120252,42714.83378500613
19-12-2040 11:00:00,35655.382509841584,19088.798539654104,0.0,381.87,4721.44,0.0,534.8137500000001,0.0,0.0,0.0,247.255,94.84700000000001,0.0,-12200.0,42516.417655692436
19-12-2040 12:00:00,40107.29384807069,21614.717311796754,0.0,385.106,3536.0170000000003,0.0,535.0593,0.0,0.0,0.0,251.43400000000003,95.086,0.0,-12200.0,41894.079415671025
19-12-2040 13:00:00,42989.52558484028,22064.705744449733,0.0,380.91900000000004,2997.152,0.0,540.6564000000001,0.0,0.0,0.0,247.9115,96.0975,0.0,-12200.0,41534.25130575208
19-12-2040 14:00:00,42061.21042163625,20517.94960103041,0.0,378.496,3391.357,0.0,548.35395,0.0,0.0,0.0,248.017,96.255,0.0,-12200.0,40411.60154501718
19-12-2040 15:00:00,38682.5225642644,16240.555529041665,0.0,380.214,3583.8920000000003,0.0,552.1854000000001,0.0,0.0,0.0,248.857,96.124,0.0,-12200.0,39656.85395274512
19-12-2040 16:00:00,32193.080460798526,7143.721851954261,0.0,383.98400000000004,4040.466,0.0,552.7866000000001,0.0,0.0,0.0,255.18400000000003,96.899,0.0,-6078.729183611784,39493.274382223484
19-12-2040 17:00:00,27692.62655724884,825.2041317307377,0.0,381.87800000000004,5368.589,4369.072089460125,553.6254,0.0,0.0,0.0,251.2935,97.5965,0.0,0.0,40334.63592138855
19-12-2040 18:00:00,27260.256988105582,3.320588631215661,0.0,380.41,6666.244000000001,6585.606022617001,558.37395,0.0,0.0,0.0,252.49900000000002,98.434,0.0,0.0,42621.52177323671
19-12-2040 19:00:00,27908.861620949563,0.6057099783324984,0.0,380.26599999999996,6167.003000000001,7022.672023009221,559.36305,0.0,0.0,0.0,252.40599999999998,97.969,0.0,0.0,43241.28174558858
19-12-2040 20:00:00,28510.44753284684,0.5083637318147755,0.0,386.287,4187.001,5752.649864913652,560.8582500000001,0.0,0.0,0.0,256.392,98.329,0.0,0.0,43334.91404136658
19-12-2040 21:00:00,28999.497150972096,0.7030562248502215,2531.5429478227634,389.105,3913.764,0.0,562.7572500000001,0.0,0.0,0.0,257.3645,98.1625,0.0,0.0,42572.26239030893
19-12-2040 22:00:00,29638.09623712783,1.081624961308033,0.0,388.001,3127.445,0.0,562.1692500000001,0.0,0.0,0.0,257.656,98.89200000000001,0.0,0.0,39463.24208356021
19-12-2040 23:00:00,29177.465929812508,1.1573387085995952,0.0,381.30400000000003,2896.4190000000003,0.0,552.96225,0.0,0.0,0.0,260.012,98.85,0.0,0.0,35813.42018236697
20-12-2040 00:00:00,28179.014166241548,1.0587790147748468,0.0,380.231,2933.055,0.0,539.2762500000001,0.0,0.0,0.0,252.61700000000002,99.315,0.0,0.0,32916.834103165966
20-12-2040 01:00:00,26280.257277605855,0.9884963018617039,0.0,382.70099999999996,2417.422,0.0,536.1501000000001,0.0,0.0,0.0,249.548,98.531,0.0,0.0,30451.117433330473
20-12-2040 02:00:00,24640.453612422905,1.332458543039601,0.0,383.778,2519.411,0.0,535.1769,0.0,0.0,0.0,247.924,97.449,0.0,0.0,28884.490798274797
20-12-2040 03:00:00,23700.941804478658,1.162965949813651,0.0,379.45300000000003,2655.632,0.0,535.4832,0.0,0.0,0.0,248.63400000000001,97.22,0.0,0.0,28067.80303147376
20-12-2040 04:00:00,23156.865102204345,1.7846811861582546,0.0,379.325,2593.99,512.5257017240547,532.9753500000002,0.0,0.0,0.0,249.352,97.762,0.0,0.0,27974.948568288022
20-12-2040 05:00:00,22046.500815453248,2.725694902496243,0.0,376.298,2427.853,2533.7145956157365,535.8049500000001,0.0,0.0,0.0,252.52700000000002,97.14200000000001,0.0,0.0,28742.183144996972
20-12-2040 06:00:00,22049.7998998464,3.179977386245617,0.0,376.95300000000003,3045.495,4281.755396301251,538.1499,0.0,0.0,0.0,252.38400000000001,96.853,0.0,0.0,31603.240390678857
20-12-2040 07:00:00,21419.121710334482,7.949943465614042,8624.64094621774,379.18,4597.134,0.0,548.0937000000001,0.0,0.0,0.0,254.4135,96.4545,0.0,0.0,36923.990660492374
20-12-2040 08:00:00,20192.736399403126,153.06074827469973,12504.21313790552,381.49800000000005,5999.768,0.0,557.0316000000001,0.0,0.0,0.0,252.9005,95.3025,0.0,0.0,40850.52976130716
20-12-2040 09:00:00,18233.552120159413,2421.6393096229417,13080.751800291568,382.726,6032.424,0.0,555.0007500000002,0.0,0.0,0.0,256.5195,96.5475,0.0,0.0,41808.3147235882
20-12-2040 10:00:00,16306.93711368795,8207.965100134074,10080.537281957431,377.714,5350.07,0.0,553.34715,0.0,0.0,0.0,250.4465,96.5825,0.0,0.0,41996.109773908734
20-12-2040 11:00:00,17111.0937690503,14907.322969234152,2067.2528589065405,374.9,5640.2609999999995,0.0,546.5226000000001,0.0,0.0,0.0,235.007,96.12899999999999,0.0,0.0,41778.76675684032
20-12-2040 12:00:00,17202.29551895834,17306.152140895483,0.0,380.531,4857.481,0.0,546.5902500000001,0.0,0.0,0.0,230.797,96.101,0.0,0.0,41511.00895367265
20-12-2040 13:00:00,17910.415018022515,17021.61904809922,0.0,380.36300000000006,3821.8,0.0,548.2551000000001,0.0,0.0,0.0,235.725,97.416,0.0,0.0,40999.57305052396
20-12-2040 14:00:00,18885.96193631007,15228.859406410094,0.0,386.15,3163.845,0.0,551.0283000000001,0.0,0.0,0.0,235.812,96.35700000000001,0.0,0.0,39612.620536414324
20-12-2040 15:00:00,20020.828885191346,13360.384460756415,0.0,383.02099999999996,3182.67,0.0,549.5241000000001,0.0,0.0,0.0,234.513,96.84299999999999,0.0,0.0,39013.74747091265
20-12-2040 16:00:00,23613.705136711582,8563.798079905191,0.0,379.208,3323.685,777.1604764639706,551.9476500000001,0.0,0.0,0.0,227.708,96.72200000000001,0.0,0.0,38772.850373542766
20-12-2040 17:00:00,23176.369536664675,1289.5889926187285,0.0,387.87800000000004,4658.274,7993.866252783038,556.94745,0.0,0.0,0.0,219.3,96.728,0.0,0.0,39453.27161633364
20-12-2040 18:00:00,24432.70960565578,6.92239975237141,0.0,387.26,5555.58,8000.0,567.7386000000001,0.0,0.0,0.0,211.637,97.307,0.0,0.0,41937.0603392528
20-12-2040 19:00:00,25090.96783128441,0.8977487178856673,3379.0172445184544,390.28,4925.312,6958.973270752991,573.8335500000002,0.0,0.0,0.0,212.8635,97.0135,0.0,0.0,42512.74647929207
20-12-2040 20:00:00,25109.431874535177,0.7895862217548639,10732.754200928917,395.397,4727.734,0.0,576.5538000000001,0.0,0.0,0.0,229.3705,96.8835,0.0,0.0,42739.59274324469
20-12-2040 21:00:00,25805.585092993948,0.8761162186595066,9756.885834475172,394.51,4277.1359999999995,0.0,578.0304,0.0,0.0,0.0,235.0165,98.2615,0.0,0.0,41975.12354553668
20-12-2040 22:00:00,26485.73794552719,1.1248899597603543,7475.6194667681375,388.344,3157.224,0.0,576.0340500000001,0.0,0.0,0.0,236.24099999999999,98.75200000000001,0.0,0.0,39148.53867973351
20-12-2040 23:00:00,26621.06615527675,1.1248899597603543,4168.598765022431,392.385,2869.7070000000003,0.0,567.9036000000001,0.0,0.0,0.0,235.6055,98.0695,0.0,0.0,35580.45504308657
21-12-2040 00:00:00,26760.706767251824,0.9085649674987477,1402.0256270836871,395.99199999999996,2846.2340000000004,0.0,550.6446000000002,0.0,0.0,0.0,232.8805,98.0155,0.0,0.0,32832.56518576204
21-12-2040 01:00:00,25883.46422251345,1.042345370269345,0.0,398.478,2699.82,0.0,545.5618500000002,0.0,0.0,0.0,230.084,98.098,0.0,0.0,30351.19849441069
21-12-2040 02:00:00,24287.90710632655,1.2038038727763123,0.0,392.858,2536.111,0.0,546.8728500000002,0.0,0.0,0.0,232.7075,98.5165,0.0,0.0,28562.158980784847
21-12-2040 03:00:00,23450.2519348372,1.2515031790893312,0.0,397.38300000000004,2609.481,0.0,549.2563500000001,0.0,0.0,0.0,234.283,97.904,0.0,0.0,27793.42937337845
21-12-2040 04:00:00,23247.077649974635,1.7449689186326445,0.0,395.14,2604.5570000000002,0.0,549.1693500000001,0.0,0.0,0.0,232.588,96.156,0.0,0.0,27581.582891165872
21-12-2040 05:00:00,24106.74221433278,2.5127623881923125,0.0,395.065,2392.436,0.0,548.2905000000001,0.0,0.0,0.0,232.77200000000002,96.54,0.0,0.0,28249.576296044026
21-12-2040 06:00:00,26519.642098529082,3.2013442397149183,0.0,392.935,2656.3340000000003,0.0,551.64165,0.0,0.0,0.0,232.7525,97.4745,0.0,0.0,30999.10142456684
21-12-2040 07:00:00,27383.150782469464,10.437680876622517,0.0,400.955,4151.349,2620.913144398175,568.0447500000001,0.0,0.0,0.0,231.21099999999998,96.09700000000001,0.0,0.0,36121.047578747326
21-12-2040 08:00:00,28425.031027779132,432.4552920301777,0.0,405.73400000000004,4377.194,4439.48680971302,563.3394000000001,0.0,0.0,0.0,231.03900000000002,96.052,0.0,0.0,39694.789566212596
21-12-2040 09:00:00,28528.59291721537,5678.900089471391,0.0,410.85,4447.752,0.0,559.8145500000002,0.0,0.0,0.0,234.442,97.637,0.0,0.0,40719.62473952197
21-12-2040 10:00:00,23290.3249397343,11400.178397025182,0.0,412.06199999999995,4405.654,0.0,559.2175500000001,0.0,0.0,0.0,224.622,97.978,0.0,0.0,41177.400237552894
21-12-2040 11:00:00,20430.913650363917,14138.073307011939,0.0,396.645,4101.5740000000005,0.0,556.5022500000001,0.0,0.0,0.0,217.5145,97.0855,0.0,0.0,40896.578864334726
21-12-2040 12:00:00,19462.255737129246,14834.72661198271,0.0,400.031,3532.824,0.0,556.9974000000001,0.0,0.0,0.0,216.7115,95.7575,0.0,0.0,40245.2670112347
21-12-2040 13:00:00,24832.314482590016,18455.176693788988,0.0,410.611,3252.77,0.0,556.9207500000001,0.0,0.0,0.0,226.235,96.714,0.0,-9432.028376104186,39587.69343837102
21-12-2040 14:00:00,30559.128234683758,20785.549586098947,0.0,413.76300000000003,2769.236,0.0,561.2161500000001,0.0,0.0,0.0,231.2515,96.6255,0.0,-12200.0,38200.32392266604
21-12-2040 15:00:00,30359.48621682775,16903.429078036133,0.0,411.981,2916.948,0.0,559.1343,0.0,0.0,0.0,224.7245,96.8005,0.0,-12200.0,37173.614288126366
21-12-2040 16:00:00,30374.812375415502,8993.17092196814,0.0,410.986,3063.364,0.0,559.2456000000001,0.0,0.0,0.0,223.153,98.296,0.0,-8384.807052383832,36802.98059181794
21-12-2040 17:00:00,29991.289542207312,1749.9056924341555,0.0,411.97900000000004,3550.9159999999997,0.0,559.7695500000001,0.0,0.0,0.0,221.0105,99.2085,0.0,-465.46373041803963,37397.49429809008
21-12-2040 18:00:00,29806.12521891032,8.014840963292524,0.0,408.517,4287.668,3297.9303278048646,562.4182500000001,0.0,0.0,0.0,220.687,98.839,0.0,0.0,39586.029523887424
21-12-2040 19:00:00,29241.91990567637,1.0599924620818724,0.0,407.811,4540.832,4384.725092338653,565.36845,0.0,0.0,0.0,220.313,98.29899999999999,0.0,0.0,40302.823647137506
21-12-2040 20:00:00,28786.371658024123,0.8652999690464263,0.0,405.44300000000004,4433.476,4858.152916210085,565.1709000000001,0.0,0.0,0.0,219.3385,98.1055,0.0,0.0,40204.1226058299
21-12-2040 21:00:00,28269.908311670664,0.822034970594105,0.0,405.676,4430.656,4466.052838589301,565.6221000000002,0.0,0.0,0.0,220.2505,98.4995,0.0,0.0,39254.23723844586
21-12-2040 22:00:00,28634.714334197324,0.9950949644033903,0.0,406.08,3657.8140000000003,2654.8875547147945,560.2615500000002,0.0,0.0,0.0,220.291,98.48200000000001,0.0,0.0,36946.90900865604
21-12-2040 23:00:00,28356.090606550617,1.1032574605341934,0.0,416.64099999999996,3239.1209999999996,469.4959670653625,554.8938,0.0,0.0,0.0,210.793,98.435,0.0,0.0,33970.18980485886
22-12-2040 00:00:00,26518.49731002539,1.0198194407526746,0.0,425.02099999999996,3061.41,0.0,537.72315,0.0,0.0,0.0,215.2155,99.1515,0.0,0.0,31405.417958551814
22-12-2040 01:00:00,24641.23240374561,1.2356585411081058,0.0,422.99199999999996,2516.404,0.0,533.6544,0.0,0.0,0.0,220.922,97.59299999999999,0.0,0.0,28933.32239187636
22-12-2040 02:00:00,23198.19625790487,1.4661920271127915,0.0,424.707,2207.152,0.0,533.36175,0.0,0.0,0.0,220.56799999999998,97.76799999999999,0.0,0.0,27152.761290705414
22-12-2040 03:00:00,22298.624652744184,1.5432039852263784,0.0,421.88300000000004,2248.368,0.0,532.8925500000001,0.0,0.0,0.0,225.975,99.165,0.0,0.0,26282.19513222562
22-12-2040 04:00:00,21783.764687709234,1.8529272214744985,0.0,422.842,2170.374,0.0,534.0490500000001,0.0,0.0,0.0,232.3465,99.0105,0.0,0.0,25694.296536899652
22-12-2040 05:00:00,21742.191207056418,2.616485955553404,0.0,427.973,2182.959,0.0,531.5259000000001,0.0,0.0,0.0,232.047,98.53399999999999,0.0,0.0,25678.172599208454
22-12-2040 06:00:00,21055.66162141722,3.320588631215661,0.0,424.67400000000004,2238.239,1322.5972587511787,532.4262,0.0,0.0,0.0,233.6895,98.9695,0.0,0.0,26405.494803772104
22-12-2040 07:00:00,19446.501300748674,10.426864627009438,0.0,427.86199999999997,2337.084,4621.006169306176,535.2610500000001,0.0,0.0,0.0,234.12,98.416,0.0,0.0,28253.673773807746
22-12-2040 08:00:00,17682.58182075121,424.9812635475392,0.0,426.017,2641.8940000000002,7346.84421857923,538.9767,0.0,0.0,0.0,231.071,99.228,0.0,0.0,30308.46829257312
22-12-2040 09:00:00,16043.957930437839,5479.814908975662,1760.3823856603158,430.61699999999996,3197.672,0.0,538.6300500000001,0.0,0.0,0.0,227.7355,98.7625,0.0,0.0,33472.455063852096
22-12-2040 10:00:00,14413.64169929973,13160.974571704659,0.0,436.42900000000003,3771.704,0.0,537.7885500000001,0.0,0.0,0.0,226.748,99.38799999999999,0.0,0.0,35545.85432640999
22-12-2040 11:00:00,12591.288959765825,17154.36666487627,0.0,435.085,3740.282,0.0,535.0659,0.0,0.0,0.0,229.8235,99.4125,0.0,0.0,35758.471945381934
22-12-2040 12:00:00,11037.131547437331,18006.75311964887,0.0,427.93199999999996,3710.377,0.0,529.5555,0.0,0.0,0.0,231.04,98.492,0.0,0.0,35170.660395884086
22-12-2040 13:00:00,10621.112319774958,18466.747785422183,0.0,420.561,3749.81,0.0,528.2727,0.0,0.0,0.0,230.9815,99.0615,0.0,0.0,35269.85060498644
22-12-2040 14:00:00,9977.27147954245,18651.233470728814,0.0,425.657,3671.38,0.0,526.6594500000001,0.0,0.0,0.0,221.0845,99.2405,0.0,0.0,34714.872444261826
22-12-2040 15:00:00,10251.144763344397,17062.547234637317,0.0,426.663,3381.158,129.96640118203868,524.81955,0.0,0.0,0.0,226.99200000000002,98.734,0.0,0.0,33282.10741322156
22-12-2040 16:00:00,9256.263900854865,8601.276384814513,0.0,434.6,3627.765,8000.0,526.11915,0.0,0.0,0.0,232.577,98.399,0.0,0.0,32427.743310483816
22-12-2040 17:00:00,9571.243306456587,1311.7514880759302,4758.874708051402,434.16900000000004,4097.042,5764.876577055464,528.76215,0.0,0.0,0.0,245.985,99.251,0.0,0.0,32778.95983527063
22-12-2040 18:00:00,10171.982208410016,8.133819709036407,15068.507412979638,432.10900000000004,5205.107,0.0,531.2823000000001,713.6998028586822,0.0,0.0,249.738,99.50299999999999,0.0,0.0,35361.2959673307
22-12-2040 19:00:00,10609.255926451895,1.8495786838367363,15068.507412979638,432.038,5367.455,0.0,530.67465,2963.8757347818428,0.0,0.0,239.8175,99.1475,0.0,0.0,36116.73955423695
22-12-2040 20:00:00,10614.368927117483,0.9734624651772297,15068.507412979638,436.13599999999997,5537.861,0.0,532.04835,3378.582227566836,0.0,0.0,238.5145,98.8615,0.0,0.0,36708.84945648649
22-12-2040 21:00:00,10935.621620979102,1.1248899597603543,15068.507412979638,437.55699999999996,5406.7519999999995,0.0,532.1610000000001,2809.089447483282,0.0,0.0,245.9495,98.6635,0.0,0.0,36303.25904838392
22-12-2040 22:00:00,11149.334992974858,1.1032574605341934,15068.507412979638,436.63,5065.066,0.0,528.3861,1455.385102190452,0.0,0.0,246.17,99.361,0.0,0.0,34743.72702031049
22-12-2040 23:00:00,11707.994131508018,1.1032574605341934,8379.596026696774,429.70599999999996,4138.788,0.0,525.384,6252.124960704747,0.0,0.0,240.378,98.971,0.0,0.0,32397.51683266548
23-12-2040 00:00:00,11782.04368577681,1.1573387085995952,242.8020515389249,427.477,3433.802,0.0,518.6460000000001,12303.64456185056,0.0,0.0,232.86599999999999,99.537,0.0,0.0,29598.17656708153
23-12-2040 01:00:00,11809.93313191868,1.352031201635041,220.66180988310387,429.20099999999996,2723.679,0.0,517.3465500000001,10576.968110738038,0.0,0.0,231.5885,99.2065,0.0,0.0,27118.260639532124
23-12-2040 02:00:00,11684.436425718231,1.514274945831246,107.8069953513857,435.048,2444.1910000000003,0.0,515.23365,9551.658290575868,0.0,0.0,232.7705,97.4555,0.0,0.0,25533.54707176397
23-12-2040 03:00:00,11621.773160374923,1.600804942735889,97.59441909465136,433.825,2302.859,0.0,513.41475,8700.76678922084,0.0,0.0,239.602,97.822,0.0,0.0,24456.210616415538
23-12-2040 04:00:00,11476.90351897483,1.8928436822890575,94.35913730339578,426.18800000000005,2224.618,0.0,512.7112500000001,8441.65739073498,0.0,0.0,241.386,98.74,0.0,0.0,23960.419526912672
23-12-2040 05:00:00,10788.063979985523,2.693246153657002,90.87049007065639,423.543,2323.466,0.0,514.1160000000001,9034.176629311552,0.0,0.0,245.055,100.32,0.0,0.0,23970.3866462228
23-12-2040 06:00:00,10386.140357316925,3.3638536296679824,91.26028305755466,423.92699999999996,2313.91,0.0,515.6812500000001,10085.36616589496,0.0,0.0,247.8895,99.9415,0.0,0.0,24643.502735284725
23-12-2040 07:00:00,9933.709415668056,10.924412109211133,94.31041318003352,427.56199999999995,2505.343,0.0,512.0776500000001,11548.84962448736,0.0,0.0,250.8665,99.9265,0.0,0.0,25889.403436782013
23-12-2040 08:00:00,9344.917608310694,434.97547819002546,101.35592141821952,430.777,2618.969,0.0,513.8185500000001,12762.587715483582,0.0,0.0,252.8375,100.0695,0.0,0.0,27120.02833942618
23-12-2040 09:00:00,9764.686454179766,5984.739073413477,215.0780253457863,425.57599999999996,2668.805,0.0,513.4539000000001,9095.668618994061,0.0,0.0,252.36900000000003,99.58200000000001,0.0,0.0,29676.153261482876
23-12-2040 10:00:00,9003.820128961079,14738.805800262364,370.4397650987595,425.876,2899.782,0.0,512.3434500000001,3220.176526556803,0.0,0.0,251.0065,99.8165,0.0,0.0,32236.33251037994
23-12-2040 11:00:00,7868.972021136019,19859.788767097198,0.0,426.38300000000004,3130.716,0.0,509.24415000000005,0.0,0.0,0.0,251.4245,98.0755,0.0,0.0,33043.13350786604
23-12-2040 12:00:00,6945.508505551484,20550.36271675562,0.0,420.126,3066.7059999999997,0.0,505.22220000000004,0.0,0.0,0.0,242.47400000000002,97.291,0.0,0.0,32941.54544659256
23-12-2040 13:00:00,6588.546516528362,20989.652144286054,0.0,419.035,3045.495,0.0,503.7165000000001,0.0,0.0,0.0,244.47099999999998,98.613,0.0,0.0,33068.226885760494
23-12-2040 14:00:00,5874.166857340042,21467.30244620348,0.0,423.27,3046.6459999999997,0.0,503.28075000000007,0.0,0.0,0.0,242.998,98.914,0.0,0.0,32832.101313336156
23-12-2040 15:00:00,5475.401025168988,19546.823445769605,0.0,421.666,2914.938,935.2904342840038,500.03370000000007,0.0,0.0,0.0,230.05200000000002,98.229,0.0,0.0,31386.623871483607
23-12-2040 16:00:00,5402.434405988216,10255.978699372381,1248.7601312175648,424.26800000000003,3116.357,8000.0,500.5953000000001,0.0,0.0,0.0,225.3835,97.0435,0.0,0.0,30601.337329189726
23-12-2040 17:00:00,5967.54087592042,1625.033341869189,15068.507412979638,420.793,3562.159,885.816300328639,506.2084500000001,1263.6245069325996,0.0,0.0,222.584,97.947,0.0,0.0,30716.558478303672
23-12-2040 18:00:00,7217.042983355725,7.982392214453283,15031.338372875933,414.76099999999997,4846.281,0.0,510.0438000000001,4396.64046292875,0.0,0.0,225.05900000000003,97.398,0.0,0.0,33578.2536880677
23-12-2040 19:00:00,8237.956831836234,1.7522324373190132,429.68829910729465,412.6,4916.193,0.0,513.3220500000001,19043.37489214227,0.0,0.0,212.96400000000003,97.448,0.0,0.0,34664.75301879299
23-12-2040 20:00:00,8505.202005808089,0.9626462155641495,399.7814321875258,420.51800000000003,4711.34,0.0,514.7703000000001,19785.849708418882,0.0,0.0,214.52,97.25299999999999,0.0,0.0,35454.330846014884
23-12-2040 21:00:00,8651.038553536773,1.178971207825756,398.60230840215866,414.759,5421.13,0.0,516.00315,19135.554716486346,0.0,0.0,223.3875,98.2265,0.0,0.0,35638.762728249916
23-12-2040 22:00:00,8735.043375364736,1.2871337039565593,398.43664638272685,413.305,4930.282999999999,0.0,519.2475000000001,18134.6562814909,0.0,0.0,216.054,97.65700000000001,0.0,0.0,34151.235083593136
23-12-2040 23:00:00,8676.398572723052,1.1465224589865148,397.8811913763968,398.791,4283.996,0.0,517.6938,16355.053387828531,0.0,0.0,216.0295,97.4505,0.0,0.0,31572.471178402327
24-12-2040 00:00:00,9285.290428839158,1.3087662031827199,264.54275538317523,396.129,3442.998,0.0,506.71230000000014,13827.815230845532,0.0,0.0,215.697,97.667,0.0,0.0,28581.19188589431
24-12-2040 01:00:00,9244.920155807838,1.3087662031827199,74.70382593905114,402.282,2637.0029999999997,0.0,502.85475,12418.10846621535,0.0,0.0,218.479,98.825,0.0,0.0,26073.872146098187
24-12-2040 02:00:00,9525.075463079036,1.503458696218166,0.0,399.358,2227.54,0.0,498.7560000000001,11168.540565443338,0.0,0.0,219.127,99.045,0.0,0.0,24583.825380296053
24-12-2040 03:00:00,9611.458874475333,1.2222362062780772,0.0,403.478,2102.138,0.0,496.1133000000001,10340.66880313085,0.0,0.0,221.9505,98.5985,0.0,0.0,23709.54675444612
24-12-2040 04:00:00,9734.05486169001,1.5359074450574066,0.0,401.98400000000004,2078.584,0.0,487.76475000000005,9959.73715048145,0.0,0.0,223.5975,97.6805,0.0,0.0,23414.868354974973
24-12-2040 05:00:00,9606.848665100611,2.3254936668122705,0.0,397.231,2112.035,0.0,484.78260000000006,10431.674985575102,0.0,0.0,220.576,98.039,0.0,0.0,23799.706516867416
24-12-2040 06:00:00,9955.306235423459,2.7365111521093235,0.0,392.228,2280.716,0.0,473.43495,11464.914061117606,0.0,0.0,217.0905,98.2005,0.0,0.0,25381.72389590822
24-12-2040 07:00:00,9260.386789439975,9.961765893646982,0.0,391.819,2520.791,0.0,464.1246000000001,14449.501504859452,0.0,0.0,212.178,98.20100000000001,0.0,0.0,27976.794386232967
24-12-2040 08:00:00,9392.075563768722,369.0071717998485,0.0,392.541,2868.052,0.0,463.3762500000001,15961.2012340361,0.0,0.0,209.2675,97.7265,0.0,0.0,30400.45713335703
24-12-2040 09:00:00,8898.34225138777,6165.024321964301,0.0,393.212,4077.72,0.0,451.12635000000006,12396.271859135635,0.0,0.0,207.81900000000002,97.979,0.0,0.0,33417.8018155068
24-12-2040 10:00:00,8406.635574671547,15165.528479997607,21.38014533136945,395.789,4272.664000000001,0.0,434.51685000000015,5377.392515316188,0.0,0.0,206.9455,98.3655,0.0,0.0,35144.35135232175
24-12-2040 11:00:00,7407.256663941411,20548.516322436975,814.2872944551334,390.06300000000005,4010.15,0.0,422.31315,332.80929037165083,0.0,0.0,198.975,98.15,0.0,0.0,35062.02013457024
24-12-2040 12:00:00,6288.334111890626,22574.372964926493,0.0,393.12699999999995,3434.151,0.0,415.86195000000004,0.0,0.0,0.0,193.5285,97.1115,0.0,0.0,34317.26979285651
24-12-2040 13:00:00,5875.393724863905,22637.764049040656,0.0,394.537,3303.7470000000003,0.0,415.00950000000006,0.0,0.0,0.0,195.021,97.736,0.0,0.0,33810.698412333
24-12-2040 14:00:00,5636.723544656383,21415.103425187357,0.0,391.915,3178.3379999999997,927.7662289681393,406.59960000000007,0.0,0.0,0.0,194.8595,97.8195,0.0,0.0,33079.84527186982
24-12-2040 15:00:00,5095.120633759563,16308.676269104843,4559.692142146893,391.814,3122.368,266.1399045400194,399.82380000000006,684.376169339067,0.0,0.0,194.206,96.62200000000001,0.0,0.0,31914.297913474056
24-12-2040 16:00:00,5096.1687602197535,7587.739714820821,721.9161013849186,393.154,3687.08,0.0,401.52150000000006,12429.9812387011,0.0,0.0,196.8385,97.9255,0.0,0.0,31384.831992192823
24-12-2040 17:00:00,5819.577134268836,971.0179927646734,158.7334490896431,393.474,4969.441,0.0,404.04525000000007,18149.094584110084,0.0,0.0,200.0625,98.3665,0.0,0.0,31913.16185381991
24-12-2040 18:00:00,6403.058692069577,4.4130298421367735,0.0,393.53,5683.9169999999995,0.0,400.8804,20894.65033301338,0.0,0.0,198.3955,98.3295,0.0,0.0,34895.5453602869
24-12-2040 19:00:00,6788.339923010475,0.9734624651772297,0.0,394.589,5379.993,0.0,401.9038500000001,21382.89797088674,0.0,0.0,200.18599999999998,97.685,0.0,0.0,35495.874397460575
24-12-2040 20:00:00,5792.824769969386,0.7246887240763821,0.0,390.033,5087.359,0.0,403.2550500000001,21362.017752630356,0.0,0.0,211.468,98.26100000000001,0.0,0.0,34143.56798289515
24-12-2040 21:00:00,4999.532274115081,0.5408124806540165,0.0,390.29,3905.8579999999997,0.0,401.4618000000001,21223.25795807091,0.0,0.0,218.28099999999998,97.91799999999999,0.0,0.0,31931.864431171387
24-12-2040 22:00:00,4798.423493018834,0.9410137163379886,0.0,390.834,2719.1459999999997,0.0,398.06415000000004,19724.87711895571,0.0,0.0,220.7175,98.2915,0.0,0.0,28958.945484553864
24-12-2040 23:00:00,5143.330583303097,0.7679537225287033,0.0,392.81,2807.696,0.0,396.3393000000001,17994.58840849814,0.0,0.0,221.2955,98.6375,0.0,0.0,27621.31335984983
25-12-2040 00:00:00,5001.264970255916,0.6814237256240607,0.0,389.595,3064.2940000000003,0.0,389.96580000000006,17013.236528657682,0.0,0.0,219.3375,98.5955,0.0,0.0,26711.396163218866
25-12-2040 01:00:00,5311.359565085597,0.6706074760109804,0.0,389.10900000000004,2331.779,0.0,390.1366500000001,16136.404438256242,0.0,0.0,219.2425,98.9725,0.0,0.0,25378.433638003527
25-12-2040 02:00:00,5600.777834984693,0.6922399752371411,0.0,390.967,2134.561,0.0,388.64265000000006,14510.720296925887,0.0,0.0,218.2425,97.6515,0.0,0.0,23809.09742255466
25-12-2040 03:00:00,5984.384384164471,0.822034970594105,0.0,387.515,1971.504,0.0,387.7200000000001,12934.24785667162,0.0,0.0,218.3795,97.9665,0.0,0.0,22425.63194943977
25-12-2040 04:00:00,5750.509081404942,1.3952962000873625,0.0,387.56800000000004,1990.342,0.0,388.13565000000006,12403.244112638642,0.0,0.0,218.015,98.845,0.0,0.0,21669.475256326237
25-12-2040 05:00:00,5560.844603613894,1.5791724435097279,0.0,386.756,2067.2529999999997,0.0,390.44625,12336.329654801933,0.0,0.0,218.215,98.265,0.0,0.0,21492.312072729706
25-12-2040 06:00:00,6044.057975139776,2.887938646692448,0.0,385.00300000000004,2012.918,0.0,392.81445,12252.677178054562,0.0,0.0,217.641,98.10799999999999,0.0,0.0,21852.48315809105
25-12-2040 07:00:00,7326.875807033006,9.475034661058366,0.0,386.131,2074.718,0.0,394.05750000000006,11513.30820577439,0.0,0.0,217.609,97.898,0.0,0.0,22483.14617840066
25-12-2040 08:00:00,8177.927419332008,249.37945107918003,0.0,387.265,2072.9970000000003,0.0,396.5878500000001,10751.169986151846,0.0,0.0,217.0755,98.6355,0.0,0.0,22840.75573567476
25-12-2040 09:00:00,7909.483281512702,2756.077747659386,0.0,389.218,2256.593,0.0,400.8873000000001,9754.400138696637,0.0,0.0,219.5445,98.5595,0.0,0.0,24341.825330445958
25-12-2040 10:00:00,7612.279481855792,8036.603257514041,0.0,395.03,2511.6420000000003,0.0,400.89375000000007,6964.99704996459,0.0,0.0,216.6,98.439,0.0,0.0,26847.412337475547
25-12-2040 11:00:00,6954.945618677289,14853.47967866024,0.0,386.285,2537.9179999999997,0.0,400.0149,2477.9401430823027,0.0,0.0,215.035,97.84,0.0,0.0,28562.085698613315
25-12-2040 12:00:00,6054.004966182033,18826.61013760232,0.0,387.64,2557.555,0.0,398.0592000000001,0.0,0.0,0.0,214.8865,97.3585,0.0,0.0,29188.13566202344
25-12-2040 13:00:00,5872.971094837563,19085.609784475528,0.0,383.19699999999995,2569.688,0.0,395.5429500000001,0.0,0.0,0.0,212.65200000000002,95.96799999999999,0.0,0.0,29276.908643046358
25-12-2040 14:00:00,6559.139321250118,17505.65960146289,0.0,382.41,2612.732,0.0,393.61680000000007,0.0,0.0,0.0,211.55200000000002,97.62200000000001,0.0,0.0,28421.96014288992
25-12-2040 15:00:00,7539.254204824129,14606.940710983323,0.0,379.457,2392.591,0.0,393.82935000000015,0.0,0.0,0.0,213.4175,97.7935,0.0,0.0,26362.838628087542
25-12-2040 16:00:00,8091.335156168734,9003.035160442769,0.0,376.663,2599.3179999999998,4042.7567250083684,393.1974000000001,0.0,0.0,0.0,211.511,98.916,0.0,0.0,25746.113728007484
25-12-2040 17:00:00,7739.272959052901,1670.472406493739,5119.229635911888,374.215,2768.058,7109.260960602922,395.46795000000003,0.0,0.0,0.0,208.7425,98.2325,0.0,0.0,26308.538026943315
25-12-2040 18:00:00,7983.586982535896,6.868318504306009,2648.0514547363587,358.85400000000004,3610.9429999999998,0.0,398.76135000000005,13023.277741660137,0.0,0.0,222.003,98.215,0.0,0.0,29055.563377838156
25-12-2040 19:00:00,8251.091287403811,2.4120236637169135,49.87401267363211,354.59,4032.115,0.0,398.53860000000014,16385.88634134855,0.0,0.0,231.5405,98.8335,0.0,0.0,30511.32524708366
25-12-2040 20:00:00,9111.800360112778,1.3628474512481215,0.0,357.255,4548.615,0.0,399.58125000000007,16072.736316511164,0.0,0.0,230.4545,98.8335,0.0,0.0,31530.733447801595
25-12-2040 21:00:00,10589.18295107035,1.2655012047303984,0.0,355.163,5185.073,0.0,401.0323500000001,14485.702675440774,0.0,0.0,230.252,98.561,0.0,0.0,32036.410190647257
25-12-2040 22:00:00,11704.687311864238,1.1681549582126758,0.0,349.10900000000004,4459.902,0.0,399.6678000000001,13389.368884352041,0.0,0.0,230.923,98.63799999999999,0.0,0.0,31267.619948753752
25-12-2040 23:00:00,12242.998873618533,0.9950949644033903,0.0,347.332,3148.2509999999997,0.0,400.7089500000001,11957.40281097445,0.0,0.0,224.3975,98.2035,0.0,0.0,28985.43271167035
26-12-2040 00:00:00,12533.654783618227,0.8544837194333461,0.0,363.355,2193.049,0.0,398.9553000000001,10026.153978101034,0.0,0.0,216.078,99.141,0.0,0.0,26333.984424029564
26-12-2040 01:00:00,12467.437170611018,0.9085649674987477,0.0,379.05800000000005,2011.4470000000001,0.0,399.3558000000001,8047.059465192149,0.0,0.0,220.667,98.98899999999999,0.0,0.0,24085.439283541273
26-12-2040 02:00:00,12105.431308811958,1.0599924620818724,0.0,377.506,2242.118,0.0,400.89150000000006,6746.7158560878,0.0,0.0,222.62,98.96,0.0,0.0,22631.286646143773
26-12-2040 03:00:00,11969.383720753924,1.3195824527958,0.0,370.844,2045.241,0.0,403.7352,6459.583912386623,0.0,0.0,223.3415,99.0775,0.0,0.0,21997.37540288066
26-12-2040 04:00:00,11464.735969735842,2.033454927259102,0.0,364.80400000000003,2133.73,0.0,407.5065000000001,6732.59832995563,0.0,0.0,230.0045,98.0305,0.0,0.0,21858.31448459346
26-12-2040 05:00:00,10437.71127325864,1.9901899288067806,0.0,367.195,2247.556,0.0,414.06135000000006,8266.602739310976,0.0,0.0,229.6535,97.6825,0.0,0.0,22502.010199723944
26-12-2040 06:00:00,10164.146399523117,2.7797761505616445,0.0,375.397,2281.8520000000003,0.0,422.0404500000001,10450.836774576674,0.0,0.0,229.7745,96.3945,0.0,0.0,24509.8851571806
26-12-2040 07:00:00,10047.67673080639,9.86441964712926,0.0,372.728,2640.217,0.0,446.72970000000004,13524.559181311106,0.0,0.0,224.9615,95.2235,0.0,0.0,27912.89344862702
26-12-2040 08:00:00,9925.359212614347,242.84643631287955,0.0,379.879,3040.33,0.0,473.07780000000014,16028.61683451769,0.0,0.0,225.396,97.17299999999999,0.0,0.0,31024.327603147758
26-12-2040 09:00:00,10241.761904331752,4594.688754388459,0.0,376.065,3894.1240000000003,0.0,485.56695,13246.507824970538,0.0,0.0,211.2285,98.6605,0.0,0.0,33834.3216829081
26-12-2040 10:00:00,10285.40032075371,13282.008404875027,124.95788677490906,372.289,3575.007,0.0,491.10165000000006,6686.99060834485,0.0,0.0,224.87099999999998,97.934,0.0,0.0,35875.06871617268
26-12-2040 11:00:00,9491.999531390602,19887.016128600208,916.7833603600302,374.048,3634.1659999999997,0.0,494.48490000000004,464.070426348675,0.0,0.0,231.2955,97.6105,0.0,0.0,36412.959855236055
26-12-2040 12:00:00,8343.97097733059,22163.21338942247,0.0,376.961,3602.02,0.0,496.75605000000013,0.0,0.0,0.0,232.6515,96.7355,0.0,0.0,36172.59024070496
26-12-2040 13:00:00,7192.211413145309,23202.806632733922,0.0,382.24199999999996,3649.988,0.0,500.8102500000001,0.0,0.0,0.0,231.577,97.48899999999999,0.0,0.0,36167.17554380718
26-12-2040 14:00:00,6086.044915552503,22489.622110499597,0.0,383.50699999999995,3424.313,1133.6724680888901,506.2995000000001,0.0,0.0,0.0,229.859,96.42,0.0,0.0,35348.45670768342
26-12-2040 15:00:00,4763.661276693341,17756.20413857377,5676.253172149065,385.485,3222.755,57.72135837475798,502.20630000000006,0.0,0.0,0.0,230.7545,96.8075,0.0,0.0,33868.95959865651
26-12-2040 16:00:00,4063.5321394114103,9999.136036060176,10400.200194015853,391.57099999999997,3552.828,0.0,504.74550000000005,2782.3271098254863,0.0,0.0,239.8875,98.0655,0.0,0.0,33328.32093614667
26-12-2040 17:00:00,4343.586888424434,2047.2240130165533,4547.948653934115,386.024,4708.096,0.0,509.0532000000001,15729.825519804239,0.0,0.0,237.9775,97.2175,0.0,0.0,33765.18125603282
26-12-2040 18:00:00,4862.0381941894775,7.225254741537659,719.0803574052338,390.36,5635.634,0.0,511.16280000000006,22785.563241018026,0.0,0.0,241.646,98.084,0.0,0.0,36080.619255475525
26-12-2040 19:00:00,5160.0967390408605,1.276317454343479,21.750448668922793,392.281,5717.696,0.0,513.9580500000001,24065.18465542639,0.0,0.0,243.93,98.539,0.0,0.0,36998.95534604645
26-12-2040 20:00:00,5083.498419689901,1.243868705504238,0.0,395.17900000000003,5641.188,0.0,513.3567,24562.0,0.0,0.0,244.8325,97.6365,164.81226047410746,0.0,37485.686973592194
26-12-2040 21:00:00,5242.5274373658785,1.178971207825756,0.0,394.61699999999996,5688.223000000001,0.0,515.56275,24429.537564373863,0.0,0.0,246.1385,96.4035,0.0,0.0,37364.1754614293
26-12-2040 22:00:00,5412.8112447066505,1.092441210921113,0.0,394.792,4939.795,0.0,516.35265,23095.346305527033,0.0,0.0,245.926,96.57700000000001,0.0,0.0,35375.2627308456
26-12-2040 23:00:00,5707.0098994943,0.9734624651772297,0.0,391.969,4260.94,0.0,514.5069000000001,20381.578460919405,0.0,0.0,245.9025,98.0935,0.0,0.0,32189.005991225236
27-12-2040 00:00:00,6305.6912247804885,0.7138724744633017,0.0,374.55699999999996,4098.275,0.0,502.17840000000007,17074.713019119547,0.0,0.0,245.3215,99.1565,0.0,0.0,29217.958157921523
27-12-2040 01:00:00,6501.34278655817,0.5191799814278558,0.0,365.254,3116.7940000000003,0.0,495.8910000000001,15434.53753857001,0.0,0.0,241.50799999999998,99.137,0.0,0.0,26724.448201557105
27-12-2040 02:00:00,6227.4027531671545,0.9301974667249082,0.0,367.81300000000005,2218.765,0.0,496.0011000000001,15046.457507933917,0.0,0.0,244.2925,98.0955,0.0,0.0,25141.556644327928
27-12-2040 03:00:00,5728.1232660854075,1.3087662031827199,0.0,344.43,1980.703,0.0,495.54165000000006,15068.24429691822,0.0,0.0,247.8235,98.7715,0.0,0.0,24395.97453136775
27-12-2040 04:00:00,5862.712759399925,1.9144761815152183,0.0,363.44,1972.991,0.0,494.3568000000001,14803.630502824584,0.0,0.0,247.035,98.596,0.0,0.0,24275.442470766513
27-12-2040 05:00:00,5754.535279357193,2.6391649055916,0.0,367.975,2079.4339999999997,0.0,496.60665000000006,15387.66308408346,0.0,0.0,238.4855,97.1565,0.0,0.0,24873.50050460405
27-12-2040 06:00:00,5496.332613370319,3.006917392436332,4.628791719416813,360.311,2806.045,0.0,498.37620000000004,17018.218292711623,0.0,0.0,236.095,96.66,0.0,0.0,27024.281276413796
27-12-2040 07:00:00,4945.540224726574,9.767073400611537,59.28751330722503,354.337,3713.728,0.0,510.85170000000005,20280.54301611458,0.0,0.0,244.1165,97.1715,0.0,0.0,30806.248044456846
27-12-2040 08:00:00,4249.046655240144,287.93938094981144,112.20191127866357,366.32800000000003,4306.374,0.0,519.2137500000001,23332.173602666935,0.0,0.0,248.1405,96.7285,0.0,0.0,34187.751180478976
27-12-2040 09:00:00,3690.607971349903,4848.1891965702225,123.4474389506783,379.29900000000004,5346.831,0.0,518.5977,21192.90755090015,0.0,0.0,247.601,96.82600000000001,0.0,0.0,37185.83455521816
27-12-2040 10:00:00,3394.3246665178117,13114.962245850611,210.88775073663,379.106,5325.254,0.0,519.1461,14586.850450933285,0.0,0.0,251.81599999999997,95.539,0.0,0.0,38655.87380022847
27-12-2040 11:00:00,2852.8880635095093,19727.995626788703,1390.7131634802774,376.543,5005.814,0.0,517.3068000000001,7840.728107931258,0.0,0.0,247.5355,95.9245,0.0,0.0,38955.16860451558
27-12-2040 12:00:00,2525.88034318012,22826.69971344163,2578.7144841241156,371.849,4887.019,0.0,513.3205500000001,3301.407920462773,0.0,0.0,245.8205,96.4595,0.0,0.0,38366.142877312726
27-12-2040 13:00:00,2137.5243501143036,24053.933027040952,4030.0794363657615,375.719,4965.332,0.0,516.5032500000001,663.8750555145953,0.0,0.0,246.6165,96.5715,0.0,0.0,38263.10405223726
27-12-2040 14:00:00,2062.1984794917703,22419.57607800529,4891.31729609279,368.722,4153.733,0.0,519.8451000000001,1308.5085960322267,0.0,0.0,245.856,96.52600000000001,0.0,0.0,37320.29580827174
27-12-2040 15:00:00,2164.996092722224,17611.006803767777,6196.695029916366,386.015,4391.766,0.0,521.1487500000001,3130.3121110594357,0.0,0.0,244.15099999999998,97.015,0.0,0.0,36106.39151643114
27-12-2040 16:00:00,2372.946702999578,9786.3912224205,6882.097273253591,390.551,5180.588,0.0,523.1419500000001,8810.824629120914,0.0,0.0,243.4355,97.2225,0.0,0.0,35710.11687189071
27-12-2040 17:00:00,2774.491298387372,1807.2006178526874,4878.4931068238375,394.273,6060.744000000001,0.0,525.3673500000001,18342.25147727976,0.0,0.0,239.0415,95.5385,0.0,0.0,36352.12523712231
27-12-2040 18:00:00,3378.393917847951,8.155452208262568,993.3387029868481,394.79,7112.799,0.0,531.41655,24562.0,0.0,0.0,242.9355,96.2405,242.4324918672355,0.0,38456.79031956588
27-12-2040 19:00:00,4037.36378653443,1.8495786838367363,197.80045120152099,389.63300000000004,6900.78,0.0,533.5390500000001,24562.0,0.0,0.0,244.1885,96.0755,1296.6732122938665,0.0,39101.72029990019
27-12-2040 20:00:00,4448.670268215676,1.503458696218166,145.32457034034303,397.534,5699.058000000001,0.0,533.4589500000001,24562.0,0.0,0.0,249.2065,96.6095,2313.7453613450853,0.0,39281.89921225117
27-12-2040 21:00:00,4604.369260495986,1.5250911954443263,144.98350147680705,399.17800000000005,5150.958,0.0,532.8129,24562.0,0.0,0.0,247.1315,97.3115,2247.7010524377292,0.0,38783.94760065558
27-12-2040 22:00:00,4929.365815661908,1.503458696218166,57.86476890504639,395.885,4959.487,0.0,531.6712500000001,24538.124785803087,0.0,0.0,245.261,96.82799999999999,0.0,0.0,36453.69655881347
27-12-2040 23:00:00,5222.272683594559,1.1897874574388363,0.0,394.38199999999995,4771.442,0.0,523.5160500000001,21254.58459082581,0.0,0.0,248.2725,96.6275,0.0,0.0,33113.48588050206
28-12-2040 00:00:00,5761.8102825735095,0.5732612294932574,0.0,394.81,3440.643,0.0,502.57845000000003,18844.753040180905,0.0,0.0,249.312,97.15299999999999,0.0,0.0,29817.849362019573
28-12-2040 01:00:00,6770.541111313776,0.5840774791063379,0.0,383.519,2559.087,0.0,499.5390000000001,16225.67377986116,0.0,0.0,245.59099999999998,97.38799999999999,0.0,0.0,27259.19601904958
28-12-2040 02:00:00,7697.115843126346,0.9518299659510692,0.0,392.35900000000004,1952.0179999999998,0.0,498.9013500000001,14346.36959431613,0.0,0.0,237.9485,98.3415,0.0,0.0,25674.466083689833
28-12-2040 03:00:00,8886.998506340746,1.3412149520219607,0.0,398.566,1799.168,0.0,497.9197500000001,12646.941946225785,0.0,0.0,248.797,97.51700000000001,0.0,0.0,25015.682053028322
28-12-2040 04:00:00,9350.409636257089,2.1308011737768244,0.0,402.61699999999996,1793.1370000000002,0.0,496.75575000000003,12016.067784048431,0.0,0.0,250.416,98.52600000000001,0.0,0.0,24847.40349575124
28-12-2040 05:00:00,10205.83166516132,2.9852848932101708,0.0,395.86400000000003,1832.807,0.0,497.7273000000001,11602.621190055375,0.0,0.0,251.543,98.304,0.0,0.0,25341.921261024847
28-12-2040 06:00:00,10933.215958033566,3.5477298730903475,0.0,397.723,2121.74,0.0,500.86275000000006,12711.364856551923,0.0,0.0,250.6055,97.7455,0.0,0.0,27527.264434467168
28-12-2040 07:00:00,11674.670671799466,9.464218411445287,0.0,389.589,2638.992,0.0,509.4486000000001,15121.765708799352,0.0,0.0,244.8225,95.0685,0.0,0.0,31272.548453782478
28-12-2040 08:00:00,12856.222470086726,199.12715537680887,0.0,389.441,3374.103,0.0,517.47315,16231.950199665887,0.0,0.0,244.812,95.568,0.0,0.0,34569.676283055225
28-12-2040 09:00:00,13165.025278061414,3417.4481465007952,0.0,387.50800000000004,4558.346,0.0,518.7306000000001,14322.87801964051,0.0,0.0,247.024,96.613,0.0,0.0,37449.49264867781
28-12-2040 10:00:00,12613.091939949927,9903.996304463522,124.19779045045745,391.131,4706.460999999999,0.0,517.2756000000002,9637.295163285027,0.0,0.0,249.15200000000002,96.169,0.0,0.0,39017.80737761382
28-12-2040 11:00:00,11968.44002017722,15210.210407149245,1089.0913502184053,393.708,4638.178,0.0,516.9297,4164.63252204496,0.0,0.0,243.699,95.579,0.0,0.0,39193.481854355116
28-12-2040 12:00:00,11966.208400370833,17688.407885998982,2028.1839038523358,393.74300000000005,4707.4529999999995,0.0,514.2636000000001,0.0,0.0,0.0,244.1525,95.5225,0.0,0.0,38676.972369797484
28-12-2040 13:00:00,12895.934908138468,19020.11026264492,0.0,397.338,4166.325,0.0,515.3860500000001,0.0,0.0,0.0,245.072,96.32,0.0,0.0,38452.12443998435
28-12-2040 14:00:00,13735.879852427706,17563.963197000397,0.0,391.079,3571.4190000000003,0.0,517.4214000000001,0.0,0.0,0.0,240.8905,94.7715,0.0,0.0,37267.16511793705
28-12-2040 15:00:00,15258.905316739196,14718.192217126574,0.0,388.727,3456.025,0.0,516.3112500000001,0.0,0.0,0.0,242.862,94.78,0.0,0.0,35875.9499621847
28-12-2040 16:00:00,16708.543591080776,8878.821349886155,1454.6303956173215,390.74,4017.442,1903.1276365316116,515.4933000000001,0.0,0.0,0.0,242.921,94.477,0.0,0.0,35435.80273231036
28-12-2040 17:00:00,18410.43022866118,1824.8960022196868,8760.852143065651,385.43699999999995,4578.473,0.0,515.4393000000001,0.0,0.0,0.0,246.293,95.604,0.0,0.0,35914.68758764115
28-12-2040 18:00:00,20987.707444643867,9.118098423826718,9221.838298016653,387.30800000000005,5734.642,0.0,525.4756500000001,0.0,0.0,0.0,245.85299999999998,95.573,0.0,0.0,38084.96922888415
28-12-2040 19:00:00,22480.564404484205,1.4493774481527641,1263.0090148369782,386.475,5608.585999999999,0.0,529.5826500000001,7369.031137326288,0.0,0.0,250.8415,95.8945,0.0,0.0,38834.77269251729
28-12-2040 20:00:00,23771.190971887132,1.1248899597603543,154.85500887000543,391.17699999999996,4224.306,0.0,531.0930000000001,8503.121478900766,0.0,0.0,252.9805,97.6155,0.0,0.0,38755.66961022047
28-12-2040 21:00:00,24985.640791098358,0.9410137163379886,153.5881816625861,391.0,3579.528,0.0,530.5443,7360.648879657116,0.0,0.0,253.2735,97.7945,0.0,0.0,38140.18046330712
28-12-2040 22:00:00,26566.958077128813,0.9193812171118281,73.52470215368392,377.226,2711.445,0.0,528.4114500000001,4700.2021849108105,0.0,0.0,251.92700000000002,98.271,0.0,0.0,36003.77527281184
28-12-2040 23:00:00,27395.85979925246,0.5948937287194181,0.0,379.29900000000004,2326.04,0.0,520.9878000000001,1682.8273340232918,0.0,0.0,252.28400000000002,97.67,0.0,0.0,33264.393959190435
29-12-2040 00:00:00,26573.44935259946,0.5087355416619129,0.0,386.481,2102.867,0.0,506.6218500000001,0.0,0.0,0.0,251.78400000000002,98.14399999999999,0.0,0.0,30460.535866330913
29-12-2040 01:00:00,24248.15091146591,0.5451756896085891,0.0,377.017,2013.158,0.0,506.09220000000005,0.0,0.0,0.0,243.33599999999998,98.177,0.0,0.0,27976.951738306878
29-12-2040 02:00:00,22691.430597361083,0.8795444500542497,0.0,387.728,1725.031,0.0,505.96875000000006,0.0,0.0,0.0,250.0975,98.2435,0.0,0.0,26121.117571276263
29-12-2040 03:00:00,21805.72379688488,1.1081609701363822,0.0,377.32199999999995,1669.8129999999999,0.0,503.9337000000001,0.0,0.0,0.0,254.388,98.125,0.0,0.0,25155.842203888544
29-12-2040 04:00:00,21364.16356857378,1.6177858252973585,0.0,366.629,1760.79,0.0,503.63730000000015,0.0,0.0,0.0,257.6655,97.8295,0.0,0.0,24794.53952276169
29-12-2040 05:00:00,21482.53246254341,2.231316924415714,0.0,366.171,1755.691,0.0,502.1484000000001,0.0,0.0,0.0,258.9465,98.0895,0.0,0.0,24916.928561029414
29-12-2040 06:00:00,22268.94427710826,2.7028249193875817,0.0,363.52,1739.25,0.0,502.4157000000001,0.0,0.0,0.0,256.16900000000004,98.40700000000001,0.0,0.0,25713.051564942438
29-12-2040 07:00:00,23686.981429697018,8.279488404671248,0.0,371.85900000000004,1930.8370000000002,0.0,504.6049500000001,0.0,0.0,0.0,255.6935,97.0855,0.0,0.0,27383.690152793024
29-12-2040 08:00:00,28905.852470663485,187.95666888179204,0.0,373.754,2039.3129999999999,0.0,509.59290000000004,0.0,0.0,0.0,253.9385,97.8715,0.0,-3618.728265307196,29339.021793259428
29-12-2040 09:00:00,28634.51817910289,4678.107978292932,0.0,366.61800000000005,2694.2459999999996,0.0,515.01615,0.0,0.0,0.0,251.7345,98.0895,0.0,-5825.792866710541,32086.76285429655
29-12-2040 10:00:00,25903.25708566574,13731.734046893711,0.0,365.2,3154.402,0.0,512.95065,0.0,0.0,0.0,252.946,97.787,0.0,-10107.243665208824,34637.82200674941
29-12-2040 11:00:00,25460.854831034147,20359.091999735716,0.0,367.20300000000003,3582.28,0.0,510.6733500000001,0.0,0.0,0.0,252.735,97.573,0.0,-12200.0,35259.10862900979
29-12-2040 12:00:00,25501.994376193878,24225.434086628327,0.0,370.598,3356.2540000000004,0.0,509.3157000000001,0.0,0.0,0.0,252.49400000000003,98.13799999999999,0.0,-12200.0,34818.5213341155
29-12-2040 13:00:00,25928.536844467137,25901.489014989373,0.0,357.995,2956.077,0.0,507.0292500000001,0.0,0.0,0.0,252.514,97.17200000000001,0.0,-12200.0,34695.14354451813
29-12-2040 14:00:00,26168.956224170008,24630.385047949792,0.0,354.778,2893.072,0.0,505.5574500000001,0.0,0.0,0.0,252.44099999999997,97.95100000000001,0.0,-12200.0,34268.28270713465
29-12-2040 15:00:00,26813.86727709288,20026.39432103605,0.0,354.82199999999995,3027.6079999999997,0.0,504.0342000000001,0.0,0.0,0.0,244.146,97.439,0.0,-12200.0,33060.2205295273
29-12-2040 16:00:00,26301.20193889791,11699.612718978342,0.0,353.334,2974.44,0.0,505.0330500000001,0.0,0.0,0.0,243.3155,97.3765,0.0,-11688.477190467425,32095.577174370203
29-12-2040 17:00:00,25371.896663618212,2254.2578468604993,0.0,355.228,3855.466,0.0,506.52210000000014,0.0,0.0,0.0,244.56099999999998,97.00299999999999,0.0,-1758.5037045531717,32253.458219075917
29-12-2040 18:00:00,26866.99297851584,7.982392214453283,0.0,350.06,4250.322,1756.5875193585198,510.6891000000001,0.0,0.0,0.0,242.172,98.46,0.0,0.0,34946.01296906822
29-12-2040 19:00:00,29043.561006178632,2.96365239398401,0.0,349.665,4256.333,731.4826918551662,513.8850000000001,0.0,0.0,0.0,239.58900000000003,98.87299999999999,0.0,0.0,36040.928589798445
29-12-2040 20:00:00,30667.564319464676,1.6722701068860357,0.0,353.043,3940.619,0.0,513.0889500000001,0.0,0.0,0.0,243.771,98.052,0.0,0.0,36625.588261938836
29-12-2040 21:00:00,30349.743162595925,1.3952962000873625,0.0,358.39099999999996,3736.85,474.98824224135024,513.19365,0.0,0.0,0.0,248.736,98.598,0.0,0.0,36549.89521855804
29-12-2040 22:00:00,29087.307716109393,1.8387624342236562,0.0,359.086,3157.3909999999996,667.4151678232884,509.9095500000001,0.0,0.0,0.0,248.6005,99.1215,0.0,0.0,34815.49444563948
29-12-2040 23:00:00,27756.419169183944,0.9301974667249082,0.0,353.68,2747.243,148.95479626915403,506.1493500000001,0.0,0.0,0.0,254.88099999999997,98.961,0.0,0.0,32479.298248135143
30-12-2040 00:00:00,25703.468181818815,0.7030562248502215,0.0,363.18300000000005,2053.47,73.7078217709859,499.1404500000001,0.0,0.0,0.0,255.0265,98.8975,0.0,0.0,29591.5082614626
30-12-2040 01:00:00,23548.687102507734,0.7415797601549335,0.0,365.04400000000004,1753.836,0.0,494.0617500000001,0.0,0.0,0.0,254.49200000000002,98.925,0.0,0.0,27008.474274814733
30-12-2040 02:00:00,21906.732196552446,1.1608619003149723,0.0,360.67800000000005,1622.315,0.0,493.6350000000001,0.0,0.0,0.0,256.6925,99.5155,0.0,0.0,25202.75767329937
30-12-2040 03:00:00,22132.017360244918,1.4985898662464425,0.0,352.909,1528.16,0.0,493.7248500000001,0.0,0.0,0.0,255.905,99.156,0.0,-1284.5579880260266,24024.23862656056
30-12-2040 04:00:00,22609.723897839584,2.2941053659593473,0.0,338.445,1552.483,0.0,488.34900000000005,0.0,0.0,0.0,254.7185,98.3125,0.0,-2081.3145439551736,23703.14702612592
30-12-2040 05:00:00,22650.419321208963,2.9521143529157396,0.0,343.30400000000003,1461.101,0.0,490.03260000000006,0.0,0.0,0.0,255.31099999999998,98.303,0.0,-2038.0076720835204,23711.068568475293
30-12-2040 06:00:00,22793.345161639423,3.515231930172095,0.0,348.125,1621.645,0.0,484.27845,0.0,0.0,0.0,258.1385,98.3975,0.0,-1784.2217749876618,24295.757255891767
30-12-2040 07:00:00,21987.612352416752,11.19481834953814,0.0,342.13800000000003,1740.777,29.330745572107844,480.5274,0.0,0.0,0.0,253.9695,97.9125,0.0,0.0,25450.192879536713
30-12-2040 08:00:00,20478.73182089901,351.20362493671826,0.0,342.949,1853.4170000000001,2339.160291957207,483.3043500000001,0.0,0.0,0.0,250.725,97.77,0.0,0.0,26752.296914703093
30-12-2040 09:00:00,17596.052270626817,7495.5459181204515,0.0,348.16900000000004,2291.681,0.0,484.83315,0.0,0.0,0.0,253.315,97.96600000000001,0.0,0.0,29209.637097540523
30-12-2040 10:00:00,15390.274481607306,19308.250766063884,0.0,348.689,2678.5820000000003,0.0,489.27450000000005,0.0,0.0,0.0,254.71,97.318,0.0,-7419.5334815072365,31887.011650294342
30-12-2040 11:00:00,14857.665952580934,27596.10626816731,0.0,351.286,3022.1740000000004,0.0,491.9428500000001,0.0,0.0,0.0,254.34599999999998,98.49799999999999,0.0,-12200.0,32801.616301968505
30-12-2040 12:00:00,14793.925922026881,30781.758367924613,0.0,348.69699999999995,2667.992,0.0,491.7309,0.0,0.0,0.0,252.58,97.281,0.0,-12200.0,32396.48976629185
30-12-2040 13:00:00,14515.362905818964,31507.549097782496,0.0,352.088,2889.225,0.0,486.4525500000001,0.0,0.0,0.0,251.4835,98.7475,0.0,-12200.0,32638.44554924645
30-12-2040 14:00:00,14907.616139571937,30027.594185671445,0.0,352.848,2895.778,0.0,486.15375000000006,0.0,0.0,0.0,249.74400000000003,97.65299999999999,0.0,-12200.0,32482.99174397863
30-12-2040 15:00:00,14944.913769723156,25239.825936684087,0.0,350.287,2823.512,0.0,484.1080500000001,0.0,0.0,0.0,249.19,97.773,0.0,-12200.0,30966.92757533743
30-12-2040 16:00:00,14833.511071878713,15260.549200392023,0.0,349.843,2887.98,0.0,486.86580000000004,0.0,0.0,0.0,248.82299999999998,98.06299999999999,0.0,-6104.392618933145,30145.105220649642
30-12-2040 17:00:00,16202.08579141557,3127.4428618748852,0.0,340.733,3428.11,4708.448829871415,481.02720000000005,0.0,0.0,0.0,248.3155,98.0655,0.0,0.0,30295.84701948687
30-12-2040 18:00:00,18508.462927504333,13.84479950474282,0.0,336.51199999999994,4113.282,8000.0,481.96590000000003,0.0,0.0,0.0,248.4945,98.4115,0.0,0.0,33222.459073508915
30-12-2040 19:00:00,19884.943041635488,2.95283614437093,0.0,338.74199999999996,4470.929,8000.0,482.8281000000001,0.0,0.0,0.0,246.794,97.51,0.0,0.0,34744.79946955178
30-12-2040 20:00:00,20938.44936864014,1.6332536915751297,163.51575456238425,347.634,4561.588,3021.5511671554705,482.5840500000001,0.0,0.0,0.0,248.3125,97.4545,0.0,0.0,35664.77752715395
30-12-2040 21:00:00,19967.501371595885,1.3628474512481215,3752.4028145738193,347.608,5295.485,0.0,481.9845000000001,0.0,0.0,0.0,250.058,98.971,0.0,0.0,35972.308205947505
30-12-2040 22:00:00,18812.937862752246,1.2222362062780772,5189.015135876987,356.20300000000003,4634.221,0.0,484.16040000000004,0.0,0.0,0.0,250.69400000000002,98.277,0.0,0.0,34625.035197793426
30-12-2040 23:00:00,17203.417852929462,1.0599924620818724,9168.48169554369,355.074,3867.386,0.0,477.13080000000014,0.0,0.0,0.0,241.5675,98.2885,0.0,0.0,32039.653577721416
31-12-2040 00:00:00,16829.2676476433,0.8652999690464263,7724.088503998642,353.661,2671.785,0.0,467.4253500000001,0.0,0.0,0.0,239.6695,98.9445,0.0,0.0,28937.3800666332
31-12-2040 01:00:00,16610.61918574642,0.8652999690464263,5866.706770075576,355.01199999999994,2098.527,0.0,462.9709500000001,0.0,0.0,0.0,244.37400000000002,97.947,0.0,0.0,26236.220427341734
31-12-2040 02:00:00,15918.739693260028,1.4493774481527641,5310.6489830827195,353.34,1839.271,0.0,462.62805000000003,0.0,0.0,0.0,248.19400000000002,98.947,0.0,0.0,24693.121089255812
31-12-2040 03:00:00,14382.209508369899,1.6873349396405315,5980.944707784747,355.02,1869.65,0.0,458.0257500000001,0.0,0.0,0.0,246.24,98.38600000000001,0.0,0.0,23833.437147253517
31-12-2040 04:00:00,14065.516744753915,2.3146774171991904,6121.050005040788,353.525,1783.795,0.0,455.8812000000001,0.0,0.0,0.0,247.55599999999998,98.05799999999999,0.0,0.0,23567.98047867017
31-12-2040 05:00:00,13336.825194525416,2.974468643597091,7229.8804093790095,356.788,1768.497,0.0,455.21715000000006,0.0,0.0,0.0,245.44799999999998,98.463,0.0,0.0,23948.870331076967
31-12-2040 06:00:00,12662.68263173069,3.6450761196080714,9066.3452881455,365.689,2113.354,0.0,449.18190000000004,0.0,0.0,0.0,242.6715,97.4945,0.0,0.0,25506.163719006763
31-12-2040 07:00:00,12325.232323052518,11.49767333870439,11621.410342597403,361.57199999999995,2374.585,0.0,448.26195000000007,0.0,0.0,0.0,238.701,96.251,0.0,0.0,28047.971834282496
31-12-2040 08:00:00,12165.538073822472,415.60357513299857,13540.575575515091,364.29699999999997,2745.8320000000003,0.0,444.7519500000001,0.0,0.0,0.0,236.18099999999998,95.775,0.0,0.0,30653.62918045432
31-12-2040 09:00:00,12229.264936127232,8495.244689857485,7601.069385207355,364.858,3317.3790000000004,0.0,431.27475000000004,0.0,0.0,0.0,238.31400000000002,96.652,0.0,0.0,33501.67233085126
31-12-2040 10:00:00,10194.845906793134,19678.16993603621,0.0,372.426,3595.4759999999997,0.0,429.21690000000007,0.0,0.0,0.0,239.3095,97.1985,0.0,0.0,35432.55525333829
31-12-2040 11:00:00,7635.020720786628,21799.981680160676,0.0,368.871,3538.585,0.0,424.0671000000001,0.0,0.0,0.0,232.986,96.0,0.0,0.0,35410.65578775246
31-12-2040 12:00:00,6589.730905546894,22060.34605244027,0.0,369.026,3098.96,0.0,426.3456000000001,0.0,0.0,0.0,222.81400000000002,95.49700000000001,0.0,0.0,34559.13518206654
31-12-2040 13:00:00,6317.1063164682355,22175.238895721246,0.0,365.341,2794.6940000000004,0.0,429.3975000000001,0.0,0.0,0.0,229.826,93.176,0.0,0.0,34126.8239366763
31-12-2040 14:00:00,6245.279745349294,21312.208397205584,0.0,364.967,2996.6620000000003,0.0,423.3058500000001,0.0,0.0,0.0,234.3905,94.8805,0.0,0.0,33450.67463529616
31-12-2040 15:00:00,8092.251101871435,23728.096240373667,0.0,362.24699999999996,2820.6259999999997,0.0,412.06545000000006,0.0,0.0,0.0,226.0115,95.2365,0.0,-5514.310179331444,32234.676779692138
31-12-2040 16:00:00,8846.95311383583,15548.531878796784,0.0,370.332,2945.384,890.9985432995654,410.7105000000001,0.0,0.0,0.0,235.2105,95.2565,0.0,0.0,31571.422536567014
31-12-2040 17:00:00,9901.503699675355,3361.906704737628,0.0,366.00300000000004,3639.5840000000003,8000.0,412.5891000000001,0.0,0.0,0.0,238.6345,94.4155,0.0,0.0,31825.016793129744
31-12-2040 18:00:00,11532.461956615654,16.018865676971966,3447.6936465104336,360.548,4983.945,8000.0,409.69875,0.0,0.0,0.0,232.6545,93.4885,0.0,0.0,35172.301246943156
31-12-2040 19:00:00,12127.817124131492,4.629354834398381,5043.437948625233,366.231,5695.555,6839.001456700433,410.76825,0.0,0.0,0.0,221.5705,93.0845,0.0,0.0,36762.314194486346
31-12-2040 20:00:00,12842.782472119316,3.353037380054902,15014.07560621255,364.1,5009.689,0.0,408.93240000000003,0.0,0.0,0.0,223.2475,94.8555,0.0,0.0,35752.39808093109
31-12-2040 21:00:00,13616.651753644892,2.3471261660384313,14403.74486883303,360.398,3835.05,0.0,409.03125000000006,0.0,0.0,0.0,224.391,98.654,0.0,0.0,33725.84026163104
31-12-2040 22:00:00,13825.468711992662,1.3952962000873625,12106.58701031191,359.849,3113.2670000000003,0.0,407.19615,0.0,0.0,0.0,225.863,99.21799999999999,0.0,0.0,30812.260158448422
31-12-2040 23:00:00,14096.372659511904,1.1357062093734345,10709.36240698502,354.783,2648.208,0.0,406.3105500000001,0.0,0.0,0.0,225.8735,97.6865,0.0,0.0,29155.056387385328
