Date time,Wind (MW),PV (MW),CSP (new) (MW),Other renewables (MW),Hydraulic (MW),Pumped hydropower (MW),Cogeneration (MW),Combined cycle (MW),Fuel & Gas (MW),Nuclear (MW),No renewable residues (MW),Renewable residues (MW),Import (MW),Export (MW),Demand (MW)
01-12-2050 00:00:00,34994.79049554168,0.7008061332036586,0.0,416.449,4164.847,0.0,331.88339999999994,0.0,0.0,0.0,232.1565,86.3715,0,-10721.265428253173,30032.337466163706
01-12-2050 01:00:00,33673.597978043195,1.3301014364885766,0.0,412.116,4203.999,0.0,330.45739999999995,0.0,0.0,0.0,235.739,89.333,0,-11592.011362190726,27837.629038828618
01-12-2050 02:00:00,30627.10223464059,1.501727428293554,0.0,415.644,4076.137,0.0,331.3632999999999,0.0,0.0,0.0,232.4585,89.1205,0,-9716.625690570578,26512.245164140877
01-12-2050 03:00:00,24957.495168648464,1.4588209303423094,0.0,415.705,4225.844,0.0,329.78369999999995,0.0,0.0,0.0,231.3935,88.3615,0,-5039.829136330558,25650.76852285268
01-12-2050 04:00:00,19189.0464958477,1.473123096326058,0.0,413.64300000000003,4278.763,431.16778799754684,329.1330999999999,0.0,0.0,0.0,233.576,88.728,0,0.0,25401.531681801313
01-12-2050 05:00:00,16657.378746817347,4.090419471351967,0.0,409.277,4220.279,2777.7196642817253,329.51219999999995,0.0,0.0,0.0,236.5915,90.5585,0,0.0,25167.37359999021
01-12-2050 06:00:00,16128.012118934326,6.235744368914187,0.0,410.92699999999996,4406.129,3743.1178408350206,332.77449999999993,0.0,0.0,0.0,233.78400000000002,88.096,0,0.0,25811.48204429166
01-12-2050 07:00:00,15752.881612653087,18.893161264531287,0.0,412.153,4577.69,4768.32215925699,333.3236999999999,0.0,0.0,0.0,230.6355,86.1925,0,0.0,26668.21126530301
01-12-2050 08:00:00,15993.86421083364,1518.3751494986368,0.0,412.099,4653.221,3823.7436803203254,335.18639999999994,0.0,0.0,0.0,230.5235,85.1875,0,0.0,27595.350697338916
01-12-2050 09:00:00,16427.157691583805,10808.661711893881,0.0,415.49300000000005,4982.710999999999,0.0,337.73139999999995,0.0,0.0,0.0,231.95,84.458,0,0.0,30125.520276452673
01-12-2050 10:00:00,17242.72227887652,23543.753670968716,123.91486157674156,426.39599999999996,4986.9890000000005,0.0,338.65199999999993,0.0,0.0,0.0,238.825,88.804,0,0.0,32584.78007991021
01-12-2050 11:00:00,18495.855422607754,30997.670725382664,450.78498644230245,420.694,5054.702,0.0,339.28849999999994,0.0,0.0,0.0,247.05,92.35600000000001,0,-12200.0,33784.29389900994
01-12-2050 12:00:00,17018.536128119144,34324.89801550986,588.2367656702847,424.281,5335.516,0.0,338.93619999999993,0.0,0.0,0.0,245.7335,92.6225,0,-12200.0,33858.35007589373
01-12-2050 13:00:00,16746.471661779862,35731.67336383732,979.5409299589548,416.434,5344.366,0.0,340.62049999999994,0.0,0.0,0.0,244.69400000000002,93.944,0,-12200.0,34343.12619380478
01-12-2050 14:00:00,17036.872953258273,31668.242079696684,1014.3823105249339,416.20599999999996,5448.205,0.0,339.01519999999994,0.0,0.0,0.0,239.6765,91.4225,0,-12200.0,34419.44480708506
01-12-2050 15:00:00,17342.33196443667,23108.066788605793,1139.9998405380582,412.471,5468.982,0.0,338.4962999999999,0.0,0.0,0.0,237.8545,89.5945,0,-12200.0,32866.42209121551
01-12-2050 16:00:00,18291.96005557166,11545.208957890925,1175.4040867028414,412.36800000000005,5562.026999999999,0.0,340.2847999999999,0.0,0.0,0.0,243.6255,90.7275,0,-5203.516915698896,31988.096037541676
01-12-2050 17:00:00,19463.828779307718,1467.3736256005911,543.1793744860096,403.413,5999.181,3933.6829804994813,341.47639999999996,0.0,0.0,0.0,244.4295,91.3495,0,0.0,32630.574282616795
01-12-2050 18:00:00,20268.37439066527,6.507485522605401,24.498725187952196,408.32800000000003,6315.89,6688.796451225393,342.81119999999993,0.0,0.0,0.0,241.1385,91.1255,0,0.0,35082.37602188099
01-12-2050 19:00:00,22398.809616501723,2.7317137028958935,0.0,421.092,6244.366,5821.533105739734,343.3869999999999,0.0,0.0,0.0,244.08700000000002,91.494,0,0.0,36320.447359770784
01-12-2050 20:00:00,24684.28702460775,2.4027638852696867,0.0,424.695,6089.579000000001,4881.330670114261,344.5471999999999,0.0,0.0,0.0,242.6545,90.5555,0,0.0,37521.0622442191
01-12-2050 21:00:00,27132.508503563076,2.0595119016597314,0.0,425.366,5929.914000000001,2384.6372897779984,345.89649999999995,0.0,0.0,0.0,241.0465,91.3765,0,0.0,37277.97814077288
01-12-2050 22:00:00,30021.22314651076,1.0154537848461174,0.0,425.02099999999996,5434.2480000000005,0.0,345.96919999999994,0.0,0.0,0.0,243.477,92.944,0,0.0,35411.310929787855
01-12-2050 23:00:00,32165.652598391258,0.7151082991874068,0.0,406.779,5139.433,0.0,344.49269999999996,0.0,0.0,0.0,242.92,93.95,0,0.0,32715.961705865353
02-12-2050 00:00:00,34495.100404914905,0.7294104651711547,0.0,408.751,4707.07,0.0,343.1989999999999,0.0,0.0,0.0,244.2095,95.2025,0,0.0,29735.626811412883
02-12-2050 01:00:00,36317.67109820834,0.9439429549273769,0.0,401.099,4199.951,0.0,340.5309999999999,0.0,0.0,0.0,240.87900000000002,94.74700000000001,0,-2727.4017720290503,27940.885624384595
02-12-2050 02:00:00,37192.07389403724,0.7723169631223994,0.0,403.01099999999997,4154.255,0.0,337.2157999999999,0.0,0.0,0.0,231.8735,94.4105,0,-12200.0,26617.140119372794
02-12-2050 03:00:00,36542.01761705669,0.8295256270573917,0.0,403.44,4231.865,0.0,336.56069999999994,0.0,0.0,0.0,229.6745,93.6855,0,-12200.0,26255.619124114106
02-12-2050 04:00:00,36811.32206414603,1.3301014364885766,0.0,403.526,4349.146,0.0,336.20409999999987,0.0,0.0,0.0,230.2235,91.5545,0,-12200.0,26217.77982674931
02-12-2050 05:00:00,37638.0491146132,1.701957752066028,0.0,398.241,4123.821,0.0,334.3420999999999,0.0,0.0,0.0,235.10299999999998,91.0,0,-12200.0,27273.745071777204
02-12-2050 06:00:00,37780.017077255376,2.3169508893671975,0.0,398.994,4576.026,0.0,341.83289999999994,0.0,0.0,0.0,236.2295,89.0625,0,-12200.0,30897.95185656225
02-12-2050 07:00:00,39061.10913158425,8.938853739842584,0.0,410.814,4991.692,0.0,349.8560999999999,0.0,0.0,0.0,239.2065,90.2445,0,-9162.206263939548,36636.22006246817
02-12-2050 08:00:00,40064.430991705456,697.8598870110064,0.0,416.345,5334.709,0.0,361.86139999999995,0.0,0.0,0.0,241.1245,90.8405,0,-7870.398371786141,40046.173147833804
02-12-2050 09:00:00,41598.33912124369,8026.876125888884,0.0,422.149,5619.944,0.0,365.4119999999999,0.0,0.0,0.0,240.87400000000002,90.50399999999999,0,-12200.0,41578.23321355611
02-12-2050 10:00:00,44301.15760526077,18373.706596001553,0.0,426.04400000000004,5401.356,0.0,366.4257999999999,0.0,0.0,0.0,238.761,89.185,0,-12200.0,42170.90595424834
02-12-2050 11:00:00,47465.81509022159,24407.761820212923,41.52540955177882,420.546,5447.483,0.0,367.3524999999999,0.0,0.0,0.0,235.922,89.56700000000001,0,-12200.0,42179.06862245093
02-12-2050 12:00:00,48848.71134082922,26783.63763343316,85.27413821883417,421.84,5108.468,0.0,367.6369999999999,0.0,0.0,0.0,233.8145,90.6055,0,-12200.0,42006.26906073331
02-12-2050 13:00:00,51199.74131622779,26257.74699021074,156.29370514795235,429.79699999999997,4784.325,0.0,367.05039999999997,0.0,0.0,0.0,233.104,89.432,0,-12200.0,41990.87282116641
02-12-2050 14:00:00,53864.9323818466,22964.64466812077,102.35710914254123,434.106,4675.356,0.0,366.65919999999994,0.0,0.0,0.0,228.9895,89.1305,0,-12200.0,40984.93212638405
02-12-2050 15:00:00,54557.368036973785,17725.48952712014,397.622330635247,426.11800000000005,4837.6720000000005,0.0,364.8064999999999,0.0,0.0,0.0,231.511,88.242,0,-12200.0,40387.36528639148
02-12-2050 16:00:00,54073.22521074575,8054.507910569485,449.7577567244848,426.04400000000004,5134.86,0.0,368.3719999999999,0.0,0.0,0.0,232.542,88.316,0,-12200.0,40126.14784276802
02-12-2050 17:00:00,53341.216619064005,999.2351286205471,78.84339875249634,429.722,5774.179,0.0,369.3488999999999,0.0,0.0,0.0,234.0595,89.1935,0,-12200.0,40798.417103299456
02-12-2050 18:00:00,53401.08033933984,6.149931373011698,0.0,422.477,6176.795,0.0,371.7324999999999,0.0,0.0,0.0,234.231,88.944,0,-12200.0,42823.98555219215
02-12-2050 19:00:00,53464.50169910758,3.074965686505849,0.0,429.295,6156.569,0.0,376.5215999999999,0.0,0.0,0.0,238.266,89.36,0,-12200.0,43403.64237762933
02-12-2050 20:00:00,52462.07874433842,1.587540424196043,0.0,429.93199999999996,6398.026999999999,0.0,376.5947999999999,0.0,0.0,0.0,236.9185,90.6995,0,-12200.0,43739.82875407578
02-12-2050 21:00:00,51147.9804047591,0.9153386229598807,0.0,434.126,6287.398,0.0,373.8922999999999,0.0,0.0,0.0,240.6835,92.5945,0,-12200.0,42650.90391542937
02-12-2050 22:00:00,50286.11164130378,1.07266244878111,0.0,419.70099999999996,5281.811,0.0,374.26069999999993,0.0,0.0,0.0,243.6405,93.0305,0,-12200.0,38930.622759340986
02-12-2050 23:00:00,48340.985964802,0.7723169631223994,0.0,415.819,5302.7390000000005,0.0,368.20249999999993,0.0,0.0,0.0,242.6905,92.7075,0,-12200.0,35004.28831173147
03-12-2050 00:00:00,47060.91098178695,0.8152234610736436,0.0,416.51099999999997,4718.305,0.0,355.53809999999993,0.0,0.0,0.0,239.533,91.53299999999999,0,-12200.0,32185.55518330839
03-12-2050 01:00:00,45865.320441225325,0.6722018012361622,0.0,427.171,4591.392,0.0,353.6096999999999,0.0,0.0,0.0,237.7465,90.6515,0,-12200.0,29934.476489884848
03-12-2050 02:00:00,45436.4413031899,1.6018425901797908,0.0,427.36400000000003,4360.923,0.0,351.21859999999987,0.0,0.0,0.0,238.2195,90.8035,0,-12200.0,28472.09518541487
03-12-2050 03:00:00,44686.024142749375,1.8449794119035094,0.0,429.381,4567.977,0.0,351.72149999999993,0.0,0.0,0.0,238.07,90.882,0,-12200.0,27890.50507597868
03-12-2050 04:00:00,43189.190583716845,2.245440059448457,0.0,428.02,4616.616,0.0,352.2869999999999,0.0,0.0,0.0,236.13299999999998,90.804,0,-12200.0,27934.174572724594
03-12-2050 05:00:00,42479.60398328116,3.4754263340507965,0.0,420.97,4472.562,0.0,352.9966999999999,0.0,0.0,0.0,239.9925,91.7275,0,-12200.0,28718.077464048947
03-12-2050 06:00:00,41017.99232128227,7.165385157857815,0.0,420.76300000000003,4756.178,0.0,355.8347999999999,0.0,0.0,0.0,237.6975,89.9505,0,-12200.0,31887.353616043154
03-12-2050 07:00:00,38616.66162808547,14.230655153829394,0.0,424.68,5110.95,0.0,360.08329999999995,0.0,0.0,0.0,240.3445,92.9805,0,-7960.061682917083,37557.81954061765
03-12-2050 08:00:00,36138.122139510015,763.0634617309142,0.014071639970104651,431.591,5811.526999999999,0.0,368.6051999999999,0.0,0.0,0.0,241.33700000000002,92.274,0,-3755.795890935504,40812.60217098294
03-12-2050 09:00:00,33633.60302019658,10224.54695095162,0.0,451.795,6123.453,0.0,369.2112999999999,0.0,0.0,0.0,239.7565,87.3265,0,-9526.590259687204,42360.1036082794
03-12-2050 10:00:00,32177.89121586041,21910.789567608284,162.93551921384176,455.76,6134.172,0.0,366.4105999999999,0.0,0.0,0.0,240.065,87.75200000000001,0,-12200.0,42935.62385181337
03-12-2050 11:00:00,31416.21874756117,27545.04204390996,2134.822571504547,455.209,5982.371999999999,0.0,364.6962999999999,0.0,0.0,0.0,242.6245,87.8195,0,-12200.0,42853.09608591891
03-12-2050 12:00:00,28442.01947169791,29518.75525183319,5003.635955489722,431.839,6170.701,0.0,365.09779999999995,0.0,0.0,0.0,246.9175,90.7485,0,-12200.0,42751.900009934005
03-12-2050 13:00:00,24846.132190105,27549.961989008374,5661.625840491815,445.781,6337.464,0.0,372.6590999999999,0.0,0.0,0.0,250.2795,93.8925,0,-12200.0,42926.57955319378
03-12-2050 14:00:00,22398.028877111446,25254.70748543852,5706.5847301962995,454.30199999999996,6262.014,0.0,375.76269999999994,0.0,0.0,0.0,252.7925,95.2515,0,-12200.0,42003.255332044195
03-12-2050 15:00:00,20604.56499233,20802.71495585142,6722.655637517647,445.282,6238.719,0.0,376.15389999999996,0.0,0.0,0.0,250.28099999999998,95.477,0,-8929.993441000817,41105.1019316462
03-12-2050 16:00:00,18956.1667064743,11250.283993140054,6288.278183280485,445.978,6228.569,2292.6736000628953,377.1679999999999,0.0,0.0,0.0,248.237,93.52799999999999,0,0.0,41074.04294022835
03-12-2050 17:00:00,17723.73370711762,1986.227603159006,3387.1000273640693,448.49800000000005,6596.47,10000.0,377.2222999999999,0.0,0.0,0.0,248.247,95.00399999999999,0,0.0,41739.231533523416
03-12-2050 18:00:00,18831.759049793898,8.538393092297635,1040.0349101904346,446.77,7139.196,10000.0,379.2085999999999,0.0,0.0,0.0,248.108,94.56,0,0.0,43575.21209215018
03-12-2050 19:00:00,19961.172431550753,2.5743898770746645,531.2747670713011,437.983,7298.38,7387.326399937105,380.08329999999995,0.0,0.0,0.0,248.7055,95.0935,0,0.0,44286.88548567615
03-12-2050 20:00:00,18578.153794768434,3.032059188554604,299.7822179231095,437.595,7584.049,0.0,381.53529999999995,0.0,0.0,0.0,249.87400000000002,95.75,0,0.0,44611.65190801942
03-12-2050 21:00:00,17203.15778274779,1.8449794119035094,133.30064543680135,430.949,7137.64,0.0,381.6465999999999,0.0,0.0,0.0,247.377,96.412,0,0.0,43720.11579364574
03-12-2050 22:00:00,17063.781030838727,4.090419471351967,130.7536786022124,417.69800000000004,6690.798000000001,0.0,379.8042999999999,0.0,0.0,0.0,243.942,94.97200000000001,0,0.0,40157.85735760031
03-12-2050 23:00:00,17184.196366096443,0.9010364569761324,133.80722447572512,419.405,5507.973000000001,0.0,377.1517999999999,0.0,0.0,0.0,245.5835,95.8495,0,0.0,36108.6840911981
04-12-2050 00:00:00,16586.225956979437,0.8867342909923843,133.7790811957849,418.565,5411.133000000001,0.0,367.0655999999999,0.0,0.0,0.0,241.2765,95.3805,0,0.0,33156.000721618286
04-12-2050 01:00:00,16244.304306168808,1.4016122664073172,133.61022151614364,418.856,5456.3730000000005,0.0,366.1284999999999,0.0,0.0,0.0,238.5145,94.8885,0,0.0,30857.698385880158
04-12-2050 02:00:00,17245.207984286633,1.487425262309806,131.55576208050837,419.353,4844.424,0.0,366.31749999999994,0.0,0.0,0.0,233.8965,94.7865,0,0.0,29182.840649309575
04-12-2050 03:00:00,18521.34550864696,1.6018425901797908,132.2874873589538,414.996,4811.93,0.0,366.0145999999999,0.0,0.0,0.0,234.2495,95.7365,0,0.0,28484.346969099337
04-12-2050 04:00:00,18778.445099970515,2.2597422254322055,133.96201251539628,413.335,4700.8859999999995,0.0,365.1772999999999,0.0,0.0,0.0,235.482,96.744,0,0.0,28284.160838516986
04-12-2050 05:00:00,18924.73034043026,2.8032245328146344,133.93386923545606,409.384,4968.786,0.0,364.95629999999994,0.0,0.0,0.0,233.63099999999997,96.729,0,0.0,29040.660431008415
04-12-2050 06:00:00,18942.822393220005,4.247743297173196,122.24033642029912,412.371,5330.696,0.0,365.97349999999994,0.0,0.0,0.0,231.4245,93.4595,0,0.0,32348.95561545314
04-12-2050 07:00:00,19804.758680082054,11.1127829693723,10.159724058415557,404.103,6434.589,0.0,373.2711999999999,0.0,0.0,0.0,234.84599999999998,94.711,0,0.0,37884.85968235925
04-12-2050 08:00:00,19587.544321069177,488.31885318311254,0.0,416.704,7023.804,0.0,375.1632999999999,0.0,0.0,0.0,234.65099999999998,93.99600000000001,0,0.0,41317.54101312012
04-12-2050 09:00:00,18182.648100507515,7181.231957767808,0.0,434.88,7195.743,0.0,373.2376999999999,0.0,0.0,0.0,227.52200000000002,94.97399999999999,0,0.0,42926.84684361589
04-12-2050 10:00:00,17131.642054598728,17727.277297868102,0.0,446.189,7120.976,0.0,371.7487999999999,0.0,0.0,0.0,229.41299999999998,94.589,0,0.0,43588.70772951646
04-12-2050 11:00:00,16518.288969386875,22229.999610199564,287.45546130929785,442.241,7249.0,0.0,372.82069999999993,0.0,0.0,0.0,231.2865,95.2205,0,0.0,43614.80803617536
04-12-2050 12:00:00,17302.645082133247,24064.567045266907,1541.3370841254127,424.579,7142.6990000000005,0.0,373.70239999999995,0.0,0.0,0.0,228.6985,94.0925,0,0.0,43581.91536242962
04-12-2050 13:00:00,18371.12280953248,22504.901542573185,1601.6199897573413,427.469,7578.079000000001,0.0,373.7518999999999,0.0,0.0,0.0,231.44400000000002,94.675,0,0.0,43687.30521346488
04-12-2050 14:00:00,20550.997829731394,21128.232253641523,2652.0819851656233,430.952,7473.55,0.0,375.99549999999994,0.0,0.0,0.0,231.002,94.649,0,0.0,42562.45568613933
04-12-2050 15:00:00,23556.549067380292,16208.830637539551,3840.2349776813803,442.55,7133.496999999999,0.0,375.7260999999999,0.0,0.0,0.0,232.1345,94.7055,0,0.0,41947.33988764924
04-12-2050 16:00:00,25528.270525706426,8531.084685479942,4320.190473781709,416.225,7153.844,0.0,378.3094999999999,0.0,0.0,0.0,233.5465,95.8655,0,0.0,41817.62738634297
04-12-2050 17:00:00,28713.674577383914,1409.0064862209151,2558.730725603949,416.38199999999995,7471.014,2631.058245407443,378.57319999999993,0.0,0.0,0.0,230.8285,94.4275,0,0.0,42293.03472206532
04-12-2050 18:00:00,34076.46372363729,8.938853739842584,334.46881044941745,413.096,7087.279,836.4973907759122,379.0344999999999,0.0,0.0,0.0,232.90400000000002,93.236,0,0.0,43974.94744731645
04-12-2050 19:00:00,37986.710445457706,3.175080848392086,10.272297178176395,421.205,6766.789000000001,0.0,382.19839999999994,0.0,0.0,0.0,238.6155,95.7375,0,0.0,44300.60833935458
04-12-2050 20:00:00,39202.920946348386,1.0583602827973622,0.0,407.033,6868.0,0.0,384.36819999999994,0.0,0.0,0.0,237.454,94.219,0,0.0,44881.22966691164
04-12-2050 21:00:00,39264.63734009628,0.8581299590248881,0.0,409.74800000000005,6726.343000000001,0.0,382.4475999999999,0.0,0.0,0.0,244.0575,95.5675,0,0.0,43766.53795376312
04-12-2050 22:00:00,37893.99658780948,0.9868494528786212,0.0,402.175,6550.576999999999,0.0,379.43589999999995,0.0,0.0,0.0,242.6345,94.9045,0,0.0,40135.67536512003
04-12-2050 23:00:00,36567.06458073925,0.84382779304114,0.0,400.207,5845.305,0.0,372.16089999999997,0.0,0.0,0.0,238.3935,91.7375,0,0.0,36112.16159016831
05-12-2050 00:00:00,35986.34640204083,0.9725472868948731,0.0,395.781,5408.451,0.0,364.7383999999999,0.0,0.0,0.0,233.91,91.06700000000001,0,0.0,33233.06945998408
05-12-2050 01:00:00,35940.8440663331,1.3301014364885766,0.0,393.917,5025.973,0.0,362.66169999999994,0.0,0.0,0.0,229.842,89.819,0,-633.9292417698018,30740.88079936125
05-12-2050 02:00:00,35355.032090639754,1.5589360922285467,0.0,391.535,4780.003,0.0,358.93069999999994,0.0,0.0,0.0,226.66299999999998,89.527,0,-11906.334602535495,29311.946981070578
05-12-2050 03:00:00,33284.169390387644,1.7591664160010205,0.0,396.92800000000005,4896.696,0.0,357.28389999999996,0.0,0.0,0.0,228.114,89.84299999999999,0,-11059.832417356254,28626.645464384947
05-12-2050 04:00:00,32549.61601031489,2.3455552213346937,0.0,395.913,4783.501,0.0,356.1920999999999,0.0,0.0,0.0,229.972,90.616,0,-10260.590734438174,28595.108307131988
05-12-2050 05:00:00,32487.823652734423,3.618447993888278,0.0,394.464,4738.126,0.0,357.4613999999999,0.0,0.0,0.0,230.0805,90.7655,0,-9367.562798755785,29404.178128517615
05-12-2050 06:00:00,32742.796256746093,5.835283721369238,0.0,395.223,5021.835999999999,0.0,360.4343999999999,0.0,0.0,0.0,226.642,89.213,0,-6802.68732976948,32583.76616602383
05-12-2050 07:00:00,33323.34984714062,18.707233106742564,0.0,395.69599999999997,6218.158,0.0,366.10639999999995,0.0,0.0,0.0,228.7315,88.5575,0,-3026.036204520471,38270.42981236248
05-12-2050 08:00:00,33270.1751643436,1110.8635341237014,72.49708912597916,402.70099999999996,6748.243,0.0,372.5571999999999,0.0,0.0,0.0,226.345,88.559,0,-1497.0232875680085,41450.43648814258
05-12-2050 09:00:00,33249.67336997631,11102.571222859904,199.54992641605403,428.54400000000004,7096.379,0.0,373.2541999999999,0.0,0.0,0.0,231.1245,89.9925,0,-10609.636665783499,42735.35290418293
05-12-2050 10:00:00,32026.377131592286,26051.05208741362,433.2939379594624,422.74800000000005,7167.937,0.0,371.1099999999999,0.0,0.0,0.0,225.832,90.31200000000001,0,-12200.0,43545.75489791965
05-12-2050 11:00:00,31467.232681342943,34295.964733724744,3017.38175878954,410.658,6958.195,0.0,369.9920999999999,0.0,0.0,0.0,229.7445,90.7005,0,-12200.0,43237.49978697686
05-12-2050 12:00:00,30417.88095889895,38938.490718547335,6286.899162563416,436.069,6533.967,0.0,370.2587999999999,0.0,0.0,0.0,229.419,90.47,0,-12200.0,42994.053460265815
05-12-2050 13:00:00,29507.074606418704,37073.78861975224,7345.002058475464,455.824,6242.444,0.0,369.63919999999996,0.0,0.0,0.0,229.81900000000002,89.529,0,-12200.0,42716.862009569166
05-12-2050 14:00:00,29716.56597578725,33650.25054389048,6865.299851894597,460.311,6111.411999999999,0.0,369.7186999999999,0.0,0.0,0.0,230.4655,88.7265,0,-12200.0,41604.37087084169
05-12-2050 15:00:00,29303.3860298157,26753.93203468492,6714.268940095464,463.17199999999997,6617.605,0.0,370.21689999999995,0.0,0.0,0.0,226.7675,87.4665,0,-12200.0,40871.93091795854
05-12-2050 16:00:00,27975.306124831117,14156.398308041773,7346.831371671578,445.81699999999995,7089.04,0.0,371.1848999999999,0.0,0.0,0.0,229.459,86.633,0,-10699.8903543835,40898.091141247714
05-12-2050 17:00:00,27439.693581825915,2095.767892428533,4158.451043965326,446.92,7486.201,2104.080674478493,375.5591999999999,0.0,0.0,0.0,238.111,90.65100000000001,0,0.0,41315.49412096503
05-12-2050 18:00:00,28036.739764313344,9.997214022639946,717.0344863166525,430.532,7479.911,5553.8882713770945,376.3984,0.0,0.0,0.0,240.5785,92.6685,0,0.0,43073.297094496826
05-12-2050 19:00:00,28488.43337339645,3.718563155774515,225.06180968185376,414.99699999999996,7733.005999999999,4983.030573051077,376.0089,0.0,0.0,0.0,239.3455,92.8905,0,0.0,43174.01305930147
05-12-2050 20:00:00,26901.57845255891,2.98915269060336,224.83666344233214,438.126,7753.575,6481.931208848444,374.3651999999999,0.0,0.0,0.0,242.7795,93.4215,0,0.0,43132.91958858841
05-12-2050 21:00:00,24436.539425115796,2.7031093709283973,224.35822768334853,433.889,7743.066,8227.01222871638,372.64939999999996,0.0,0.0,0.0,241.396,94.12100000000001,0,0.0,42354.94299669504
05-12-2050 22:00:00,21067.12564968312,1.6161447561635391,147.87886444582978,433.787,7086.278,2330.0570435285117,371.61289999999997,0.0,0.0,0.0,238.88,92.49700000000001,0,0.0,39469.22891165819
05-12-2050 23:00:00,18068.00601652491,0.3861584815611997,0.9990864378774301,435.74800000000005,7037.91,0.0,366.2390999999999,0.0,0.0,0.0,233.91,91.52600000000001,0,0.0,36225.07253457936
06-12-2050 00:00:00,14714.894923603726,0.629295303284918,0.0,435.586,6569.078,0.0,354.33599999999996,0.0,0.0,0.0,227.32299999999998,90.303,0,0.0,33983.83689848937
06-12-2050 01:00:00,12182.944420307711,1.2156841086185914,0.0,439.57,5775.996999999999,0.0,353.0640999999999,0.0,0.0,0.0,224.9085,90.1175,0,0.0,31418.800120313976
06-12-2050 02:00:00,10918.788080428392,1.4016122664073172,0.0,440.466,5149.775,0.0,351.13989999999995,0.0,0.0,0.0,225.725,90.57600000000001,0,0.0,29450.172701773507
06-12-2050 03:00:00,10560.639710938833,1.6161447561635391,0.0,439.08,4358.556,0.0,350.12769999999995,0.0,0.0,0.0,230.53799999999998,90.16,0,0.0,28572.07542068799
06-12-2050 04:00:00,9452.681891669277,2.216835727480961,0.0,435.009,4614.681,0.0,349.23589999999996,0.0,0.0,0.0,230.74599999999998,90.976,0,0.0,28005.194843984696
06-12-2050 05:00:00,9342.639839769907,4.390764957010677,0.0,435.963,4550.782999999999,0.0,346.0800999999999,0.0,0.0,0.0,225.8275,88.1755,0,0.0,27902.603566466194
06-12-2050 06:00:00,9271.415306312352,8.96745807181008,0.0,436.925,4839.406,0.0,344.3150999999999,12438.032430552506,0.0,0.0,225.9295,87.6595,0,0.0,28358.426723606754
06-12-2050 07:00:00,10188.834732438867,25.572272778941667,0.0,438.13,4896.502,0.0,344.81539999999995,13036.085157019163,0.0,0.0,228.967,87.428,0,0.0,29759.571286588936
06-12-2050 08:00:00,10171.295527541693,1028.3686407294422,1.5760236766517206,441.57800000000003,5307.536,0.0,347.8085999999999,12814.757492643199,0.0,0.0,231.6965,88.5755,0,0.0,31005.185894789123
06-12-2050 09:00:00,9902.41310174439,13479.69132452073,49.53217269476836,452.272,6045.83,0.0,347.56239999999997,2122.305628781705,0.0,0.0,230.6425,86.6905,0,0.0,33372.69894173918
06-12-2050 10:00:00,8860.691524260477,29934.233173661072,385.7036515805684,470.25300000000004,6554.715,0.0,348.8666999999999,0.0,0.0,0.0,231.2425,88.2165,0,0.0,35717.8490791111
06-12-2050 11:00:00,7863.8645718237585,38899.989287719094,3993.3484921960885,465.991,6506.584,0.0,347.62489999999997,0.0,0.0,0.0,224.642,89.321,0,0.0,36548.47060115203
06-12-2050 12:00:00,7605.3469889589505,42791.26539991334,7539.58469598207,464.634,6480.95,0.0,346.1845999999999,0.0,0.0,0.0,200.8395,89.7285,0,0.0,36332.41434492694
06-12-2050 13:00:00,7254.263255898138,43944.5920648428,7991.19990918261,456.59,6278.847,0.0,345.5736999999999,0.0,0.0,0.0,203.533,89.76899999999999,0,-1061.5821594137556,36400.87220757016
06-12-2050 14:00:00,7171.095519875859,43129.0539561175,8748.479285813763,463.675,6172.616,0.0,343.9642999999999,0.0,0.0,0.0,205.9025,90.5565,0,-12200.0,36083.55723524666
06-12-2050 15:00:00,6022.577234228361,36570.83865076775,10978.609074835827,466.894,6164.559,0.0,342.0981999999999,0.0,0.0,0.0,209.77700000000002,90.046,0,-12200.0,34412.0587206619
06-12-2050 16:00:00,5160.4510377848965,20615.41379012825,12947.780300612303,471.564,6432.523,0.0,342.4821999999999,0.0,0.0,0.0,208.5985,91.3055,0,-1243.9622898859561,33644.934431160116
06-12-2050 17:00:00,5486.90982845519,3286.59483656737,8110.738490728649,471.917,6873.936,10000.0,345.0428999999999,0.0,0.0,0.0,205.5035,92.1865,0,0.0,33916.405010872404
06-12-2050 18:00:00,6661.196734194636,11.055574305437307,1008.0219292584467,481.816,7033.871,10000.0,346.33419999999995,0.0,0.0,0.0,199.26,93.007,0,0.0,36388.17727426301
06-12-2050 19:00:00,7114.008699701637,3.9760021434819817,280.2789249245444,465.028,6939.855,9680.0,347.4292999999999,0.0,0.0,0.0,197.834,91.791,0,0.0,37283.74531097152
06-12-2050 20:00:00,7982.321728286404,2.946246192652116,224.8085201623919,457.783,6522.563,0.0,348.4624999999999,0.0,0.0,0.0,199.3995,93.6015,0,0.0,37815.19531666096
06-12-2050 21:00:00,8104.8513902172335,2.3598573873184425,223.93607848424543,455.119,6298.161999999999,0.0,348.9033999999999,0.0,0.0,0.0,202.94799999999998,93.545,0,0.0,37707.08353870745
06-12-2050 22:00:00,7141.760819866174,1.4588209303423094,161.6409283365921,451.73900000000003,6405.444,0.0,346.2922999999999,5958.352868876324,0.0,0.0,215.5255,92.6965,0,0.0,36594.10139486693
06-12-2050 23:00:00,7341.92551868064,0.5434823073824291,3.0676175134828134,450.767,6349.158,0.0,340.25269999999995,18840.371060964786,0.0,0.0,222.12900000000002,91.91,0,0.0,34233.959649716984
07-12-2050 00:00:00,6861.585104293884,0.5148779754149329,0.0,446.389,5964.482,0.0,338.0595999999999,17237.593980906036,0.0,0.0,225.1175,90.0585,0,0.0,31693.177434732756
07-12-2050 01:00:00,5931.483938341575,1.4016122664073172,0.0,447.555,5988.766,0.0,338.7002999999999,15681.480724832025,0.0,0.0,225.92700000000002,90.014,0,0.0,29189.066531891964
07-12-2050 02:00:00,5686.660946403458,1.3444036024723245,0.0,445.733,5241.831,0.0,337.8182999999999,14982.221501121869,0.0,0.0,227.2465,90.9965,0,0.0,27469.518770515628
07-12-2050 03:00:00,5835.284184821106,1.6590512541147835,0.0,449.534,4239.096,0.0,337.2922999999999,14951.36034260131,0.0,0.0,233.65,90.84200000000001,0,0.0,26581.202202346725
07-12-2050 04:00:00,5488.015524240333,2.2025335614972126,0.0,443.957,4221.737,0.0,337.44319999999993,14943.229122996,0.0,0.0,232.8055,89.8095,0,0.0,26196.40437436363
07-12-2050 05:00:00,5761.730093831493,3.2322895123270783,0.0,444.091,4339.455,0.0,338.9054999999999,14691.262465886752,0.0,0.0,232.018,88.435,0,0.0,26348.87585751834
07-12-2050 06:00:00,5846.497290550604,4.977153762344351,0.0,439.991,4375.413,0.0,340.74049999999994,15671.414080829742,0.0,0.0,230.442,90.012,0,0.0,27485.987673392105
07-12-2050 07:00:00,5666.64025630909,16.17574972761914,0.0,442.231,4460.275,0.0,341.4445999999999,17364.67823355027,0.0,0.0,233.5765,90.1785,0,0.0,29142.845520461913
07-12-2050 08:00:00,5790.942407666487,1106.901834146203,0.0,445.108,5130.458,0.0,343.5365999999999,17112.30678319722,0.0,0.0,232.588,89.038,0,0.0,30846.17999731301
07-12-2050 09:00:00,5887.070417567308,13206.991925708606,0.0,468.38800000000003,5871.271,0.0,344.05339999999995,7056.363881477063,0.0,0.0,229.9315,88.5785,0,0.0,33834.24724962337
07-12-2050 10:00:00,5151.398681070645,29307.58377108315,164.0190354915398,455.18800000000005,6149.9580000000005,0.0,344.07969999999995,0.0,0.0,0.0,229.4075,88.6605,0,0.0,36105.25444771833
07-12-2050 11:00:00,3819.1745269982307,39665.2552830115,3146.066906316147,438.342,6217.767,0.0,343.50989999999996,0.0,0.0,0.0,233.0,88.491,0,0.0,36460.46668869173
07-12-2050 12:00:00,3427.9059265093897,45973.95500060878,6644.684680443296,445.95300000000003,6090.732,0.0,342.2287999999999,0.0,0.0,0.0,230.90200000000002,88.48,0,0.0,35961.83698990885
07-12-2050 13:00:00,3540.1256082756877,48903.86811970746,7186.6398222519065,468.07800000000003,5898.679,0.0,340.58939999999996,0.0,0.0,0.0,234.3905,89.7115,0,0.0,35897.770549382076
07-12-2050 14:00:00,3914.0364730229326,47075.17887485944,8434.442496600937,469.965,5655.388000000001,0.0,338.8657999999999,0.0,0.0,0.0,232.74200000000002,88.36,0,-12200.0,35540.603625613185
07-12-2050 15:00:00,4279.06800978566,39496.13217025368,10238.694101927784,471.30300000000005,5566.283,0.0,339.2852,0.0,0.0,0.0,234.8395,87.1715,0,-12200.0,34411.72061967673
07-12-2050 16:00:00,4977.276916187952,21345.925522080157,11513.092175820313,469.39599999999996,5697.486999999999,0.0,339.8805999999999,0.0,0.0,0.0,236.94799999999998,89.89,0,-1163.7088002108476,33472.88888521829
07-12-2050 17:00:00,5951.973072070105,3210.4644070358786,6718.884438005658,451.733,6374.1269999999995,10000.0,338.9212999999999,0.0,0.0,0.0,232.8295,89.3125,0,0.0,33831.668111038285
07-12-2050 18:00:00,7399.582067599116,9.110479731647562,712.517489886249,459.02099999999996,6606.986999999999,10000.0,339.58609999999993,0.0,0.0,0.0,241.8875,89.2965,0,0.0,36528.30554251176
07-12-2050 19:00:00,8072.153180509992,1.8735837438710057,0.0,466.842,6746.696,9680.0,339.77629999999994,0.0,0.0,0.0,243.516,88.836,0,0.0,37207.13645219654
07-12-2050 20:00:00,8786.867339643959,0.8581299590248881,0.0,468.591,6933.519,0.0,341.3864999999999,0.0,0.0,0.0,246.4615,90.1805,0,0.0,37942.500647892426
07-12-2050 21:00:00,10419.422946196482,0.5291801413986811,0.0,466.463,6411.901999999999,0.0,340.2781999999999,0.0,0.0,0.0,242.752,88.309,0,0.0,37692.61289435758
07-12-2050 22:00:00,12588.42247769953,0.3575541495937034,0.0,461.44699999999995,5999.036999999999,0.0,337.05529999999993,3019.574473588358,0.0,0.0,241.41400000000002,89.086,0,0.0,36125.865768533455
07-12-2050 23:00:00,13750.86746598434,0.5720866393499253,0.0,449.45,5702.158,0.0,335.99979999999994,12683.886451615717,0.0,0.0,240.975,89.03,0,0.0,33858.920062019395
08-12-2050 00:00:00,14534.586326579732,0.5863888053336734,6.219664866786256,459.629,5590.661,0.0,332.3934999999999,9496.527495773651,0.0,0.0,239.325,89.075,0,0.0,31289.50353379839
08-12-2050 01:00:00,16372.235840637746,1.1012667807486063,137.56435234774304,454.651,4765.468,0.0,331.8600999999999,5978.5290428610115,0.0,0.0,237.04,89.133,0,0.0,28869.953282522143
08-12-2050 02:00:00,17329.548939500783,1.473123096326058,212.22847402911836,454.824,4124.304,0.0,324.4587999999999,3686.9552286884204,0.0,0.0,237.65,89.89200000000001,0,0.0,26936.082956508453
08-12-2050 03:00:00,17949.5150983589,1.5732382582122948,224.65373212272073,451.52,3824.992,0.0,322.7335999999999,2443.7730895536206,0.0,0.0,234.887,90.09,0,0.0,26000.619392623405
08-12-2050 04:00:00,19384.180700861045,2.159627063545968,224.97737984203312,455.898,3745.973,0.0,320.9369999999999,467.86146280112985,0.0,0.0,234.946,89.514,0,0.0,25378.36301026664
08-12-2050 05:00:00,20462.89244459225,3.0892678524895976,224.04865160400624,452.37199999999996,3678.5170000000003,0.0,321.93369999999993,0.0,0.0,0.0,235.81799999999998,89.486,0,0.0,25349.160656249303
08-12-2050 06:00:00,20804.74235178323,4.819829936523122,222.06455036822146,451.517,3733.4159999999997,0.0,325.7564,0.0,0.0,0.0,233.36900000000003,88.975,0,0.0,25898.07986128561
08-12-2050 07:00:00,21321.870362197093,18.077937803457644,222.21933840789262,449.585,3925.0609999999997,46.79270889836698,325.5094999999999,0.0,0.0,0.0,234.845,89.434,0,0.0,26919.873562673507
08-12-2050 08:00:00,21278.841071260715,1299.7522402710626,218.46221053587468,445.62800000000004,4131.323,0.0,324.6015999999999,0.0,0.0,0.0,236.6305,89.7225,0,0.0,27832.848936753442
08-12-2050 09:00:00,20415.566976902905,13089.313703994325,222.24748168783282,449.14300000000003,5012.687,0.0,324.8612999999999,0.0,0.0,0.0,235.99599999999998,90.291,0,0.0,30226.913221365623
08-12-2050 10:00:00,17604.706821910717,27053.104742732965,529.0373763160543,438.11800000000005,5368.057,0.0,324.6280999999999,0.0,0.0,0.0,235.2995,90.7105,0,0.0,32899.223333739705
08-12-2050 11:00:00,14981.384488675169,34145.262810753986,2977.4464445543836,419.899,5595.467,0.0,324.66599999999994,0.0,0.0,0.0,234.845,90.307,0,0.0,34079.429991405384
08-12-2050 12:00:00,13718.654580762943,37154.6101597264,4744.168986080962,425.358,5627.205,0.0,324.1171999999999,0.0,0.0,0.0,231.4605,86.0575,0,-1527.5171907165172,34089.254373425574
08-12-2050 13:00:00,14486.307090770379,37764.397308609485,5243.374485660394,446.538,5564.901999999999,0.0,323.3599999999999,0.0,0.0,0.0,234.2155,88.7925,0,-12200.0,34201.63423861374
08-12-2050 14:00:00,16106.210498987552,33305.51113501821,5172.115700851785,447.415,5555.597,0.0,323.1029,0.0,0.0,0.0,235.2865,90.4765,0,-12200.0,34100.37202089413
08-12-2050 15:00:00,18103.36718058492,23125.744265761707,4133.713100897882,443.074,5260.581,0.0,323.0114999999999,0.0,0.0,0.0,236.426,90.76799999999999,0,-12200.0,32912.38787336335
08-12-2050 16:00:00,19935.834273176686,9532.96571480748,3148.895305950138,443.95599999999996,5541.035,0.0,323.5349999999999,0.0,0.0,0.0,235.58599999999998,86.919,0,-4791.085340771555,32164.373487298544
08-12-2050 17:00:00,22512.139214266088,1435.751536610524,1606.713923426519,437.93199999999996,5646.61,1181.7444724004854,325.4872,0.0,0.0,0.0,235.6425,86.6905,0,0.0,32634.32101735422
08-12-2050 18:00:00,26033.99552080937,6.221442202930438,644.7062568703146,448.897,5855.831,1218.3676061742954,328.14609999999993,0.0,0.0,0.0,238.85299999999998,87.104,0,0.0,34995.27085887483
08-12-2050 19:00:00,29068.611364841054,0.758014797138651,594.0061380580277,461.899,5959.415,0.0,329.64539999999994,0.0,0.0,0.0,239.2045,86.9635,0,0.0,36344.09341900253
08-12-2050 20:00:00,30643.552624604305,0.9153386229598807,435.0669645956956,463.639,6192.5869999999995,0.0,332.29169999999993,0.0,0.0,0.0,239.18900000000002,87.166,0,0.0,37566.32030980542
08-12-2050 21:00:00,32309.09763555558,0.8009212950898954,1.2101610374289997,460.369,5933.789000000001,0.0,332.4225999999999,0.0,0.0,0.0,237.1755,87.4605,0,-1333.8301764208154,37511.0308774761
08-12-2050 22:00:00,33258.94517776243,0.7294104651711547,0.0,462.63699999999994,5597.379,0.0,332.0030999999999,0.0,0.0,0.0,235.1,86.882,0,-4475.729268756557,36094.748416761446
08-12-2050 23:00:00,32770.624340743205,0.7294104651711547,0.0,448.68199999999996,4852.581,0.0,328.66439999999994,0.0,0.0,0.0,235.922,87.35700000000001,0,-6174.168627641979,33130.10039643964
09-12-2050 00:00:00,32804.677238797885,0.8152234610736436,0.0,448.43199999999996,3825.52,0.0,321.42369999999994,0.0,0.0,0.0,229.5985,86.6845,0,-7915.9785080030815,30312.9356052675
09-12-2050 01:00:00,33942.50150490509,0.8581299590248881,0.0,447.027,3142.191,0.0,320.7802999999999,0.0,0.0,0.0,229.65599999999998,87.848,0,-10605.701389650632,28032.70474773122
09-12-2050 02:00:00,34861.13635235268,1.487425262309806,0.0,450.655,3084.7,0.0,320.7920999999999,0.0,0.0,0.0,227.886,87.22,0,-12200.0,26747.24791481129
09-12-2050 03:00:00,35366.89932937192,1.8306772459197613,0.0,449.63300000000004,3004.587,0.0,319.87429999999995,0.0,0.0,0.0,225.3705,86.9615,0,-12200.0,25852.28371323392
09-12-2050 04:00:00,37137.173144155786,1.3014971045210801,0.0,449.097,2961.5240000000003,0.0,319.9092999999999,0.0,0.0,0.0,226.261,87.241,0,-12200.0,25719.359058034355
09-12-2050 05:00:00,38781.498924543295,1.91649024182225,0.0,445.75199999999995,2886.87,0.0,318.92069999999995,0.0,0.0,0.0,226.1485,86.4595,0,-12200.0,26649.705586066157
09-12-2050 06:00:00,38655.22171353915,3.5326349979857894,0.0,442.409,3525.9109999999996,0.0,325.83449999999993,0.0,0.0,0.0,228.4065,86.0495,0,-12200.0,29385.530828154668
09-12-2050 07:00:00,37540.216138692536,14.802741793179317,0.0,452.88,4297.889,0.0,338.1185999999999,0.0,0.0,0.0,232.5125,84.0545,0,-10310.945900884137,33274.139975624516
09-12-2050 08:00:00,36087.7412376663,1000.1361650775233,0.0,454.148,5021.777,0.0,348.01209999999986,0.0,0.0,0.0,231.6635,81.9485,0,-8236.874600255454,35686.87334846521
09-12-2050 09:00:00,35545.93764230688,8452.637305059083,0.0,452.726,5631.139,0.0,351.6167999999999,0.0,0.0,0.0,233.204,81.65,0,-12200.0,37913.93286545937
09-12-2050 10:00:00,32807.61450699048,20914.629404674244,0.0,438.884,5647.446,0.0,355.24089999999995,0.0,0.0,0.0,232.6365,82.0385,0,-12200.0,39201.59688697385
09-12-2050 11:00:00,33112.31810005613,32703.046695118806,255.45655201727982,445.81699999999995,5596.670999999999,0.0,355.60819999999995,0.0,0.0,0.0,233.5995,82.8855,0,-12200.0,39601.53805965579
09-12-2050 12:00:00,33965.104965306746,39694.9036730958,560.4171334493878,451.37199999999996,5748.395,0.0,355.1796999999999,0.0,0.0,0.0,233.3795,83.5755,0,-12200.0,39590.18424728743
09-12-2050 13:00:00,36617.3104357695,40406.79398493687,978.1337659619444,457.741,5397.090999999999,0.0,357.1700999999999,0.0,0.0,0.0,232.0915,83.2365,0,-12200.0,39709.48175978931
09-12-2050 14:00:00,38267.45588977424,37354.354209855424,1706.495922454531,449.41,5524.649,0.0,359.6647999999999,0.0,0.0,0.0,233.1785,84.0705,0,-12200.0,39063.56492264677
09-12-2050 15:00:00,39373.39644726785,29855.099289272992,3557.986023161021,450.441,5214.738,0.0,358.3844999999999,0.0,0.0,0.0,231.451,82.976,0,-12200.0,38120.50361878744
09-12-2050 16:00:00,39336.832522525525,14428.825965700209,5621.409093457257,477.274,5112.306,0.0,361.03039999999993,0.0,0.0,0.0,233.2805,84.4215,0,-12200.0,37464.96666086426
09-12-2050 17:00:00,37863.163712213056,2523.717302994244,3831.397987780154,463.092,5959.993,0.0,364.06429999999995,0.0,0.0,0.0,236.9095,85.1345,0,-10584.901599280704,37928.744334277566
09-12-2050 18:00:00,37501.91348622701,10.712322321827353,314.00864593288526,444.031,6644.648,0.0,366.16399999999993,0.0,0.0,0.0,242.6785,85.3155,0,-5759.144407399279,40369.38446127313
09-12-2050 19:00:00,37047.86499833432,0.9296407889436288,0.0,436.189,6631.9490000000005,0.0,365.9856999999999,0.0,0.0,0.0,244.0795,85.8365,0,-4206.821181677267,41453.382907889856
09-12-2050 20:00:00,36051.249056543624,0.8152234610736436,0.0,438.02,6386.439,0.0,364.5308999999999,0.0,0.0,0.0,245.5855,87.4465,0,-2218.649909097512,42213.016840469005
09-12-2050 21:00:00,35978.59809111898,0.7723169631223994,0.0,435.30400000000003,6162.751,0.0,365.18989999999997,0.0,0.0,0.0,241.81,87.611,0,-2426.96588977419,41661.20179465903
09-12-2050 22:00:00,34520.45966435358,0.9439429549273769,0.0,431.789,5937.611,0.0,363.7210999999999,0.0,0.0,0.0,239.26,87.72200000000001,0,-3598.6401477498694,38687.20950349727
09-12-2050 23:00:00,32311.612882456135,0.8867342909923843,0.0,425.39099999999996,5338.806,0.0,359.3072999999999,0.0,0.0,0.0,240.59400000000002,87.833,0,-4421.054889057752,34943.088531801295
10-12-2050 00:00:00,32280.345324928905,0.758014797138651,0.0,422.51,3939.366,0.0,347.16639999999995,0.0,0.0,0.0,241.9595,87.6965,0,-5752.574974711348,32091.29465181251
10-12-2050 01:00:00,32093.373011703603,1.3014971045210801,0.0,417.787,3831.276,0.0,345.5251999999999,0.0,0.0,0.0,241.96599999999998,88.15299999999999,0,-7702.536098535791,29793.81869868935
10-12-2050 02:00:00,31004.701565480264,1.5303317602610504,0.0,422.47900000000004,3736.623,0.0,343.4701999999999,0.0,0.0,0.0,238.475,87.015,0,-7983.037550820241,28303.735290373126
10-12-2050 03:00:00,30183.28354286696,1.7448642500172722,0.0,416.69699999999995,3879.513,0.0,343.1112999999999,0.0,0.0,0.0,238.5655,86.4525,0,-7937.706882317725,27653.68109318928
10-12-2050 04:00:00,29404.173154780638,2.5600877110909157,0.0,420.631,4042.3990000000003,0.0,341.4454999999999,0.0,0.0,0.0,237.13,86.573,0,-7472.203531390685,27505.472250302806
10-12-2050 05:00:00,28907.762169593007,3.403915504132056,0.0,409.44199999999995,4022.9759999999997,0.0,343.59289999999993,0.0,0.0,0.0,238.34,87.17399999999999,0,-6028.3028450386155,28448.091571746612
10-12-2050 06:00:00,29455.351676866303,5.077268924230587,0.0,416.782,4651.528,0.0,351.77079999999995,0.0,0.0,0.0,237.4245,85.9985,0,-3994.175783454357,31752.990572647945
10-12-2050 07:00:00,30358.916143975155,20.46639952274358,0.0,417.42400000000004,5572.919,0.0,361.53079999999994,0.0,0.0,0.0,240.05200000000002,86.61200000000001,0,-48.91970776304879,37666.54332415186
10-12-2050 08:00:00,31134.38870852409,1398.5229985548274,0.0,417.077,6349.111,735.0733595233796,362.54259999999994,0.0,0.0,0.0,241.8675,86.0415,0,0.0,41441.67543177523
10-12-2050 09:00:00,29939.591567991505,13912.274636865175,0.042214919910313946,422.168,6366.351,0.0,360.1214999999999,0.0,0.0,0.0,240.8915,86.9055,0,-8292.109765021847,42874.00737895447
10-12-2050 10:00:00,26672.02419096679,30391.702254817243,837.7410139802103,429.537,5949.395,0.0,359.9639999999999,0.0,0.0,0.0,237.01,85.851,0,-12200.0,43291.018955229774
10-12-2050 11:00:00,24513.03078429801,41231.313853899956,3423.5737181665804,436.642,5398.564,0.0,359.24449999999996,0.0,0.0,0.0,238.07,85.20700000000001,0,-12200.0,42824.60456101529
10-12-2050 12:00:00,22744.563220644075,47103.82611332488,4820.831280638092,443.769,5538.73,0.0,359.2945999999999,0.0,0.0,0.0,235.576,84.625,0,-12200.0,42581.68114307758
10-12-2050 13:00:00,21880.592791154395,49290.02660126866,5198.500025795731,446.42800000000005,5332.504,0.0,359.00239999999997,0.0,0.0,0.0,236.317,85.119,0,-12200.0,42457.00319499062
10-12-2050 14:00:00,21676.060171967318,46883.22950519155,5853.971087243175,409.05400000000003,5244.772,0.0,362.10319999999996,0.0,0.0,0.0,235.138,84.865,0,-12200.0,41462.35911942956
10-12-2050 15:00:00,21917.063871212475,36921.727991013024,7566.278597005361,406.111,5495.589,0.0,360.87769999999995,0.0,0.0,0.0,235.797,85.43700000000001,0,-12200.0,40881.816772885126
10-12-2050 16:00:00,22810.423863479802,19305.263875187004,8612.786461582044,417.24699999999996,5756.441,0.0,362.1465999999999,0.0,0.0,0.0,235.8835,85.8845,0,-9641.347602596896,40662.10482407511
10-12-2050 17:00:00,25520.480012655364,2476.362831422054,4257.543532634803,429.995,6021.486,5104.427836398809,364.5752999999999,0.0,0.0,0.0,237.0035,86.6195,0,0.0,41286.09139639839
10-12-2050 18:00:00,27054.392362406517,9.625357707062493,1066.194088894859,443.019,6748.522,7723.905944502283,369.01839999999993,0.0,0.0,0.0,240.248,85.745,0,0.0,43562.25764980157
10-12-2050 19:00:00,28775.589321139072,1.0154537848461174,507.63441192152527,446.075,6636.238,6958.936311816804,371.14539999999994,0.0,0.0,0.0,244.1485,86.6235,0,0.0,44407.442025551885
10-12-2050 20:00:00,29929.661406989817,0.6149931373011698,265.0815537568314,438.189,6717.022,6380.0918943318575,372.2052999999999,0.0,0.0,0.0,242.787,87.24600000000001,0,0.0,45050.01481440074
10-12-2050 21:00:00,31051.88776614323,0.42906497951244404,241.84927616618864,435.44199999999995,6233.518,3512.6380128611854,372.4194999999999,0.0,0.0,0.0,239.5825,87.2175,0,0.0,44117.65796670247
10-12-2050 22:00:00,31658.560254302094,0.5434823073824291,225.08995296179398,416.327,5394.434,0.0,368.45889999999997,0.0,0.0,0.0,234.36599999999999,84.99,0,0.0,40649.21574532317
10-12-2050 23:00:00,30375.02891690523,0.47197147746368845,224.13308144382685,404.249,4861.469,0.0,363.02269999999993,0.0,0.0,0.0,234.1745,84.7395,0,0.0,36550.11052710406
11-12-2050 00:00:00,28510.458664627997,0.958245120911125,119.5245099060689,413.991,4447.369000000001,0.0,352.0471999999999,0.0,0.0,0.0,239.88299999999998,87.40299999999999,0,0.0,33461.12927385395
11-12-2050 01:00:00,28104.313813594763,1.4159144323910655,0.0,404.213,3802.52,0.0,349.9412999999999,0.0,0.0,0.0,236.794,87.15799999999999,0,0.0,30871.987334994024
11-12-2050 02:00:00,28446.05821546273,1.6304469221472873,0.0,392.772,3497.955,0.0,348.3361999999999,0.0,0.0,0.0,234.1545,86.7545,0,0.0,29429.82283534502
11-12-2050 03:00:00,28379.391511959206,2.2740443914159534,0.0,392.277,3535.1940000000004,0.0,347.20109999999994,0.0,0.0,0.0,232.4725,86.9205,0,0.0,28845.34816813694
11-12-2050 04:00:00,28776.11684775412,2.874735362733375,0.0,399.043,3785.455,0.0,346.4746999999999,0.0,0.0,0.0,233.386,86.615,0,0.0,28663.847077613216
11-12-2050 05:00:00,29891.000036426052,4.304951961108189,0.0,395.327,3632.598,0.0,346.60169999999994,0.0,0.0,0.0,231.4305,86.1325,0,0.0,29494.296631143865
11-12-2050 06:00:00,30437.71595962482,8.524090926313887,0.0,393.07300000000004,4932.532999999999,0.0,352.0980999999999,0.0,0.0,0.0,233.5895,86.1065,0,0.0,32743.499622581872
11-12-2050 07:00:00,31193.14673301479,17.46294466615647,0.0,402.48400000000004,6103.8640000000005,0.0,360.57689999999997,0.0,0.0,0.0,236.4465,85.4705,0,0.0,38749.79553637334
11-12-2050 08:00:00,32454.01130681619,1167.94347856484,0.0,423.80699999999996,6502.644,372.44901087790277,362.1004,0.0,0.0,0.0,238.0585,85.2575,0,0.0,42335.94242165486
11-12-2050 09:00:00,33778.55889358641,10230.010378357412,0.0,452.80199999999996,6415.435,0.0,360.8057999999999,0.0,0.0,0.0,240.077,85.669,0,0.0,43464.88534422159
11-12-2050 10:00:00,35533.977558890474,22241.36983215664,179.23047829922294,446.657,5904.686,0.0,359.32039999999995,0.0,0.0,0.0,238.2985,85.0225,0,-12200.0,43824.788590462784
11-12-2050 11:00:00,38876.90105782181,28171.534122662066,845.2834130041864,431.296,5404.933000000001,0.0,357.1890999999999,0.0,0.0,0.0,237.315,85.335,0,-12200.0,43475.85592359759
11-12-2050 12:00:00,45361.764635563464,30551.972326831117,1116.7675629474154,441.301,5083.776,0.0,354.77899999999994,0.0,0.0,0.0,228.0205,85.3775,0,-12200.0,43053.12347633795
11-12-2050 13:00:00,52825.7766938183,32066.128337364557,755.3515619552475,442.348,4551.5,0.0,354.2860999999999,0.0,0.0,0.0,223.78799999999998,85.43299999999999,0,-12200.0,42842.37139816841
11-12-2050 14:00:00,59281.259149208134,33274.5469456634,601.9284713611966,434.36800000000005,4262.812,0.0,356.2995999999999,0.0,0.0,0.0,220.81,86.477,0,-12200.0,41678.45311535034
11-12-2050 15:00:00,61533.240727364966,28493.361461628363,1375.9812428367127,429.64099999999996,4535.157,0.0,355.60829999999993,0.0,0.0,0.0,218.74599999999998,86.902,0,-12200.0,41386.53579102167
11-12-2050 16:00:00,63183.10342710404,16030.296699564422,2679.4653965474467,439.466,4152.827,0.0,355.9277999999999,0.0,0.0,0.0,213.8785,87.1985,0,-12200.0,41078.602440164796
11-12-2050 17:00:00,61216.653014715484,2531.25454446768,2842.1194829618867,443.805,4707.183,0.0,360.4312999999999,0.0,0.0,0.0,213.705,86.29799999999999,0,-12200.0,41691.00292591007
11-12-2050 18:00:00,57446.69883100786,4.104721637335714,518.6806492980575,430.664,6076.6269999999995,0.0,365.84779999999995,0.0,0.0,0.0,223.987,86.064,0,-12200.0,43897.33284510468
11-12-2050 19:00:00,57194.9800111578,0.7723169631223994,290.7763683422425,414.26099999999997,6344.124,0.0,367.96679999999986,0.0,0.0,0.0,231.5235,85.7245,0,-12200.0,44811.62327249847
11-12-2050 20:00:00,57813.79405188865,0.6435974692686661,249.827896029238,413.86,6435.931,0.0,367.85239999999993,0.0,0.0,0.0,230.005,87.305,0,-12200.0,45432.53464322625
11-12-2050 21:00:00,57137.576675014556,0.4147628135286959,201.47774109195836,412.371,5878.673000000001,0.0,367.0436999999999,0.0,0.0,0.0,230.52,86.745,0,-12200.0,44491.74472435102
11-12-2050 22:00:00,56066.309386874935,0.48627364344743657,0.0,394.517,5164.639,0.0,362.81489999999997,0.0,0.0,0.0,231.8595,86.6255,0,-12200.0,40873.558393701685
11-12-2050 23:00:00,55063.3335842132,0.5720866393499253,0.0,394.876,4447.883,0.0,354.70179999999993,0.0,0.0,0.0,233.122,86.98200000000001,0,-12200.0,36735.05526759257
12-12-2050 00:00:00,54801.09377355261,1.816375079936013,0.0,393.088,3868.472,0.0,344.6500999999999,0.0,0.0,0.0,234.17700000000002,87.853,0,-12200.0,33658.669735047464
12-12-2050 01:00:00,56251.538752164124,2.660202872977153,0.0,393.70099999999996,3550.158,0.0,339.63909999999987,0.0,0.0,0.0,229.6235,87.1625,0,-12200.0,31159.33932335087
12-12-2050 02:00:00,58108.29739032569,2.9033396947008714,0.0,396.532,3435.447,0.0,338.74089999999995,0.0,0.0,0.0,230.8015,87.0405,0,-12200.0,29611.93437517329
12-12-2050 03:00:00,57625.471270528826,3.003454856587108,0.0,377.656,3457.558,0.0,338.33489999999995,0.0,0.0,0.0,234.3935,87.6985,0,-12200.0,28826.646009041076
12-12-2050 04:00:00,59384.14794020744,3.8758869815957446,0.0,364.208,3339.295,0.0,337.56009999999986,0.0,0.0,0.0,240.023,88.215,0,-12200.0,28719.261790169476
12-12-2050 05:00:00,59205.56963048081,5.434823073824291,0.0,363.264,3610.945,0.0,335.60639999999995,0.0,0.0,0.0,239.6585,87.1405,0,-12200.0,29621.572004060185
12-12-2050 06:00:00,58036.65505578903,9.553846877143753,0.0,363.89,4160.412,0.0,338.06049999999993,0.0,0.0,0.0,237.5195,83.5475,0,-12200.0,32996.659446640246
12-12-2050 07:00:00,59173.42848887905,17.53445549607521,0.0,376.599,5324.133000000001,0.0,347.7184999999999,0.0,0.0,0.0,242.2185,83.4915,0,-12200.0,38759.817565459736
12-12-2050 08:00:00,61820.67520916034,907.6583598266078,0.0,386.82300000000004,5341.857,0.0,353.8347999999999,0.0,0.0,0.0,243.775,82.87,0,-12200.0,42359.48304318008
12-12-2050 09:00:00,62191.589722734105,10593.728761490114,0.0,392.31,5168.7029999999995,0.0,352.90569999999997,0.0,0.0,0.0,244.8615,83.1025,0,-12200.0,43670.16983534384
12-12-2050 10:00:00,62648.61346073565,21159.267953826256,104.69300137757861,391.0,5093.44,0.0,350.64189999999996,0.0,0.0,0.0,244.09400000000002,83.445,0,-12200.0,44205.254134821655
12-12-2050 11:00:00,65815.49499790552,29113.18873103204,1391.8540527229914,385.965,5090.145,0.0,349.3506999999999,0.0,0.0,0.0,239.2365,82.9945,0,-12200.0,44209.107863541714
12-12-2050 12:00:00,68987.3437256827,32908.912072288884,2391.123421920033,388.045,4445.548,0.0,351.1916999999999,0.0,0.0,0.0,240.7895,83.3895,0,-12200.0,44001.75975029618
12-12-2050 13:00:00,70363.12469730653,26626.38531844185,2062.3114107385973,399.01099999999997,4634.295999999999,0.0,353.7872999999999,0.0,0.0,0.0,240.957,84.725,0,-12200.0,44142.7918258964
12-12-2050 14:00:00,72792.18640960325,19496.827086373323,1902.3309359184773,398.69599999999997,4218.221,0.0,355.2844999999999,0.0,0.0,0.0,238.92,86.28299999999999,0,-12200.0,43330.828109082184
12-12-2050 15:00:00,75011.87913870612,10659.189775197727,1210.864619427505,399.532,4216.325,0.0,354.7692999999999,0.0,0.0,0.0,238.2025,85.9765,0,-12200.0,42891.26609195727
12-12-2050 16:00:00,75689.04184327439,4714.39436889093,467.9946021257404,405.10400000000004,4333.843,0.0,355.6095999999999,0.0,0.0,0.0,239.843,86.046,0,-12200.0,42879.72786086977
12-12-2050 17:00:00,74627.65407358143,631.0258653689515,76.73265275698064,407.12699999999995,5025.794,0.0,358.4625999999999,0.0,0.0,0.0,242.37,86.604,0,-12200.0,43782.47499927865
12-12-2050 18:00:00,73234.81500133335,3.7757718197095076,0.0,405.31800000000004,5241.934,0.0,360.1387999999999,0.0,0.0,0.0,238.3675,86.7315,0,-12200.0,45579.304708847994
12-12-2050 19:00:00,71583.93945049337,1.3157992705048283,0.0,413.776,5319.593000000001,0.0,362.1488999999999,0.0,0.0,0.0,237.78799999999998,85.041,0,-12200.0,45992.99947166163
12-12-2050 20:00:00,70610.86807658557,1.3444036024723245,0.0,405.13599999999997,5451.523,0.0,359.23189999999994,0.0,0.0,0.0,241.0245,86.4265,0,-12200.0,46145.848351773246
12-12-2050 21:00:00,71246.21691153855,1.4159144323910655,0.0,399.18800000000005,5196.41,0.0,353.57869999999997,0.0,0.0,0.0,239.6205,86.5555,0,-12200.0,45011.47091302663
12-12-2050 22:00:00,72114.5299401233,1.2013819426348433,0.0,403.87199999999996,4576.942,0.0,347.53329999999994,0.0,0.0,0.0,238.7525,86.7775,0,-12200.0,41470.926808490076
12-12-2050 23:00:00,71408.09161852623,1.3301014364885766,0.0,402.61300000000006,4485.566,0.0,341.76269999999994,0.0,0.0,0.0,231.54,86.8,0,-12200.0,37401.73399526401
13-12-2050 00:00:00,71661.40567886019,1.2013819426348433,0.0,396.395,4311.956,0.0,318.91049999999996,0.0,0.0,0.0,229.1175,84.5515,0,-12200.0,34370.26025687049
13-12-2050 01:00:00,72393.35096734815,1.2156841086185914,0.0,383.78,3827.772,0.0,313.0275999999999,0.0,0.0,0.0,227.092,82.594,0,-12200.0,31826.726934790895
13-12-2050 02:00:00,71042.11897428228,1.7448642500172722,0.0,385.959,3493.718,0.0,312.3453999999999,0.0,0.0,0.0,226.2695,81.8465,0,-12200.0,30096.118330024095
13-12-2050 03:00:00,70099.64414404736,2.0738140676434793,0.0,382.162,3314.397,0.0,308.8107999999999,0.0,0.0,0.0,223.639,82.38799999999999,0,-12200.0,29170.169449213176
13-12-2050 04:00:00,69325.80902211153,1.7591664160010205,0.0,378.639,3352.718,0.0,305.40829999999994,0.0,0.0,0.0,223.946,83.63600000000001,0,-12200.0,29104.891836802966
13-12-2050 05:00:00,69471.96765618367,2.4027638852696867,0.0,383.476,3517.405,0.0,307.8684999999999,0.0,0.0,0.0,220.56099999999998,83.09700000000001,0,-12200.0,29873.551781757335
13-12-2050 06:00:00,69740.92182560061,4.3764627910269285,0.0,391.93800000000005,3895.696,0.0,309.3032999999999,0.0,0.0,0.0,220.426,81.233,0,-12200.0,33190.285095276355
13-12-2050 07:00:00,68575.96159041526,12.113934588234669,0.0,405.256,4781.170999999999,0.0,319.37949999999995,0.0,0.0,0.0,220.6265,82.1075,0,-12200.0,38662.63162394402
13-12-2050 08:00:00,68879.25985257841,410.01449442209156,0.0,410.87,5284.679,0.0,326.94019999999995,0.0,0.0,0.0,222.7475,85.2645,0,-12200.0,41906.04449011076
13-12-2050 09:00:00,67958.05067524937,5993.823231299087,0.0,419.273,5569.851,0.0,329.69789999999995,0.0,0.0,0.0,224.6065,86.6675,0,-12200.0,42902.47633785443
13-12-2050 10:00:00,67309.05367171182,16108.615360491427,0.0,421.69800000000004,5661.41,0.0,331.36539999999997,0.0,0.0,0.0,224.7145,85.8145,0,-12200.0,43268.54749539288
13-12-2050 11:00:00,67750.42463999163,24680.775866676693,0.0,422.79400000000004,5210.179,0.0,333.1414999999999,0.0,0.0,0.0,223.7165,84.9935,0,-12200.0,43214.34901261744
13-12-2050 12:00:00,68305.55566775367,27870.58794603204,0.0,416.18699999999995,5294.626,0.0,335.75569999999993,0.0,0.0,0.0,223.2405,84.2475,0,-12200.0,42835.049119065814
13-12-2050 13:00:00,69857.74153945013,26539.656983916404,0.0,385.977,5158.815,0.0,334.63589999999994,0.0,0.0,0.0,224.268,85.93,0,-12200.0,42973.94987453187
13-12-2050 14:00:00,71984.00719492124,24148.806802911182,80.43349406911818,370.23,4724.219,0.0,335.72549999999995,0.0,0.0,0.0,227.3015,85.7785,0,-12200.0,41449.49143947415
13-12-2050 15:00:00,72027.54291140806,18676.111593561924,27.93220534065773,377.27,4920.998,0.0,335.0970999999999,0.0,0.0,0.0,227.702,87.053,0,-12200.0,40453.48873486811
13-12-2050 16:00:00,72033.37946587698,9436.712137736857,108.68934712908832,372.088,4919.6320000000005,0.0,336.3479999999999,0.0,0.0,0.0,232.637,87.45100000000001,0,-12200.0,40206.748549767915
13-12-2050 17:00:00,71653.09185940701,1605.1606926880208,123.53492729754872,373.327,5417.384,0.0,342.3614999999999,0.0,0.0,0.0,230.255,88.25299999999999,0,-12200.0,40721.04450202298
13-12-2050 18:00:00,71408.96098238784,4.533786616848158,0.0,374.12699999999995,5570.884,0.0,346.3332,0.0,0.0,0.0,236.02900000000002,87.338,0,-12200.0,42319.29415795662
13-12-2050 19:00:00,71041.57456681553,1.4302165983748136,0.0,378.441,5682.408,0.0,347.0385999999999,0.0,0.0,0.0,236.657,86.95200000000001,0,-12200.0,42715.17656254084
13-12-2050 20:00:00,70255.901747638,1.5303317602610504,0.0,400.56800000000004,5787.96,0.0,346.0580999999999,0.0,0.0,0.0,236.3675,85.0355,0,-12200.0,42456.95144880995
13-12-2050 21:00:00,68964.97659720459,1.5446339262447988,0.0,399.154,6001.831999999999,0.0,346.2238999999999,0.0,0.0,0.0,234.545,83.758,0,-12200.0,41622.24431290842
13-12-2050 22:00:00,68469.27460778759,1.6161447561635391,0.0,396.293,5640.481,0.0,344.12799999999993,0.0,0.0,0.0,228.2905,84.9605,0,-12200.0,38723.809226939615
13-12-2050 23:00:00,67496.4733275067,1.3301014364885766,0.0,390.634,5029.484,0.0,334.37219999999996,0.0,0.0,0.0,221.43599999999998,84.947,0,-12200.0,35646.13393056743
14-12-2050 00:00:00,65344.253362575146,3.2608938442945745,0.0,374.459,5223.965,0.0,322.9469999999999,0.0,0.0,0.0,219.6495,84.7365,0,-12200.0,33203.16016754331
14-12-2050 01:00:00,63595.90777412568,1.487425262309806,0.0,380.994,4952.271,0.0,319.08239999999995,0.0,0.0,0.0,219.7375,84.3515,0,-12200.0,30903.148262497165
14-12-2050 02:00:00,63048.879555170795,2.245440059448457,0.0,383.191,4822.157999999999,0.0,320.1814999999999,0.0,0.0,0.0,218.907,84.213,0,-12200.0,29198.172303417876
14-12-2050 03:00:00,61316.363985385724,2.3026487233834496,0.0,382.341,4938.679,0.0,319.9792999999999,0.0,0.0,0.0,217.796,84.287,0,-12200.0,28145.27953650228
14-12-2050 04:00:00,59400.48860463522,3.0892678524895976,0.0,384.73400000000004,4853.873,0.0,318.5150999999999,0.0,0.0,0.0,219.46599999999998,84.258,0,-12200.0,27636.115015654494
14-12-2050 05:00:00,57731.92192123295,3.4754263340507965,0.0,381.58,4737.351,0.0,317.7625999999999,0.0,0.0,0.0,220.054,83.355,0,-12200.0,27615.249632764215
14-12-2050 06:00:00,55916.91806970578,4.805527770539373,0.0,379.069,4804.071,0.0,315.05789999999996,0.0,0.0,0.0,218.7515,82.6635,0,-12200.0,28251.40939682834
14-12-2050 07:00:00,55172.155994578585,13.858798838251943,0.0,378.101,5055.516,0.0,315.20789999999994,0.0,0.0,0.0,222.1035,83.6245,0,-12200.0,30197.491432416653
14-12-2050 08:00:00,52582.65022747417,809.2308535264532,0.0,384.33099999999996,5065.814,0.0,316.34469999999993,0.0,0.0,0.0,223.0855,84.0165,0,-12200.0,32183.815655685226
14-12-2050 09:00:00,51436.25892913855,8057.039393948609,14.156069809925278,393.327,5461.475,0.0,317.76949999999994,0.0,0.0,0.0,222.21,82.87100000000001,0,-12200.0,35094.32510986189
14-12-2050 10:00:00,50858.78609417592,18223.819896491874,119.89037254529161,394.68199999999996,5577.814,0.0,318.50169999999997,0.0,0.0,0.0,222.813,83.45299999999999,0,-12200.0,37182.250429973275
14-12-2050 11:00:00,51656.23752761429,25387.274261941882,68.43038517461892,395.728,5364.205,0.0,318.3238999999999,0.0,0.0,0.0,218.0375,79.7825,0,-12200.0,37472.84141798631
14-12-2050 12:00:00,50936.070853387166,29060.37083205406,57.94701339689096,396.191,5107.401,0.0,317.8194,0.0,0.0,0.0,221.2855,81.8635,0,-12200.0,37175.61330142855
14-12-2050 13:00:00,49920.22340131822,28942.664006007813,191.17730063384172,396.164,5001.295,0.0,314.90219999999994,0.0,0.0,0.0,222.84400000000002,83.79799999999999,0,-12200.0,37111.545304625695
14-12-2050 14:00:00,50225.80901888422,27855.05579377369,641.8356423164132,401.24800000000005,4900.197,0.0,310.1775999999999,0.0,0.0,0.0,224.4955,83.0575,0,-12200.0,36648.239571943064
14-12-2050 15:00:00,50280.77307195948,19299.986375939,1106.9877731681927,408.236,5027.905,0.0,311.65239999999994,0.0,0.0,0.0,227.861,84.08,0,-12200.0,35252.61434218884
14-12-2050 16:00:00,49532.39849457243,9391.088228248698,982.4396877927963,429.126,5104.937,0.0,310.9712999999999,0.0,0.0,0.0,228.333,84.156,0,-12200.0,34347.64873218359
14-12-2050 17:00:00,49064.59633277217,1125.6662759168807,451.249350561316,438.275,5542.781,0.0,312.7304999999999,0.0,0.0,0.0,230.155,85.04,0,-12200.0,34787.11776181084
14-12-2050 18:00:00,49415.722267962185,5.492031737759284,0.0,440.592,5787.491999999999,0.0,311.1655999999999,0.0,0.0,0.0,229.7845,84.4675,0,-12200.0,37320.36682227939
14-12-2050 19:00:00,50296.23593209982,0.6435974692686661,0.0,445.926,5769.694,0.0,312.1800999999999,0.0,0.0,0.0,230.52599999999998,84.434,0,-12200.0,37917.40180491097
14-12-2050 20:00:00,51386.16500177343,0.42906497951244404,0.0,450.309,5310.289000000001,0.0,312.47619999999995,0.0,0.0,0.0,227.611,83.696,0,-12200.0,38337.338791206144
14-12-2050 21:00:00,51665.85961307279,0.4147628135286959,0.0,441.76300000000003,5168.387,0.0,312.94409999999993,0.0,0.0,0.0,228.7115,85.9105,0,-12200.0,37979.79836117054
14-12-2050 22:00:00,50597.67308036507,0.44336714549619216,0.0,424.50699999999995,4988.985,0.0,311.80339999999995,0.0,0.0,0.0,227.6705,84.5065,0,-12200.0,36289.484857471834
14-12-2050 23:00:00,49662.30086847518,0.34325198360995524,0.0,423.151,4716.46,0.0,310.6337999999999,0.0,0.0,0.0,226.6995,84.2945,0,-12200.0,33836.37895882651
15-12-2050 00:00:00,47880.48055114112,0.8009212950898954,0.0,413.647,4210.137,0.0,304.58129999999994,0.0,0.0,0.0,228.452,84.285,0,-12200.0,31176.30623458288
15-12-2050 01:00:00,45126.78318015572,1.07266244878111,0.0,413.66900000000004,3982.01,0.0,303.91509999999994,0.0,0.0,0.0,231.81799999999998,86.241,0,-12200.0,28720.28815426472
15-12-2050 02:00:00,43853.03429630834,1.3444036024723245,0.0,416.051,3955.73,0.0,301.4587999999999,0.0,0.0,0.0,234.65599999999998,88.698,0,-12200.0,26981.523106399767
15-12-2050 03:00:00,42938.965719240616,1.5446339262447988,0.0,413.686,3917.3909999999996,0.0,301.9837999999999,0.0,0.0,0.0,236.2,91.679,0,-12200.0,25920.319825051003
15-12-2050 04:00:00,38216.89351877496,1.9307924078059981,0.0,412.445,3907.447,0.0,298.9939999999999,0.0,0.0,0.0,236.8785,91.5065,0,-12200.0,25394.07867550534
15-12-2050 05:00:00,36795.70727634055,2.5743898770746645,39.51316503605386,413.73,3983.969,0.0,297.3204999999999,0.0,0.0,0.0,237.5285,91.5105,0,-12200.0,25282.438430538987
15-12-2050 06:00:00,36654.811247780155,3.246591678310826,133.6665080760241,418.85400000000004,4075.9120000000003,0.0,296.45129999999995,0.0,0.0,0.0,235.525,91.03399999999999,0,-12200.0,26168.68242799697
15-12-2050 07:00:00,35714.33679846951,14.159144323910654,207.7959074385354,408.369,4258.938,0.0,301.2099999999999,0.0,0.0,0.0,238.2325,91.2415,0,-12200.0,27391.283992273588
15-12-2050 08:00:00,34724.31704947339,736.6044546609802,212.22847402911836,399.085,4484.2,0.0,302.63769999999994,0.0,0.0,0.0,238.035,92.01100000000001,0,-12200.0,28557.17913482176
15-12-2050 09:00:00,35752.217429643,9463.113936142856,207.14861199991054,398.836,4630.539000000001,0.0,302.7245999999999,0.0,0.0,0.0,236.4845,91.1555,0,-12200.0,30842.61456874254
15-12-2050 10:00:00,35654.426655851545,23571.085110163658,207.40190151937247,397.908,4817.719,0.0,304.9094999999999,0.0,0.0,0.0,233.9425,91.5735,0,-12200.0,33488.90257733227
15-12-2050 11:00:00,35481.651138890455,37272.788957250115,834.8563277863386,398.44300000000004,4673.416,0.0,307.7774999999999,0.0,0.0,0.0,235.6615,92.1015,0,-12200.0,34535.509155966174
15-12-2050 12:00:00,36317.050726909045,42146.080390220486,1790.2221802766542,403.57300000000004,4650.651,0.0,307.8497,0.0,0.0,0.0,234.035,90.618,0,-12200.0,34470.18135365139
15-12-2050 13:00:00,35575.68592318276,42012.855714081874,2155.7752434200324,399.731,4592.693,0.0,308.0195999999999,0.0,0.0,0.0,229.9755,88.8705,0,-12200.0,34904.57497781142
15-12-2050 14:00:00,32672.55503289899,37378.03859672452,2281.237985393486,394.579,4818.857,0.0,308.15399999999994,0.0,0.0,0.0,229.8485,88.4255,0,-12200.0,34929.297591042996
15-12-2050 15:00:00,28356.463095162682,26751.0429971562,2223.6146197159073,403.58,5075.101,0.0,309.1791999999999,0.0,0.0,0.0,230.0475,90.0395,0,-12200.0,33489.77603729962
15-12-2050 16:00:00,24285.789199386265,11327.84463926992,2171.985772665593,401.671,5777.675,0.0,311.0045999999999,0.0,0.0,0.0,233.0305,91.8985,0,-10437.872239590039,32775.4480257972
15-12-2050 17:00:00,22749.251877198632,1082.2448999902213,602.8571995992233,403.402,6345.439,1068.8031576636022,318.09579999999994,0.0,0.0,0.0,245.7205,94.7415,0,0.0,33008.01209180154
15-12-2050 18:00:00,22293.570166905763,3.346706840197063,12.481544653482826,410.034,6337.64,5397.476848875085,326.74459999999993,0.0,0.0,0.0,248.05700000000002,94.8,0,0.0,35841.43568857517
15-12-2050 19:00:00,23469.29194503815,0.8009212950898954,0.0,414.157,6115.669,5733.225285764609,328.8880999999999,0.0,0.0,0.0,245.415,92.31299999999999,0,0.0,37170.42623315033
15-12-2050 20:00:00,24787.682241157494,0.7723169631223994,0.0,418.978,5927.081999999999,5931.800013852942,330.6470999999999,0.0,0.0,0.0,249.949,96.82600000000001,0,0.0,38527.18541237552
15-12-2050 21:00:00,25198.992632805304,0.6006909713174217,0.0,411.971,5830.569,5686.965159483414,331.5279,0.0,0.0,0.0,249.2055,95.9885,0,0.0,38555.41392661633
15-12-2050 22:00:00,26884.136312558905,0.6722018012361622,0.0,398.51099999999997,5673.064,2644.5961989055395,332.1237999999999,0.0,0.0,0.0,246.074,96.066,0,0.0,36943.988448057244
15-12-2050 23:00:00,29296.545064671733,0.47197147746368845,0.0,389.353,5636.746,0.0,330.2039,0.0,0.0,0.0,247.392,96.495,0,0.0,33902.48139757561
16-12-2050 00:00:00,31217.82653817327,0.5720866393499253,0.0,389.29400000000004,4947.6990000000005,0.0,327.81219999999996,0.0,0.0,0.0,245.3645,95.4805,0,0.0,30813.198226759923
16-12-2050 01:00:00,33596.53689011673,1.1298711127161027,0.0,399.756,4588.48,0.0,323.5822999999999,0.0,0.0,0.0,236.801,95.50399999999999,0,0.0,28449.88868158587
16-12-2050 02:00:00,35974.82522076814,1.6161447561635391,0.0,399.605,4533.733,0.0,323.6551999999999,0.0,0.0,0.0,233.274,94.634,0,-1784.4081924006714,27066.83777374012
16-12-2050 03:00:00,37220.23959506797,1.701957752066028,0.0,398.034,4532.867,0.0,324.05339999999995,0.0,0.0,0.0,230.453,94.742,0,-12200.0,26472.561290515434
16-12-2050 04:00:00,37824.1520639769,2.674505038960901,0.0,404.00699999999995,4582.393,0.0,323.06589999999994,0.0,0.0,0.0,232.0355,94.9735,0,-12200.0,26476.98228187798
16-12-2050 05:00:00,39261.55236445147,3.3896133381483073,0.0,413.43,4810.563,0.0,322.13239999999996,0.0,0.0,0.0,231.1065,94.6525,0,-12200.0,27553.248759705897
16-12-2050 06:00:00,40870.584504185696,4.333556293075684,0.11257311976083721,411.705,5036.028,0.0,333.41099999999994,0.0,0.0,0.0,230.8685,94.2985,0,-12200.0,31185.671126081314
16-12-2050 07:00:00,42676.79765219966,9.496638213208762,0.19700295958146508,430.171,5542.9619999999995,0.0,345.0001999999999,0.0,0.0,0.0,227.748,93.333,0,-12200.0,37241.30099259404
16-12-2050 08:00:00,44227.70901959417,290.99186910533956,0.11257311976083721,424.10400000000004,6212.664000000001,0.0,355.36869999999993,0.0,0.0,0.0,233.6835,94.0415,0,-11504.250470568048,41044.113027129104
16-12-2050 09:00:00,46076.027231914944,4700.893124202273,0.0,453.50699999999995,6285.5419999999995,0.0,360.0930999999999,0.0,0.0,0.0,235.9865,91.6285,0,-12200.0,42226.48952276264
16-12-2050 10:00:00,45081.715526378786,14002.907462704188,0.0,432.407,6336.445,0.0,359.27139999999997,0.0,0.0,0.0,233.6095,90.3605,0,-12200.0,42953.52997567839
16-12-2050 11:00:00,45316.94597434885,21554.851562770746,0.0,419.129,6245.003000000001,0.0,357.24089999999995,0.0,0.0,0.0,227.7535,90.1225,0,-12200.0,43193.31321749304
16-12-2050 12:00:00,45747.99852203827,26088.566668788986,49.926178613931306,425.16900000000004,6117.014,0.0,357.1001999999999,0.0,0.0,0.0,227.1185,90.1785,0,-12200.0,43093.73022169723
16-12-2050 13:00:00,46636.85132690661,26440.657390976903,341.9267796335729,456.00699999999995,6086.563,0.0,357.3139999999999,0.0,0.0,0.0,232.3825,91.5635,0,-12200.0,43044.84875625531
16-12-2050 14:00:00,48239.06782277439,22712.08271901376,574.4747017795223,461.866,5868.689,0.0,360.8639999999999,0.0,0.0,0.0,232.8435,90.9535,0,-12200.0,41717.274422941235
16-12-2050 15:00:00,48595.69691561261,15072.323319806987,1120.763908698925,461.695,5953.37,0.0,360.5906999999999,0.0,0.0,0.0,234.03400000000002,89.95299999999999,0,-12200.0,40968.946058171045
16-12-2050 16:00:00,47910.92094693595,8534.588716145961,759.2212629470263,461.569,6022.339,0.0,362.08149999999995,0.0,0.0,0.0,229.38299999999998,90.319,0,-12200.0,40762.64920943852
16-12-2050 17:00:00,49588.43870194238,1258.461887075982,182.1714510529748,476.541,6322.319,0.0,360.93389999999994,0.0,0.0,0.0,232.7445,90.9855,0,-12200.0,41409.89393917283
16-12-2050 18:00:00,50340.55238797692,4.347858459059433,0.0,486.871,6849.504,0.0,363.85639999999995,0.0,0.0,0.0,231.8425,91.1805,0,-12200.0,43204.407131750864
16-12-2050 19:00:00,50685.6518591166,2.5457855451071683,0.0,486.974,7003.575,0.0,364.8475999999999,0.0,0.0,0.0,222.0275,90.3735,0,-12200.0,43730.184121946375
16-12-2050 20:00:00,52069.75509061946,2.517181213139672,0.0,484.67699999999996,7043.6269999999995,0.0,361.56699999999995,0.0,0.0,0.0,221.3625,91.0085,0,-12200.0,44238.52731807654
16-12-2050 21:00:00,50879.43981620836,2.3455552213346937,0.0,473.12,6211.565,0.0,357.3480999999999,0.0,0.0,0.0,224.33900000000003,93.492,0,-12200.0,43188.130039905074
16-12-2050 22:00:00,45494.621158510505,1.8735837438710057,0.0,460.642,5984.2080000000005,0.0,352.92869999999994,0.0,0.0,0.0,224.765,94.1,0,-12200.0,39616.95375267407
16-12-2050 23:00:00,43902.36858534778,1.816375079936013,0.0,455.458,5434.505999999999,0.0,346.4787999999999,0.0,0.0,0.0,223.207,94.463,0,-12200.0,35707.76635525647
17-12-2050 00:00:00,37799.34987264372,1.8878859098547538,0.0,458.17199999999997,5838.767,0.0,336.6994999999999,0.0,0.0,0.0,225.167,92.992,0,-12200.0,32902.92727088406
17-12-2050 01:00:00,34425.234780017716,1.68765558608228,0.0,454.536,5773.119000000001,0.0,332.2145999999999,0.0,0.0,0.0,228.7715,92.7025,0,-11241.815819989486,30544.168277058812
17-12-2050 02:00:00,31922.720261841478,1.5732382582122948,0.0,455.676,5472.831,0.0,332.44679999999994,0.0,0.0,0.0,231.1825,93.2985,0,-9760.632639269254,29202.82751433516
17-12-2050 03:00:00,27882.575386331213,2.7174115369121457,0.0,443.594,5022.214,0.0,331.87319999999994,0.0,0.0,0.0,233.9305,94.9775,0,-5902.121904823845,28552.864359303778
17-12-2050 04:00:00,21823.189455011146,2.917641860684619,0.0,435.69,5197.987,0.0,331.2758999999999,0.0,0.0,0.0,239.87,94.985,0,-174.6556320159325,28394.6922367542
17-12-2050 05:00:00,18631.011961596414,3.361009006180811,0.0,441.173,5308.224,3840.3588210079797,329.3980999999999,0.0,0.0,0.0,239.6535,95.1455,0,0.0,29353.216310984197
17-12-2050 06:00:00,16264.26169306937,6.035514045141713,0.0,438.81199999999995,5507.706,9105.588809072258,328.30119999999994,0.0,0.0,0.0,237.982,93.93,0,0.0,32524.21020273602
17-12-2050 07:00:00,15132.328844199033,16.01842590179791,0.0,448.689,6587.145,10000.0,336.4984999999999,0.0,0.0,0.0,239.3445,92.9205,0,0.0,37971.98780043807
17-12-2050 08:00:00,13855.283974060823,281.6096482200008,0.0,456.459,7329.472,6734.052369919766,342.0994999999999,0.0,0.0,0.0,237.64700000000002,90.766,0,0.0,41456.46200017567
17-12-2050 09:00:00,12184.286448016395,4987.594343512487,0.0,446.405,7528.879,0.0,343.99639999999994,0.0,0.0,0.0,235.577,90.757,0,0.0,42540.4460512384
17-12-2050 10:00:00,11798.921925403192,18321.046020849393,3.7008413121375234,428.59,7297.618,0.0,343.3356999999999,0.0,0.0,0.0,234.7035,90.9065,0,0.0,43069.310304169274
17-12-2050 11:00:00,11224.563607575814,28232.747393072506,415.5918148770708,431.37800000000004,7112.215,0.0,341.5791999999999,0.0,0.0,0.0,239.2465,94.1165,0,0.0,43130.39569780525
17-12-2050 12:00:00,11274.205972158454,32698.26977168024,1331.4022874114214,440.606,7072.767,0.0,348.2942999999999,0.0,0.0,0.0,241.75799999999998,94.788,0,0.0,42867.28698963777
17-12-2050 13:00:00,12076.000004691909,33887.10871474734,2162.023051566759,443.981,6819.73,0.0,352.91829999999993,0.0,0.0,0.0,234.18599999999998,94.07700000000001,0,0.0,42912.15559712726
17-12-2050 14:00:00,13236.566998227143,31133.998971539753,2569.3125988614674,430.517,6095.735,0.0,352.82879999999994,0.0,0.0,0.0,235.2575,94.5635,0,0.0,41618.55477131809
17-12-2050 15:00:00,15138.216041222991,24948.040442414993,3151.062338505534,445.80699999999996,6034.802,0.0,354.20039999999995,0.0,0.0,0.0,232.9205,92.1415,0,0.0,40917.141906192475
17-12-2050 16:00:00,15642.755156495308,13844.339348442372,3936.780499516268,464.343,6340.3730000000005,2649.5280132172065,354.89789999999994,0.0,0.0,0.0,233.5545,92.1575,0,0.0,40623.023229304665
17-12-2050 17:00:00,15967.475219442393,2784.7604365296156,2932.3046235302877,495.827,6781.868,10000.0,359.0836999999999,0.0,0.0,0.0,236.53400000000002,94.83200000000001,0,0.0,40863.870185841195
17-12-2050 18:00:00,18278.822532750455,10.81243748371359,274.2562630173396,507.616,7243.165,10000.0,363.4787999999999,0.0,0.0,0.0,245.563,95.69200000000001,0,0.0,42873.44750862347
17-12-2050 19:00:00,20903.52487561098,1.6447490881310354,0.0,473.889,7132.983,7030.471986782795,364.22149999999993,0.0,0.0,0.0,247.5605,94.5745,0,0.0,43689.11983141038
17-12-2050 20:00:00,23539.38124122011,1.3587057684560728,0.0,495.004,7244.179,0.0,363.80039999999997,0.0,0.0,0.0,248.278,95.07799999999999,0,0.0,44342.04263453599
17-12-2050 21:00:00,25315.263718975184,0.8581299590248881,0.0,495.69800000000004,6825.210999999999,0.0,360.0275999999999,0.0,0.0,0.0,246.7285,94.0695,0,0.0,43591.09816962308
17-12-2050 22:00:00,25166.49277310532,0.743712631154903,0.0,489.99699999999996,6605.851,0.0,353.37669999999997,0.0,0.0,0.0,247.4375,94.4665,0,0.0,40441.116728854024
17-12-2050 23:00:00,25094.833557716967,0.743712631154903,0.0,477.04699999999997,6368.056,0.0,346.2492999999999,0.0,0.0,0.0,247.5675,94.6405,0,0.0,36237.75346140148
18-12-2050 00:00:00,26243.870929553676,0.5005758094311847,0.0,465.96,6375.628000000001,0.0,327.70589999999993,0.0,0.0,0.0,249.296,95.023,0,0.0,33163.20394559842
18-12-2050 01:00:00,28419.51729640635,0.84382779304114,0.0,451.231,5965.073,0.0,322.36389999999994,0.0,0.0,0.0,251.58599999999998,95.20299999999999,0,0.0,30706.224475712654
18-12-2050 02:00:00,29185.09768186987,1.2156841086185914,0.0,453.829,5621.521,0.0,321.88399999999996,0.0,0.0,0.0,251.472,95.777,0,0.0,29298.955577164328
18-12-2050 03:00:00,28981.18121376917,1.373007934439821,0.0,451.168,5495.2480000000005,0.0,322.2684999999999,0.0,0.0,0.0,248.1135,92.7195,0,0.0,28718.154110647418
18-12-2050 04:00:00,29160.97494481688,1.7448642500172722,0.0,446.406,5466.751,0.0,321.8092999999999,0.0,0.0,0.0,246.8455,91.3615,0,0.0,28484.271489707982
18-12-2050 05:00:00,30532.86065991519,3.318102508229567,0.0,448.046,5234.254,0.0,321.3922999999999,0.0,0.0,0.0,246.19400000000002,90.98299999999999,0,0.0,29274.857808791327
18-12-2050 06:00:00,30763.81181198396,7.494334975484023,0.0,446.168,5872.0740000000005,0.0,325.82269999999994,0.0,0.0,0.0,247.528,90.43299999999999,0,0.0,32584.019839029956
18-12-2050 07:00:00,30456.694257127845,18.692930940758814,0.0,455.374,6868.349,0.0,337.8084999999999,0.0,0.0,0.0,248.5485,90.8875,0,0.0,38186.4753303432
18-12-2050 08:00:00,30146.97705111278,894.0569999760634,0.11257311976083721,467.277,7607.9,1202.659501562237,345.0672999999999,0.0,0.0,0.0,236.35299999999998,89.275,0,0.0,41708.248410566
18-12-2050 09:00:00,31495.124068533856,10053.1354916364,0.0,484.283,7774.3240000000005,0.0,344.50909999999993,0.0,0.0,0.0,238.2565,90.5345,0,0.0,42658.84675963129
18-12-2050 10:00:00,32336.63874507409,27047.197948181674,5.065790389237674,479.519,7352.232,0.0,343.5299999999999,0.0,0.0,0.0,235.1055,90.9265,0,-347.5885613470491,43035.070284380374
18-12-2050 11:00:00,33175.34275980935,38116.98860660682,565.0607746395224,427.381,7112.953,0.0,343.8210999999999,0.0,0.0,0.0,235.68599999999998,90.319,0,-12200.0,43031.195935001844
18-12-2050 12:00:00,33840.178222437135,44562.531448336624,1129.080247921257,390.358,6920.682,0.0,343.4535999999999,0.0,0.0,0.0,240.5765,90.9855,0,-12200.0,42754.955758078104
18-12-2050 13:00:00,34030.20596981681,42719.48282884092,1670.8524584102558,414.91,6949.182,0.0,343.4224999999999,0.0,0.0,0.0,239.0505,89.5685,0,-12200.0,42684.330391881216
18-12-2050 14:00:00,34120.172468853845,38046.993806282364,1892.8044356587166,409.045,6862.358,0.0,346.45959999999985,0.0,0.0,0.0,238.748,90.67200000000001,0,-12200.0,41617.57315016103
18-12-2050 15:00:00,35338.36646981711,29311.345240736868,2256.2467528065795,424.384,6859.404,0.0,349.5690999999999,0.0,0.0,0.0,237.893,90.29299999999999,0,-12200.0,41033.80892299765
18-12-2050 16:00:00,36492.041855653326,14408.416774841398,2045.8053770536646,445.964,7066.371,0.0,351.2387999999999,0.0,0.0,0.0,236.3575,91.2855,0,-12200.0,40798.71668645085
18-12-2050 17:00:00,37961.86605199532,1615.1293023786932,449.26524932553116,465.472,7329.573,0.0,353.2680999999999,0.0,0.0,0.0,235.3335,91.2955,0,-7471.178734138841,41356.74866625559
18-12-2050 18:00:00,41272.17574547782,7.222593821792808,52.92343792756358,481.59,7151.057,0.0,355.9084,0.0,0.0,0.0,238.62900000000002,88.27,0,-7034.2152283208125,43373.63037096522
18-12-2050 19:00:00,43193.98474559441,1.2013819426348433,0.0,476.413,7251.286999999999,0.0,355.35769999999997,0.0,0.0,0.0,242.3815,86.8275,0,-8411.689024501102,44035.76477239229
18-12-2050 20:00:00,45996.58172368846,0.7151082991874068,0.0,451.543,6694.194,0.0,355.5163999999999,0.0,0.0,0.0,246.112,87.493,0,-10474.941041459766,44192.32614916692
18-12-2050 21:00:00,49457.92439716616,0.7151082991874068,1.3930923570403606,437.57599999999996,6332.401,0.0,352.1626999999999,0.0,0.0,0.0,244.715,88.73899999999999,0,-12200.0,42836.10232892397
18-12-2050 22:00:00,50573.8626390682,0.6435974692686661,0.0,428.626,6430.849,0.0,346.6405999999999,0.0,0.0,0.0,244.8395,90.3805,0,-12200.0,39969.7720519196
18-12-2050 23:00:00,48896.8513096122,0.7294104651711547,0.0,423.471,5708.321999999999,0.0,333.3980999999999,0.0,0.0,0.0,243.0825,90.6465,0,-12200.0,36102.00494319838
19-12-2050 00:00:00,45979.01297730085,0.7008061332036586,0.0,415.41,5430.8859999999995,0.0,308.84899999999993,0.0,0.0,0.0,234.52700000000002,87.852,0,-12200.0,33324.79948652337
19-12-2050 01:00:00,46353.53155270862,0.6865039672199105,0.0,404.606,5191.553,0.0,300.80389999999994,0.0,0.0,0.0,228.125,87.52600000000001,0,-12200.0,30841.634503861587
19-12-2050 02:00:00,43875.44784712857,1.0583602827973622,0.0,413.38599999999997,5407.2080000000005,0.0,300.97599999999994,0.0,0.0,0.0,226.5825,90.1405,0,-12200.0,29422.91530382599
19-12-2050 03:00:00,42026.39953797256,1.0440581168136136,0.0,416.142,5215.191,0.0,300.5309,0.0,0.0,0.0,226.58,91.061,0,-12200.0,28645.33128258166
19-12-2050 04:00:00,40666.52876905862,0.958245120911125,0.0,415.881,5000.625,0.0,298.35819999999995,0.0,0.0,0.0,225.1505,91.5275,0,-12200.0,28362.66446345722
19-12-2050 05:00:00,44205.2448262189,1.3587057684560728,0.0,413.07599999999996,5491.151999999999,0.0,300.12999999999994,0.0,0.0,0.0,233.356,91.66799999999999,0,-12200.0,29269.284005899506
19-12-2050 06:00:00,50566.38442177324,1.9736989057572425,0.0,413.43699999999995,5681.166,0.0,302.82169999999996,0.0,0.0,0.0,225.696,90.405,0,-12200.0,32458.381279513444
19-12-2050 07:00:00,54563.343858469074,8.538393092297635,0.0,415.44800000000004,6359.919,0.0,318.0580999999999,0.0,0.0,0.0,225.196,86.507,0,-12200.0,37824.022903832025
19-12-2050 08:00:00,54731.07622099029,372.48561088073643,0.0,419.689,7031.408,0.0,329.09839999999997,0.0,0.0,0.0,226.0125,87.4925,0,-12200.0,41119.36481313521
19-12-2050 09:00:00,53008.300902625495,3517.60342153687,0.0,425.00800000000004,7273.088000000001,0.0,329.1515999999999,0.0,0.0,0.0,223.261,87.99799999999999,0,-12200.0,42361.25953236089
19-12-2050 10:00:00,53123.45363237148,7794.809180636587,0.0,424.833,7182.728,0.0,328.6935999999999,0.0,0.0,0.0,221.142,86.021,0,-12200.0,42750.23362728806
19-12-2050 11:00:00,54553.97498578579,11730.579331206285,0.0,407.811,7160.911999999999,0.0,328.79089999999997,0.0,0.0,0.0,189.0035,84.9135,0,-12200.0,42945.81590406481
19-12-2050 12:00:00,55996.61679070749,13806.524421581342,0.0,387.16,7150.147,0.0,324.15389999999996,0.0,0.0,0.0,173.592,83.823,0,-12200.0,43048.83437937577
19-12-2050 13:00:00,59765.891520134945,13743.165826273338,0.0,395.75,7004.217,0.0,324.4894999999999,0.0,0.0,0.0,171.27900000000002,82.637,0,-12200.0,43366.61117663521
19-12-2050 14:00:00,62545.16338141796,9750.344335594467,0.0,405.75300000000004,6643.932,0.0,323.8632999999999,0.0,0.0,0.0,174.8515,87.6645,0,-12200.0,42172.42721414688
19-12-2050 15:00:00,63563.163142076315,8354.796187564261,35.85453864382665,403.92199999999997,6662.569,0.0,323.18339999999995,0.0,0.0,0.0,175.2055,88.6355,0,-12200.0,41476.699036586084
19-12-2050 16:00:00,64509.95947034171,3517.8608605245777,34.756950726158486,407.47,6862.265,0.0,325.93089999999995,0.0,0.0,0.0,173.6475,88.6805,0,-12200.0,41306.51440780408
19-12-2050 17:00:00,67058.3730242402,329.29306960981705,0.028143279940209303,407.666,6765.8730000000005,0.0,326.89329999999995,0.0,0.0,0.0,179.437,90.024,0,-12200.0,41690.58156415302
19-12-2050 18:00:00,66436.86226745322,2.960548358635864,0.0,378.194,7385.92,0.0,329.61949999999996,0.0,0.0,0.0,206.3935,88.8425,0,-12200.0,43114.82904600419
19-12-2050 19:00:00,65182.38709601329,0.7294104651711547,0.0,377.48199999999997,7326.845,0.0,330.87669999999997,0.0,0.0,0.0,217.3255,88.7785,0,-12200.0,43564.43760356414
19-12-2050 20:00:00,60620.55215992222,0.629295303284918,0.0,374.11800000000005,7469.578,0.0,331.0489999999999,0.0,0.0,0.0,213.4915,89.8955,0,-12200.0,43762.01619352238
19-12-2050 21:00:00,58971.736072987405,0.6435974692686661,0.0,389.909,7166.4890000000005,0.0,329.7468999999999,0.0,0.0,0.0,223.4675,90.7375,0,-12200.0,42664.844647763355
19-12-2050 22:00:00,58183.05424199763,0.6578996352524141,0.0,395.12,6794.015,0.0,324.24749999999995,0.0,0.0,0.0,218.382,88.98100000000001,0,-12200.0,39517.53727842223
19-12-2050 23:00:00,54856.454526642374,0.5291801413986811,0.0,390.17900000000003,7077.5830000000005,0.0,306.23009999999994,0.0,0.0,0.0,216.993,82.738,0,-12200.0,35750.40443000977
20-12-2050 00:00:00,51548.191636426265,0.6435974692686661,0.0,389.32199999999995,7530.687,0.0,293.5155,0.0,0.0,0.0,221.487,87.325,0,-12200.0,32904.72126817112
20-12-2050 01:00:00,49208.8305497526,0.5863888053336734,0.0,383.06199999999995,7078.951,0.0,290.5879,0.0,0.0,0.0,216.3495,89.6395,0,-12200.0,30578.216485817025
20-12-2050 02:00:00,45699.79947027441,0.743712631154903,0.0,379.38800000000003,6760.684,0.0,288.74099999999993,0.0,0.0,0.0,215.459,90.736,0,-12200.0,28571.00353551649
20-12-2050 03:00:00,42677.008662845685,0.8152234610736436,0.0,376.648,6640.884,0.0,287.04079999999993,0.0,0.0,0.0,207.2845,90.7775,0,-12200.0,27854.665593416612
20-12-2050 04:00:00,40037.8731917974,0.6578996352524141,0.0,378.35400000000004,7011.0830000000005,0.0,286.05699999999996,0.0,0.0,0.0,201.7335,90.6035,0,-12200.0,27740.754352535158
20-12-2050 05:00:00,40363.22628668255,0.7294104651711547,0.0,376.10699999999997,6817.578,0.0,285.17319999999995,0.0,0.0,0.0,201.332,90.978,0,-12200.0,28278.245822087807
20-12-2050 06:00:00,47543.02810581319,1.1870797766510952,0.0,371.994,6639.36,0.0,284.57679999999993,0.0,0.0,0.0,200.717,89.845,0,-12200.0,31224.66751473469
20-12-2050 07:00:00,55497.47532776037,5.74947072546675,11.060309016502252,372.059,6928.544,0.0,295.01699999999994,0.0,0.0,0.0,196.954,86.46,0,-12200.0,36107.77133525897
20-12-2050 08:00:00,59926.93906539023,62.400350187093125,0.0,377.43300000000005,7482.321999999999,0.0,303.25319999999994,0.0,0.0,0.0,203.122,87.185,0,-12200.0,39413.80019261694
20-12-2050 09:00:00,63042.89529324967,1321.8633888819375,0.0,370.76800000000003,7570.358,0.0,302.03829999999994,0.0,0.0,0.0,207.21599999999998,87.845,0,-12200.0,40557.837437185
20-12-2050 10:00:00,61775.139111749246,5854.40571728951,0.0,368.142,7893.340999999999,0.0,305.0557999999999,0.0,0.0,0.0,205.7945,88.8735,0,-12200.0,40957.07050423642
20-12-2050 11:00:00,60692.39284446616,9335.981982713318,0.0,371.51099999999997,7805.393,0.0,302.4550999999999,0.0,0.0,0.0,206.1015,88.9865,0,-12200.0,41027.88301263567
20-12-2050 12:00:00,59396.17554703057,11221.493733014771,22.472409032257126,374.022,7809.579000000001,0.0,302.0177999999999,0.0,0.0,0.0,201.88,87.215,0,-12200.0,40786.437667934406
20-12-2050 13:00:00,56969.54889758892,10851.425188185289,148.66687628415562,379.78,7874.501,0.0,307.1053999999999,0.0,0.0,0.0,214.543,88.384,0,-12200.0,40832.04317216255
20-12-2050 14:00:00,56032.08768030343,9359.308815432812,0.0,378.415,7820.015,0.0,308.9570999999999,0.0,0.0,0.0,203.8045,85.7315,0,-12200.0,39664.22447234107
20-12-2050 15:00:00,56037.9748773274,5883.424812070534,0.0,381.144,7800.316,0.0,308.26219999999995,0.0,0.0,0.0,205.731,86.124,0,-12200.0,38661.80446319095
20-12-2050 16:00:00,56186.19297530468,2016.4623820486495,0.0,386.04,7802.516,0.0,307.8515999999999,0.0,0.0,0.0,208.21,87.26899999999999,0,-12200.0,38263.213360035414
20-12-2050 17:00:00,54808.13730891675,260.1707014103623,0.0,387.314,7741.878000000001,0.0,309.18999999999994,0.0,0.0,0.0,200.12400000000002,86.616,0,-12200.0,38680.42413965297
20-12-2050 18:00:00,58734.76267708123,1.4588209303423094,0.0,383.465,7849.425,0.0,310.19039999999995,0.0,0.0,0.0,195.1045,84.9255,0,-12200.0,40166.315718264006
20-12-2050 19:00:00,58347.35135120162,0.8295256270573917,0.0,393.82099999999997,7845.9130000000005,0.0,312.01469999999995,0.0,0.0,0.0,197.9595,83.7385,0,-12200.0,40444.14446402812
20-12-2050 20:00:00,58831.08903698931,0.9010364569761324,0.0,395.495,7736.847,0.0,310.9124999999999,0.0,0.0,0.0,192.3335,86.6215,0,-12200.0,40398.56074766556
20-12-2050 21:00:00,56207.462848423485,0.758014797138651,0.0,381.89300000000003,7653.169,0.0,308.1652999999999,0.0,0.0,0.0,197.8245,91.2455,0,-12200.0,39256.95674079716
20-12-2050 22:00:00,55940.551262060006,0.48627364344743657,0.0,371.12800000000004,7331.819,0.0,305.8125999999999,0.0,0.0,0.0,199.451,90.89399999999999,0,-12200.0,36686.0006664333
20-12-2050 23:00:00,56057.80987805327,0.6722018012361622,0.0,359.537,7287.084,0.0,291.5044,0.0,0.0,0.0,199.645,90.071,0,-12200.0,33677.423640324036
21-12-2050 00:00:00,51625.543919044234,0.5291801413986811,0.0,361.09,7164.682,0.0,249.93509999999995,0.0,0.0,0.0,197.977,87.292,0,-12200.0,31199.679945495198
21-12-2050 01:00:00,48400.19133186226,0.5577844733661773,0.0,361.39,6882.29,0.0,243.21339999999995,0.0,0.0,0.0,192.1725,86.9445,0,-12200.0,28839.243286022192
21-12-2050 02:00:00,43936.67047596478,0.6435974692686661,0.0,364.57300000000004,6958.16,0.0,241.29079999999993,0.0,0.0,0.0,194.5935,87.2425,0,-12200.0,27101.397608269835
21-12-2050 03:00:00,38139.77756808052,0.5434823073824291,0.0,360.142,6948.906999999999,0.0,240.95559999999995,0.0,0.0,0.0,199.535,87.49799999999999,0,-12200.0,26065.7032486578
21-12-2050 04:00:00,36342.70540125214,0.7008061332036586,0.0,361.19199999999995,6856.595,0.0,240.39079999999993,0.0,0.0,0.0,206.6565,87.9425,0,-12200.0,25635.945771032704
21-12-2050 05:00:00,32696.855018894643,0.7294104651711547,0.0,367.33099999999996,7139.35,0.0,239.80659999999997,0.0,0.0,0.0,206.50400000000002,87.9,0,-12200.0,25710.094546345103
21-12-2050 06:00:00,34393.211804377745,1.0011516188623695,0.0,364.07099999999997,7091.194,0.0,239.02079999999995,0.0,0.0,0.0,207.257,86.432,0,-12200.0,26656.662529351725
21-12-2050 07:00:00,37990.770290287124,7.737471797207741,0.0,372.73199999999997,6983.55,0.0,237.30539999999996,0.0,0.0,0.0,210.167,87.303,0,-12200.0,28341.2547729971
21-12-2050 08:00:00,42984.00805174002,380.06575885212294,0.0,379.439,7150.826999999999,0.0,237.38949999999994,0.0,0.0,0.0,209.173,87.301,0,-12200.0,30376.01731208498
21-12-2050 09:00:00,48988.22735976465,5193.373907686656,0.0,368.751,7365.007,0.0,236.40319999999997,0.0,0.0,0.0,208.25099999999998,86.537,0,-12200.0,33248.91079451878
21-12-2050 10:00:00,52280.73197493599,12704.099165388052,0.0,359.285,7522.6269999999995,0.0,235.84989999999993,0.0,0.0,0.0,205.9825,85.7675,0,-12200.0,35398.877450867425
21-12-2050 11:00:00,50901.00510423159,18321.13183384529,29.254939497847566,365.48699999999997,7540.656999999999,0.0,232.59239999999994,0.0,0.0,0.0,201.9625,84.0215,0,-12200.0,35663.228456440535
21-12-2050 12:00:00,48481.95795719497,24137.908552431563,265.54591787584485,362.63199999999995,7124.9490000000005,0.0,234.41879999999995,0.0,0.0,0.0,199.2265,83.0555,0,-12200.0,35668.14239826127
21-12-2050 13:00:00,44878.626220010476,23728.537655478744,233.32186234430523,365.04400000000004,7493.56,0.0,236.31389999999996,0.0,0.0,0.0,198.609,84.213,0,-12200.0,35826.10597981201
21-12-2050 14:00:00,43041.850290026996,22658.521107404624,269.09197114831125,363.842,7442.638000000001,0.0,236.36909999999997,0.0,0.0,0.0,199.088,84.064,0,-12200.0,35288.62696046824
21-12-2050 15:00:00,37214.63093209676,18469.01623011725,332.82242857291516,363.37300000000005,7546.293000000001,0.0,236.48919999999998,0.0,0.0,0.0,198.3435,84.6495,0,-12200.0,33812.443432238135
21-12-2050 16:00:00,32501.450720254383,10156.354223541111,381.6932341890886,368.44800000000004,7852.887,0.0,236.70839999999993,0.0,0.0,0.0,202.438,87.917,0,-12200.0,33029.27276882403
21-12-2050 17:00:00,35754.116525457175,1529.773975787684,126.39147021147998,368.147,7890.353,0.0,235.42649999999995,0.0,0.0,0.0,203.037,88.225,0,-12200.0,33313.00680429166
21-12-2050 18:00:00,39809.90995047627,6.936550502117845,0.0,354.49300000000005,8071.056,0.0,235.46969999999996,0.0,0.0,0.0,202.4625,87.2855,0,-12200.0,35157.549605012544
21-12-2050 19:00:00,40396.70101556714,1.473123096326058,0.0,350.848,8114.581999999999,0.0,235.94879999999992,0.0,0.0,0.0,200.8305,85.1585,0,-12200.0,35694.76872624573
21-12-2050 20:00:00,40553.68027556718,0.6578996352524141,0.0,358.97,8187.033,0.0,237.77499999999995,0.0,0.0,0.0,197.525,84.209,0,-12200.0,36104.38993633861
21-12-2050 21:00:00,40068.756709948866,0.6006909713174217,0.0,367.036,8145.576999999999,0.0,238.04969999999997,0.0,0.0,0.0,197.843,83.274,0,-12200.0,35857.106999944706
21-12-2050 22:00:00,39427.19150136416,0.6578996352524141,68.23338221503745,366.431,7737.2919999999995,0.0,237.63289999999992,0.0,0.0,0.0,200.36900000000003,84.82700000000001,0,-12200.0,34073.676438622715
21-12-2050 23:00:00,37617.72878940148,0.6578996352524141,250.10932882864006,362.415,7252.701999999999,0.0,235.89519999999996,0.0,0.0,0.0,201.46599999999998,86.12899999999999,0,-12200.0,31664.84854068276
22-12-2050 00:00:00,32249.314099325216,0.8724321250086361,91.87373736481327,352.56,7063.31,0.0,236.72509999999997,0.0,0.0,0.0,201.217,86.26799999999999,0,-11673.420757581876,29049.39075092254
22-12-2050 01:00:00,33582.12486299357,0.8724321250086361,0.0,352.532,6788.576,0.0,235.47419999999997,0.0,0.0,0.0,201.833,86.499,0,-12200.0,26805.246045711912
22-12-2050 02:00:00,33046.35617211031,1.2442884405860877,0.0,350.707,6601.228,0.0,235.06449999999995,0.0,0.0,0.0,200.063,86.035,0,-12200.0,25215.75044290311
22-12-2050 03:00:00,30915.515805833493,1.6304469221472873,0.0,351.56,6804.311,0.0,234.35999999999993,0.0,0.0,0.0,201.6465,86.3605,0,-12200.0,24396.86791156809
22-12-2050 04:00:00,33103.704645485595,2.102418399610976,0.0,351.68199999999996,6545.371,0.0,234.14639999999994,0.0,0.0,0.0,200.2625,86.4015,0,-12200.0,23901.684586233205
22-12-2050 05:00:00,31156.67143274379,2.431368217237183,0.0,354.14599999999996,6773.4890000000005,0.0,236.00289999999995,0.0,0.0,0.0,203.084,87.226,0,-12200.0,23863.730902574232
22-12-2050 06:00:00,33504.11000694709,4.44797362094567,0.0,353.31300000000005,6759.039000000001,0.0,236.41969999999995,0.0,0.0,0.0,202.7585,86.8765,0,-12200.0,24376.00953192031
22-12-2050 07:00:00,36156.46318486207,14.387978979650622,0.0,347.976,6839.734,0.0,237.69009999999994,0.0,0.0,0.0,203.7825,87.1355,0,-12200.0,25512.8291569542
22-12-2050 08:00:00,37446.81860655121,655.1393172175507,0.0,351.686,6746.691999999999,0.0,236.46559999999994,0.0,0.0,0.0,200.428,84.84899999999999,0,-12200.0,27043.822395402392
22-12-2050 09:00:00,38926.12984153825,9627.717564449811,2.2373907552466394,360.22900000000004,6949.549,0.0,235.93639999999996,0.0,0.0,0.0,200.7945,84.6535,0,-12200.0,29464.37488849418
22-12-2050 10:00:00,42275.35833857266,24359.84956416736,239.11937801198832,365.39099999999996,7040.959,0.0,235.77889999999994,0.0,0.0,0.0,203.2715,84.8435,0,-12200.0,32175.412931892486
22-12-2050 11:00:00,43909.94386753989,33817.51437507041,887.1043269953374,361.30199999999996,7048.543000000001,0.0,237.19459999999995,0.0,0.0,0.0,202.58700000000002,84.859,0,-12200.0,33075.90424807837
22-12-2050 12:00:00,45329.23101416012,40871.84321406442,1147.0778754430207,365.972,7004.15,0.0,236.63469999999998,0.0,0.0,0.0,204.8495,86.0155,0,-12200.0,32838.07841254247
22-12-2050 13:00:00,44254.04314821745,44175.371815156555,1256.2597299710628,369.565,6922.034000000001,0.0,236.97219999999996,0.0,0.0,0.0,204.41400000000002,85.833,0,-12200.0,33153.809095784854
22-12-2050 14:00:00,44348.905094242145,39632.27448825297,1414.0731722357866,369.673,6923.265,0.0,235.67139999999995,0.0,0.0,0.0,206.2485,86.1325,0,-12200.0,32728.532915221625
22-12-2050 15:00:00,44047.670516197075,28797.468416940803,1660.8756656714518,364.161,6784.972,0.0,236.20779999999993,0.0,0.0,0.0,205.0305,85.1555,0,-12200.0,31172.897600830598
22-12-2050 16:00:00,43552.11623423229,14804.84421157893,1994.8097538020052,364.93199999999996,6828.795999999999,0.0,237.36209999999997,0.0,0.0,0.0,206.1155,86.0115,0,-12200.0,30020.06622902785
22-12-2050 17:00:00,48572.160788155554,2381.0818016383246,1343.6023992655023,365.60699999999997,6921.334,0.0,235.77479999999994,0.0,0.0,0.0,207.1235,86.1265,0,-12200.0,30242.71253644531
22-12-2050 18:00:00,50581.775538293936,11.756380438640967,135.74911079159955,355.569,7149.48,0.0,236.35989999999995,0.0,0.0,0.0,205.0445,85.0985,0,-12200.0,32687.20950471314
22-12-2050 19:00:00,48443.03071321722,1.5589360922285467,0.0,360.468,7424.32,0.0,237.11939999999996,0.0,0.0,0.0,206.05700000000002,85.93799999999999,0,-12200.0,33841.795966900165
22-12-2050 20:00:00,51014.267178589216,1.6733534200985316,0.0,365.42800000000005,7516.104,0.0,238.71589999999995,0.0,0.0,0.0,208.01,86.405,0,-12200.0,34720.614581963164
22-12-2050 21:00:00,51022.54301612613,1.91649024182225,0.0,369.18699999999995,7499.946,0.0,239.38039999999995,0.0,0.0,0.0,208.495,86.71600000000001,0,-12200.0,35003.549080578705
22-12-2050 22:00:00,50099.552908944686,2.2883465573997013,0.0,366.584,7313.223000000001,0.0,239.30629999999996,0.0,0.0,0.0,207.8595,85.1145,0,-12200.0,33473.57209043105
22-12-2050 23:00:00,44842.31550804338,1.516029594277302,0.0,359.32599999999996,7330.5509999999995,0.0,239.92829999999995,0.0,0.0,0.0,203.767,84.694,0,-12200.0,30784.718762996203
23-12-2050 00:00:00,43836.37289569861,2.0595119016597314,0.0,354.17,6996.835999999999,0.0,237.74189999999993,0.0,0.0,0.0,204.263,85.87200000000001,0,-12200.0,28202.860974474184
23-12-2050 01:00:00,43322.75610243451,1.1870797766510952,0.0,353.852,6882.944,0.0,237.24389999999994,0.0,0.0,0.0,205.327,85.844,0,-12200.0,26086.39977559002
23-12-2050 02:00:00,40372.17313807379,1.6304469221472873,0.0,353.73699999999997,6833.468000000001,0.0,239.09689999999995,0.0,0.0,0.0,201.9035,85.8775,0,-12200.0,24778.80141336872
23-12-2050 03:00:00,32428.30598991805,1.473123096326058,0.0,351.03,6690.121,0.0,238.60019999999994,0.0,0.0,0.0,200.734,86.98299999999999,0,-12200.0,23906.4705243438
23-12-2050 04:00:00,30103.17968142489,2.0309075696922347,0.0,353.665,6674.331,0.0,238.20259999999993,0.0,0.0,0.0,205.065,87.329,0,-12200.0,23750.028980829713
23-12-2050 05:00:00,36053.899350257634,3.9187934795469883,0.0,353.76300000000003,6742.846,0.0,238.85869999999994,0.0,0.0,0.0,208.6925,86.7285,0,-12200.0,24654.819898841488
23-12-2050 06:00:00,40121.137992716845,4.8913407664418616,0.0,356.413,6929.441,0.0,240.00859999999997,0.0,0.0,0.0,207.595,86.30799999999999,0,-12200.0,27087.382563751515
23-12-2050 07:00:00,40613.94069585754,18.907463430515033,0.0,355.246,7091.72,0.0,262.23349999999994,0.0,0.0,0.0,205.166,85.057,0,-12200.0,30825.109964114137
23-12-2050 08:00:00,39299.1333605076,786.2043662926187,0.0,364.569,7176.996999999999,0.0,282.8619999999999,0.0,0.0,0.0,206.611,88.132,0,-12200.0,33951.08856935296
23-12-2050 09:00:00,39125.813436079785,12126.248753146678,0.0,379.005,7308.563,0.0,293.46889999999996,0.0,0.0,0.0,195.72,86.445,0,-12200.0,36331.588740449995
23-12-2050 10:00:00,37618.10016813847,30913.48817640232,433.57537075886444,388.92400000000004,7279.143,0.0,296.48439999999994,0.0,0.0,0.0,199.5855,87.6635,0,-12200.0,37313.29082387133
23-12-2050 11:00:00,37508.758671583884,44716.98053879511,1171.843961790405,386.135,7176.948,0.0,296.8454999999999,0.0,0.0,0.0,205.7305,89.3735,0,-12200.0,37104.607814791525
23-12-2050 12:00:00,37378.63262639635,51506.547681097974,2217.563814528762,392.75,7277.624,0.0,295.57499999999993,0.0,0.0,0.0,205.7575,88.2565,0,-12200.0,36651.205056072715
23-12-2050 13:00:00,36557.83075486942,54946.46173701113,3198.1179025655647,396.139,7356.026,0.0,295.7217999999999,0.0,0.0,0.0,205.06400000000002,85.956,0,-12200.0,36635.60961316361
23-12-2050 14:00:00,36661.4623033427,54211.8309812559,3938.891245511784,391.07199999999995,7322.508000000001,0.0,297.77939999999995,0.0,0.0,0.0,212.7585,86.7785,0,-12200.0,35963.58857867187
23-12-2050 15:00:00,34670.24346132434,45019.52855801533,5934.7845155914865,392.389,7510.345,0.0,298.5650999999999,0.0,0.0,0.0,218.801,88.169,0,-12200.0,34861.8361341799
23-12-2050 16:00:00,32883.30824593074,25226.746750940296,7559.580496379591,391.11400000000003,7505.504,0.0,298.6819,0.0,0.0,0.0,217.78400000000002,89.82600000000001,0,-12200.0,34399.76297217725
23-12-2050 17:00:00,33129.097666627626,4798.362385381515,6014.767717181562,385.36800000000005,7603.427,0.0,302.3401999999999,0.0,0.0,0.0,218.9735,90.1985,0,-12200.0,34598.404109650335
23-12-2050 18:00:00,33962.79650883929,18.621420110840067,1480.153593535398,390.713,7774.338000000001,0.0,305.3682999999999,0.0,0.0,0.0,224.25,88.934,0,-6999.659335846027,36645.85302252673
23-12-2050 19:00:00,34723.207133475335,0.5148779754149329,686.2175947821235,396.348,7801.443,0.0,302.3709999999999,0.0,0.0,0.0,225.609,89.18700000000001,0,-7405.7288423891805,36983.52214103799
23-12-2050 20:00:00,35691.16360932361,0.5291801413986811,270.07698594621854,394.395,7835.984,0.0,300.96569999999997,0.0,0.0,0.0,220.41400000000002,88.461,0,-8121.617534708319,37233.69936192947
23-12-2050 21:00:00,36243.72030720421,0.6435974692686661,0.0,397.55400000000003,7791.0,0.0,299.4672999999999,0.0,0.0,0.0,223.09,90.162,0,-8810.85702791128,37007.37090523319
23-12-2050 22:00:00,36988.11944402025,0.47197147746368845,0.0,394.075,7662.915,0.0,292.3281999999999,0.0,0.0,0.0,223.615,90.02799999999999,0,-11425.22927937537,34915.570457605194
23-12-2050 23:00:00,37113.90289011271,0.5291801413986811,0.0,391.06699999999995,7602.887,0.0,285.17029999999994,0.0,0.0,0.0,220.59,88.99,0,-12200.0,31789.093844010822
24-12-2050 00:00:00,32977.153120641626,0.5434823073824291,0.0,382.519,7456.26,0.0,263.70129999999995,0.0,0.0,0.0,218.225,86.85700000000001,0,-12200.0,28970.75134089162
24-12-2050 01:00:00,34648.17596796357,1.0011516188623695,0.0,371.968,7165.88,0.0,256.25499999999994,0.0,0.0,0.0,219.1455,86.9495,0,-12200.0,26322.76348971955
24-12-2050 02:00:00,33034.53113550736,1.3444036024723245,0.0,364.906,7062.601,0.0,255.94609999999997,0.0,0.0,0.0,219.2215,87.1205,0,-12200.0,24560.039960193553
24-12-2050 03:00:00,28755.163490604344,1.6733534200985316,0.0,366.154,7108.241,0.0,256.25519999999995,0.0,0.0,0.0,214.967,84.65,0,-12200.0,23674.828162866223
24-12-2050 04:00:00,27187.873476865774,2.788922366830886,0.0,375.019,7078.137,0.0,256.5617,0.0,0.0,0.0,213.673,86.39299999999999,0,-12200.0,23294.968009914588
24-12-2050 05:00:00,29331.10438827687,4.247743297173196,0.0,373.88,7042.576999999999,0.0,254.33649999999992,0.0,0.0,0.0,198.74,85.98700000000001,0,-12200.0,23724.044227672042
24-12-2050 06:00:00,28657.836940234134,9.139084063615059,0.0,371.376,7166.88,0.0,244.87159999999994,0.0,0.0,0.0,199.6625,86.2505,0,-11819.08567520501,25426.689663274974
24-12-2050 07:00:00,28274.675368765376,21.496155473573445,0.0,372.741,7284.960999999999,0.0,253.03139999999993,0.0,0.0,0.0,199.7625,86.1275,0,-8799.438222361307,28273.513964572056
24-12-2050 08:00:00,28312.779671223645,946.5602513024028,0.0,384.24699999999996,7465.419,0.0,251.81959999999992,0.0,0.0,0.0,199.56400000000002,88.89200000000001,0,-7476.986091983381,30830.660033795277
24-12-2050 09:00:00,26675.265314489658,16020.914478679082,0.0,393.76599999999996,7621.198,0.0,247.19699999999992,0.0,0.0,0.0,204.2165,89.3215,0,-12200.0,33510.343004245595
24-12-2050 10:00:00,24034.163224220472,38463.40136889918,425.06202857695115,391.00699999999995,7628.973000000001,0.0,242.37629999999993,0.0,0.0,0.0,200.5665,89.3505,0,-12200.0,34863.14807494155
24-12-2050 11:00:00,20207.801674618804,51165.91299386305,5733.433419259259,388.48699999999997,7401.9580000000005,0.0,238.58189999999993,0.0,0.0,0.0,198.921,87.75399999999999,0,-12200.0,34830.75224234429
24-12-2050 12:00:00,20136.222643275934,57301.670920384844,10299.69466119819,391.496,7519.124,0.0,236.99489999999994,0.0,0.0,0.0,198.94400000000002,89.15100000000001,0,-12200.0,33997.510340401335
24-12-2050 13:00:00,18493.833940618886,57445.10734303587,10702.312424022823,384.625,7512.677,0.0,234.96719999999996,0.0,0.0,0.0,201.5695,88.4725,0,-12200.0,33627.09833972005
24-12-2050 14:00:00,16882.936466773845,53495.85024994349,10755.911300668951,384.093,7430.147,0.0,232.76649999999995,0.0,0.0,0.0,200.3545,88.0565,0,-12200.0,32563.16496100341
24-12-2050 15:00:00,13970.80386233087,43796.822085898704,12322.26776066121,367.809,7474.544,0.0,230.34159999999997,0.0,0.0,0.0,200.96599999999998,88.131,0,-12200.0,31222.32259570433
24-12-2050 16:00:00,12020.175028180887,24673.65338801678,14253.248555558823,378.62800000000004,7521.206,0.0,230.12869999999998,0.0,0.0,0.0,203.8365,89.4215,0,-12200.0,30569.995846329275
24-12-2050 17:00:00,11855.460117897761,4684.345518159074,9697.906906236693,383.981,7693.859,4419.0645724653095,229.3747,0.0,0.0,0.0,204.27,89.29,0,0.0,30989.82000260637
24-12-2050 18:00:00,10939.074643936743,16.576210375164088,2039.304279387476,376.72,7946.41,10000.0,229.21999999999994,0.0,0.0,0.0,202.798,89.516,0,0.0,33881.150299059096
24-12-2050 19:00:00,12703.123644663021,1.0011516188623695,798.6077832233493,378.27099999999996,7818.219,10000.0,229.1066,0.0,0.0,0.0,199.687,89.27,0,0.0,34483.95517537252
24-12-2050 20:00:00,11621.229860389843,0.5720866393499253,650.4052710582071,381.505,7898.991,5260.935427534692,228.93289999999993,0.0,0.0,0.0,199.757,89.709,0,0.0,33210.68087185009
24-12-2050 21:00:00,11555.381878192877,0.48627364344743657,387.2374603373099,373.89300000000003,7785.004,0.0,226.51639999999992,0.0,0.0,0.0,198.24900000000002,89.76700000000001,0,0.0,31058.578226539015
24-12-2050 22:00:00,11039.916631669648,0.629295303284918,221.75497428887923,368.25,7800.5509999999995,0.0,215.05689999999996,0.0,0.0,0.0,198.7105,89.5665,0,0.0,28147.075090065442
24-12-2050 23:00:00,11271.150538004087,0.44336714549619216,221.4876131294472,366.82599999999996,7651.863,0.0,212.92689999999993,0.0,0.0,0.0,200.3365,90.1555,0,0.0,26818.840117542197
25-12-2050 00:00:00,11527.119112264973,0.6435974692686661,221.8112608487596,349.522,7328.205,0.0,199.69729999999996,0.0,0.0,0.0,196.9345,87.7745,0,0.0,26050.765332405583
25-12-2050 01:00:00,12318.32041036823,1.1298711127161027,217.8430583771901,364.223,7245.326999999999,0.0,200.13869999999997,0.0,0.0,0.0,197.968,87.569,0,0.0,24867.509151700262
25-12-2050 02:00:00,13426.392175386634,1.473123096326058,104.90407597713018,364.67199999999997,7134.651999999999,0.0,199.51699999999997,0.0,0.0,0.0,198.703,87.927,0,0.0,23361.92795680088
25-12-2050 03:00:00,11651.9445700245,1.8592815778872576,0.0,358.858,6977.7609999999995,0.0,199.21669999999997,0.0,0.0,0.0,197.5245,86.8685,0,0.0,22070.34445390065
25-12-2050 04:00:00,11613.519531384276,2.645900706993405,0.0,360.24800000000005,7033.076999999999,0.0,198.71019999999996,0.0,0.0,0.0,198.21200000000002,88.495,0,0.0,21388.001029033145
25-12-2050 05:00:00,12674.151882964492,3.9330956455307375,0.0,362.63800000000003,6934.765,0.0,199.01249999999996,0.0,0.0,0.0,197.264,87.336,0,0.0,21342.329772139332
25-12-2050 06:00:00,13248.408915681779,6.421672526702912,0.0,360.954,6991.32,0.0,198.60879999999995,0.0,0.0,0.0,197.3305,86.2905,0,0.0,21714.36185625226
25-12-2050 07:00:00,12856.857560927272,19.436643571913713,0.0,363.449,6920.305,0.0,199.75429999999994,0.0,0.0,0.0,199.9145,86.5285,0,0.0,22348.950170513228
25-12-2050 08:00:00,13830.87426252924,927.2523272243427,0.0,364.48800000000006,7149.533,0.0,200.25439999999995,0.0,0.0,0.0,201.465,86.98299999999999,0,0.0,22746.699717361753
25-12-2050 09:00:00,14112.341363255171,14193.269291947876,0.0,365.75800000000004,7235.383000000001,0.0,198.78749999999997,0.0,0.0,0.0,203.959,86.814,0,0.0,24292.10446166755
25-12-2050 10:00:00,14382.637560380808,34744.823910958694,380.6519328313008,368.50300000000004,7410.805,0.0,197.41499999999996,0.0,0.0,0.0,204.9115,86.4295,0,0.0,26733.316909202942
25-12-2050 11:00:00,13768.613461314611,48144.108458318784,2138.5937710165344,367.298,7401.797,0.0,196.51509999999996,0.0,0.0,0.0,202.5745,86.7655,0,-11881.961797194548,28298.991371717537
25-12-2050 12:00:00,14220.235326778062,55351.54198416883,6443.249154271248,370.05400000000003,7492.178000000001,0.0,195.71919999999994,0.0,0.0,0.0,202.0695,86.5185,0,-12200.0,28745.458585947283
25-12-2050 13:00:00,9669.296980447454,56640.05272197667,7724.8096929085605,376.346,7524.029,0.0,192.69739999999996,0.0,0.0,0.0,200.42700000000002,85.993,0,-12200.0,28618.511587290403
25-12-2050 14:00:00,11781.661254558765,53401.59897611059,9022.48225931164,375.256,7263.661,0.0,192.83439999999996,0.0,0.0,0.0,198.9055,85.6015,0,-12200.0,27741.560114491676
25-12-2050 15:00:00,9836.472274863174,44369.237675066266,10898.16150912674,374.155,7341.496,0.0,193.99999999999994,0.0,0.0,0.0,199.162,86.073,0,-12200.0,25775.968212505853
25-12-2050 16:00:00,10475.020031209802,23421.598871301525,11409.665622040042,372.449,7514.031999999999,0.0,196.88419999999996,0.0,0.0,0.0,201.2615,86.7975,0,-12200.0,25138.086039855796
25-12-2050 17:00:00,12094.48875749617,3370.9633137055002,5586.638071091128,370.717,7581.5019999999995,788.1074034128469,198.82609999999994,0.0,0.0,0.0,202.546,87.39200000000001,0,0.0,25688.64945060344
25-12-2050 18:00:00,19951.368876936674,11.456034952982254,367.64973749892414,377.625,7700.548000000001,0.0,203.10019999999997,0.0,0.0,0.0,201.81,86.319,0,0.0,28307.960190945683
25-12-2050 19:00:00,22263.885189223685,0.6435974692686661,0.0,376.597,8031.286,0.0,204.62299999999996,0.0,0.0,0.0,198.0995,82.9735,0,-1997.472780053813,29744.414713543123
25-12-2050 20:00:00,25308.279266591926,0.4004606475449477,0.0,375.97,8057.951999999999,0.0,205.63059999999996,0.0,0.0,0.0,191.1555,76.6775,0,-4098.331137394114,30816.960913327486
25-12-2050 21:00:00,27492.264774175306,0.6006909713174217,0.0,368.598,8003.79,0.0,205.71559999999994,0.0,0.0,0.0,192.1175,75.9495,0,-5839.9241587240285,31185.37582268925
25-12-2050 22:00:00,26978.972937306084,0.47197147746368845,0.0,372.445,7890.647,0.0,204.97939999999994,0.0,0.0,0.0,190.16,74.681,0,-5987.416940619169,30357.27274446509
25-12-2050 23:00:00,25800.111320760923,0.3718563155774515,0.0,365.55300000000005,7686.973000000001,0.0,203.82549999999998,0.0,0.0,0.0,186.7595,74.5995,0,-6905.210528702562,27979.992119572835
26-12-2050 00:00:00,25141.952234973214,0.6435974692686661,0.0,359.195,7317.9169999999995,0.0,202.64539999999994,0.0,0.0,0.0,187.459,75.777,0,-8282.0387833245,25511.91212125576
26-12-2050 01:00:00,25688.01824538224,1.07266244878111,0.0,362.342,7265.0869999999995,0.0,200.67089999999993,0.0,0.0,0.0,189.665,75.868,0,-10804.387099869293,23446.364106276542
26-12-2050 02:00:00,23503.830167578682,1.3587057684560728,2.4062504348878955,357.765,6994.575,0.0,202.00719999999995,0.0,0.0,0.0,191.2305,76.1505,0,-9539.185922723133,22233.00409861654
26-12-2050 03:00:00,23001.080422584615,1.7877707479685168,129.95159512391643,356.19800000000004,6921.986,0.0,203.70369999999997,0.0,0.0,0.0,191.268,76.298,0,-9639.30441730193,21556.292836995035
26-12-2050 04:00:00,23498.246825884995,2.2740443914159534,222.88070548648756,360.62,6793.993,0.0,206.21809999999996,0.0,0.0,0.0,192.4985,76.4815,0,-10286.798560407544,21293.684471597262
26-12-2050 05:00:00,22421.75913436285,3.6613544918395227,224.89295000221253,353.358,6928.58,0.0,211.1452,0.0,0.0,0.0,192.108,76.264,0,-8755.131172724015,21897.642937578006
26-12-2050 06:00:00,21006.451648526563,5.4777295717755345,221.31875344980594,352.245,7065.9130000000005,0.0,215.47249999999994,0.0,0.0,0.0,188.1925,75.5055,0,-5398.636336029798,24022.148527680358
26-12-2050 07:00:00,22342.64280274415,17.477246832140217,219.41908205384183,361.01199999999994,7327.635,0.0,230.58079999999995,0.0,0.0,0.0,187.342,74.458,0,-3965.7112093515498,27146.828809573508
26-12-2050 08:00:00,23697.259406572193,731.7703225584733,216.53439585997035,372.548,7511.298000000001,0.0,251.78549999999996,0.0,0.0,0.0,191.6145,78.0235,0,-3425.3731831659643,30037.52142188971
26-12-2050 09:00:00,25252.116673047272,9678.819203509745,212.74912470801223,381.08,7601.448,0.0,265.93749999999994,0.0,0.0,0.0,191.9615,76.9375,0,-11508.805590010976,32641.351883755047
26-12-2050 10:00:00,23252.719058389175,23638.791563930725,257.67987113255634,380.523,7544.843000000001,0.0,269.06069999999994,0.0,0.0,0.0,190.429,77.815,0,-12200.0,34569.56864772622
26-12-2050 11:00:00,21839.859296046718,36584.92628426174,845.2974846441565,373.917,7534.715999999999,0.0,273.86749999999995,0.0,0.0,0.0,183.7375,78.1135,0,-12200.0,34978.448292252135
26-12-2050 12:00:00,20388.350823779263,43996.00835155437,1320.848557433843,341.31800000000004,7693.826,0.0,274.4549,0.0,0.0,0.0,184.9245,77.5335,0,-12200.0,34815.08326538889
26-12-2050 13:00:00,18432.46782454338,46525.18908195441,1637.2353105216757,332.03,7779.423000000001,0.0,275.55929999999995,0.0,0.0,0.0,187.364,78.36399999999999,0,-12200.0,34956.69894453077
26-12-2050 14:00:00,16822.895497555346,44921.687440520494,2135.1321475838886,330.106,7522.014,0.0,276.3694,0.0,0.0,0.0,189.4955,78.0395,0,-12200.0,34210.18052887773
26-12-2050 15:00:00,14864.81798760086,36999.81781728429,4236.562717439377,324.718,7411.659000000001,0.0,277.3005999999999,0.0,0.0,0.0,194.38099999999997,77.804,0,-12200.0,32624.408316664674
26-12-2050 16:00:00,13833.815750934757,19574.91691264459,4913.2819552416795,354.07,7417.789000000001,0.0,277.3035999999999,0.0,0.0,0.0,204.8195,77.8615,0,-10739.868789551003,32016.60390334444
26-12-2050 17:00:00,14108.81326525372,3552.486404371232,2457.457132739106,383.44599999999997,7564.883000000001,5412.673836550464,281.89919999999995,0.0,0.0,0.0,201.8235,78.6865,0,0.0,32444.894201665797
26-12-2050 18:00:00,15370.45435823248,14.602511469406844,216.26703470053837,392.529,7838.559,9770.447882891789,285.14329999999995,0.0,0.0,0.0,202.2995,79.6125,0,0.0,34716.06831037366
26-12-2050 19:00:00,16318.360602495948,0.8009212950898954,13.593204211121092,389.537,8062.9169999999995,9429.386399337629,289.3452,0.0,0.0,0.0,203.832,79.65,0,0.0,35553.89344546373
26-12-2050 20:00:00,16369.247929890105,0.8724321250086361,0.0,394.527,8095.96,5067.491881220118,291.2537,0.0,0.0,0.0,206.554,79.12,0,0.0,36060.6519634438
26-12-2050 21:00:00,16500.31930277182,0.44336714549619216,0.0,393.59,7896.67,0.0,293.2784999999999,0.0,0.0,0.0,207.19400000000002,80.204,0,0.0,35841.32013507392
26-12-2050 22:00:00,15544.103459268086,0.6578996352524141,0.0,384.45599999999996,7782.103,0.0,291.7570999999999,0.0,0.0,0.0,201.668,79.66199999999999,0,0.0,33795.18316295915
26-12-2050 23:00:00,14710.25690960421,0.47197147746368845,0.0,368.86699999999996,7781.9580000000005,0.0,290.41889999999995,0.0,0.0,0.0,201.4245,78.5595,0,0.0,30888.54961443716
27-12-2050 00:00:00,14772.63165656769,0.758014797138651,0.0,363.81699999999995,7460.964,0.0,285.90629999999993,0.0,0.0,0.0,200.4895,77.5895,0,0.0,28378.575441347864
27-12-2050 01:00:00,14343.039302548716,1.1584754446835988,0.0,366.69,7199.081,0.0,280.3802999999999,0.0,0.0,0.0,202.21900000000002,79.35,0,0.0,26087.180637128764
27-12-2050 02:00:00,13677.802919693493,1.2442884405860877,0.0,364.213,7125.321,0.0,275.70439999999996,0.0,0.0,0.0,203.236,80.432,0,0.0,24728.272240594182
27-12-2050 03:00:00,14172.276827150661,1.7305620840335243,0.0,364.051,6996.585,0.0,275.02109999999993,0.0,0.0,0.0,203.7785,79.6655,0,0.0,24090.66552881576
27-12-2050 04:00:00,14263.057827281335,2.688807204944649,0.0,376.48800000000006,7007.465999999999,0.0,275.3585999999999,0.0,0.0,0.0,204.0125,78.8385,0,0.0,23937.21398078011
27-12-2050 05:00:00,13770.309986908613,4.304951961108189,0.0,372.17800000000005,7120.455,0.0,277.0670999999999,0.0,0.0,0.0,203.332,78.778,0,0.0,24572.64501855523
27-12-2050 06:00:00,13122.152805742237,6.993759166052837,0.0,367.704,7299.156,0.0,277.0959,0.0,0.0,0.0,202.755,77.71,0,0.0,26983.535371411395
27-12-2050 07:00:00,12631.038187769705,20.351982194873596,0.0,362.66900000000004,7345.649,0.0,290.8564999999999,0.0,0.0,0.0,203.84900000000002,77.175,0,0.0,30343.909779637284
27-12-2050 08:00:00,12622.319227876163,696.9588505540304,0.0,367.833,7435.031999999999,0.0,298.4504999999999,0.0,0.0,0.0,198.6855,77.1175,0,0.0,33327.354113759684
27-12-2050 09:00:00,12893.016345229242,12519.386691707945,0.0,373.025,7818.934,0.0,303.7177999999999,0.0,0.0,0.0,174.4035,77.2315,0,0.0,35989.69588857328
27-12-2050 10:00:00,11927.305022654613,34233.50717487371,51.34741425091186,373.23900000000003,7775.999,0.0,307.86019999999996,0.0,0.0,0.0,156.1575,73.7035,0,0.0,37385.823795511395
27-12-2050 11:00:00,10586.129796978035,49494.44745967436,1856.4292463359964,377.46,7718.2390000000005,0.0,309.5945999999999,0.0,0.0,0.0,153.7045,75.1975,0,0.0,37490.12853302821
27-12-2050 12:00:00,10076.657252801773,55899.229128350475,5684.675186762847,377.471,7765.948,0.0,312.61049999999994,0.0,0.0,0.0,155.6405,75.4385,0,-12200.0,37095.3312419624
27-12-2050 13:00:00,9756.170063413843,57372.78128965605,7394.15429689104,383.765,7749.53,0.0,315.4627999999999,0.0,0.0,0.0,157.14700000000002,76.01100000000001,0,-12200.0,37117.65913532805
27-12-2050 14:00:00,9598.317219339286,55063.524965588105,8959.793103244823,384.079,7750.229,0.0,315.06289999999996,0.0,0.0,0.0,153.2185,72.1105,0,-12200.0,36225.525410927716
27-12-2050 15:00:00,10116.83790001688,46663.83427900086,12056.679627865455,381.42900000000003,7559.243,0.0,315.7809,0.0,0.0,0.0,156.503,77.248,0,-12200.0,34744.27581488696
27-12-2050 16:00:00,10507.334201541289,26884.639529610395,14495.421479444321,388.423,7578.515,0.0,315.6816999999999,0.0,0.0,0.0,159.6415,77.1065,0,-12200.0,34264.603504482206
27-12-2050 17:00:00,10982.85935298587,5045.889972062245,9497.934830621536,383.36800000000005,7792.188,5632.842565873718,318.6174,0.0,0.0,0.0,159.7495,77.2025,0,0.0,34599.08186789671
27-12-2050 18:00:00,11411.059036741111,27.97503666421135,1909.6904036228425,383.01099999999997,8179.726,10000.0,322.44919999999996,0.0,0.0,0.0,160.466,77.387,0,0.0,36844.71203865539
27-12-2050 19:00:00,11970.967345529049,1.1012667807486063,158.9532451023021,382.606,8303.366,10000.0,323.81639999999993,0.0,0.0,0.0,163.628,78.322,0,0.0,37593.017448352904
27-12-2050 20:00:00,11833.434826666204,0.758014797138651,0.0,389.841,8431.988000000001,4047.157434126282,324.4613999999999,0.0,0.0,0.0,163.3805,79.0975,0,0.0,37791.46910920947
27-12-2050 21:00:00,11892.627533087703,0.5291801413986811,0.0,389.14,8289.99,0.0,322.5084999999999,0.0,0.0,0.0,164.0605,79.4415,0,0.0,37331.311723099585
27-12-2050 22:00:00,11753.444910972983,0.5434823073824291,0.0,387.62199999999996,8185.6669999999995,0.0,319.48539999999997,0.0,0.0,0.0,159.52700000000002,79.223,0,0.0,35109.51592098212
27-12-2050 23:00:00,11820.575837897752,0.7008061332036586,0.0,388.379,7617.411999999999,0.0,316.57899999999995,0.0,0.0,0.0,160.9085,78.7105,0,0.0,32207.162131765595
28-12-2050 00:00:00,12359.48858740671,0.7151082991874068,0.0,379.00699999999995,7267.358,0.0,305.6335999999999,0.0,0.0,0.0,165.5415,79.0875,0,0.0,29829.678801909893
28-12-2050 01:00:00,12898.806477356025,1.1727776106673469,0.0,386.37,7148.783,0.0,301.9220999999999,0.0,0.0,0.0,166.15900000000002,78.291,0,0.0,27306.487953947235
28-12-2050 02:00:00,12995.563298981984,1.6733534200985316,36.558120642331886,385.408,7101.295999999999,0.0,300.3804999999999,0.0,0.0,0.0,167.81,79.532,0,0.0,25706.940752805993
28-12-2050 03:00:00,13887.526400772662,1.8878859098547538,172.25094487405102,383.892,6924.562,0.0,299.9941999999999,0.0,0.0,0.0,166.3165,79.1695,0,0.0,24835.968103757
28-12-2050 04:00:00,15562.368540787571,2.688807204944649,201.35109633222746,390.585,6649.56,0.0,298.79419999999993,0.0,0.0,0.0,165.99599999999998,79.61,0,0.0,24268.27748533789
28-12-2050 05:00:00,14802.557186386231,4.6911104426693875,202.13910817055327,389.30300000000005,6712.314,0.0,296.9513999999999,0.0,0.0,0.0,167.878,78.473,0,0.0,24423.989135355863
28-12-2050 06:00:00,12885.656293896069,8.996062403777577,198.00204601934252,393.093,6956.436,0.0,295.14789999999994,0.0,0.0,0.0,167.9,77.913,0,0.0,25571.387547254835
28-12-2050 07:00:00,12167.58284527746,20.53791035266232,197.15774762113625,390.56300000000005,7022.536999999999,0.0,296.20019999999994,0.0,0.0,0.0,169.2685,77.7435,0,0.0,27297.13317824355
28-12-2050 08:00:00,12304.66802157074,761.5903386345882,194.2589897872947,391.251,7298.8369999999995,0.0,297.57689999999997,0.0,0.0,0.0,168.418,77.077,0,0.0,29448.124642411312
28-12-2050 09:00:00,11896.19783321836,14690.398279376977,189.58720531721994,393.175,7531.871,0.0,299.7799,0.0,0.0,0.0,166.957,78.274,0,0.0,32251.392666049578
28-12-2050 10:00:00,11114.648162064053,37669.81708495896,631.0989810192234,400.224,7575.945,0.0,300.56489999999997,0.0,0.0,0.0,166.7825,78.6405,0,0.0,34692.5397499883
28-12-2050 11:00:00,10219.764672932462,50973.04828557221,5568.330867490022,398.37699999999995,7743.906,0.0,298.25699999999995,0.0,0.0,0.0,168.3095,78.2855,0,0.0,35083.54711965459
28-12-2050 12:00:00,9079.518004608944,56973.95108903325,11235.37428937033,399.346,7747.6,0.0,295.31179999999995,0.0,0.0,0.0,165.0305,77.6445,0,-12200.0,34698.89052372861
28-12-2050 13:00:00,8116.693307671869,58299.37571724514,11785.265836122077,360.25,7611.015,0.0,294.3725999999999,0.0,0.0,0.0,167.014,77.025,0,-12200.0,34759.1495347496
28-12-2050 14:00:00,7334.130785416666,56208.92823056256,12789.868356867788,356.32800000000003,7534.503000000001,0.0,292.85619999999994,0.0,0.0,0.0,164.0935,75.3055,0,-12200.0,34174.62506670595
28-12-2050 15:00:00,6852.237332675204,48214.703949614566,16321.849989364055,355.108,7361.991999999999,0.0,289.5985999999999,0.0,0.0,0.0,165.8895,76.7995,0,-12200.0,32766.094028231557
28-12-2050 16:00:00,6754.59848654888,29047.68481082648,18765.333983612847,358.101,7436.284000000001,0.0,292.0252999999999,0.0,0.0,0.0,174.78900000000002,85.79899999999999,0,-12200.0,31983.710451460658
28-12-2050 17:00:00,7039.98194486494,6025.659852778909,12965.454280414751,356.895,7666.849,0.0,295.45969999999994,0.0,0.0,0.0,176.9015,88.0195,0,-817.5505846055021,32056.113474045433
28-12-2050 18:00:00,7111.138954915767,28.332590813805055,2955.7198324405417,356.2,8030.213000000001,10000.0,298.2854,0.0,0.0,0.0,178.15,89.868,0,0.0,34578.09509546978
28-12-2050 19:00:00,7446.996159759784,1.1584754446835988,665.1804930268169,354.342,8416.015,10000.0,300.0640999999999,0.0,0.0,0.0,178.6915,89.7885,0,0.0,35780.541327831794
28-12-2050 20:00:00,7962.807463742484,0.84382779304114,668.8109761391038,357.73800000000006,8498.426,9680.0,300.15239999999994,0.0,0.0,0.0,178.2255,90.0265,0,0.0,36499.34168780842
28-12-2050 21:00:00,7959.1021167983745,0.629295303284918,329.712596139522,363.755,8416.212,0.0,298.24089999999995,0.0,0.0,0.0,179.605,90.25,0,0.0,36374.420960648175
28-12-2050 22:00:00,8448.207913420798,0.42906497951244404,224.83666344233214,363.631,8054.210999999999,0.0,292.8074999999999,0.0,0.0,0.0,179.149,90.64299999999999,0,0.0,34700.99421996175
28-12-2050 23:00:00,9263.392681550675,0.8581299590248881,224.8788783622424,357.666,7515.235,0.0,289.5284999999999,0.0,0.0,0.0,181.17,90.69200000000001,0,0.0,32093.431029843996
29-12-2050 00:00:00,9481.316036334176,0.8009212950898954,224.0767948839465,356.074,7046.802,0.0,285.7310999999999,0.0,0.0,0.0,182.41099999999997,90.83200000000001,0,0.0,29446.676916558994
29-12-2050 01:00:00,9124.176297732594,1.2442884405860877,224.45672916313922,352.769,7115.701999999999,0.0,286.35259999999994,0.0,0.0,0.0,182.692,90.73,0,0.0,26962.58945123236
29-12-2050 02:00:00,9048.119620481186,1.6304469221472873,113.37520323913316,346.955,6911.628000000001,0.0,286.84489999999994,0.0,0.0,0.0,179.9725,89.9115,0,0.0,25321.271799269718
29-12-2050 03:00:00,9291.241866612381,2.0738140676434793,0.0,347.278,6873.526999999999,0.0,284.7287999999999,0.0,0.0,0.0,179.0405,89.6365,0,0.0,24248.194909331498
29-12-2050 04:00:00,9471.031377447169,2.946246192652116,0.0,347.458,6818.404,0.0,282.9767999999999,0.0,0.0,0.0,182.8315,90.3585,0,0.0,23777.594521447234
29-12-2050 05:00:00,9619.671496716497,5.205988418084321,0.0,340.787,6762.507,0.0,283.3424,0.0,0.0,0.0,182.144,90.271,0,0.0,23899.677768187958
29-12-2050 06:00:00,9962.238840103948,9.067573233696317,0.0,340.582,6763.121999999999,0.0,283.65389999999996,0.0,0.0,0.0,182.0805,90.6075,0,0.0,24480.377298619587
29-12-2050 07:00:00,10325.793302344537,25.45785545107168,0.0,346.74300000000005,6887.556,0.0,284.5292999999999,0.0,0.0,0.0,184.84400000000002,90.6,0,0.0,25501.23917968598
29-12-2050 08:00:00,10276.665803738188,495.68446866474284,0.0,347.686,6877.598000000001,0.0,285.8037999999999,0.0,0.0,0.0,185.701,90.406,0,0.0,26694.696361230388
29-12-2050 09:00:00,10235.928088417586,11716.191352226635,0.0,355.05400000000003,6972.967,0.0,284.47299999999996,0.0,0.0,0.0,184.1425,90.7535,0,0.0,28823.333086269584
29-12-2050 10:00:00,10228.34436579963,31028.76363423133,437.3465702708525,354.461,7067.649,0.0,284.0944999999999,0.0,0.0,0.0,184.33,90.275,0,0.0,31335.804304379115
29-12-2050 11:00:00,9915.47466073302,44490.79178376213,5063.370067162817,353.07599999999996,7005.508000000001,0.0,285.7219999999999,0.0,0.0,0.0,183.511,90.12200000000001,0,0.0,32401.714542825834
29-12-2050 12:00:00,9239.13067747131,51518.20394637473,10124.924892769488,357.402,7007.859,0.0,284.15389999999996,0.0,0.0,0.0,182.5775,89.2865,0,-12200.0,32343.502423959922
29-12-2050 13:00:00,8162.963722131111,53692.90549286757,10903.81830839472,351.089,6945.021,0.0,283.65919999999994,0.0,0.0,0.0,180.40200000000002,88.851,0,-12200.0,32651.551328318033
29-12-2050 14:00:00,7728.733354112622,52204.55058976882,11605.008128105035,355.44699999999995,6968.644,0.0,282.2876999999999,0.0,0.0,0.0,179.863,88.76299999999999,0,-12200.0,32566.589157516828
29-12-2050 15:00:00,7723.52983158177,44852.307633333345,14149.413924219416,343.599,6864.718000000001,0.0,281.8982999999999,0.0,0.0,0.0,179.5755,89.1985,0,-12200.0,31083.98365591434
29-12-2050 16:00:00,7428.220432476935,27240.219980298338,16503.163070378854,349.166,6853.933000000001,0.0,286.40129999999994,0.0,0.0,0.0,180.53400000000002,90.55799999999999,0,-12200.0,30294.370787538435
29-12-2050 17:00:00,7616.070549989681,5933.654019005458,11822.274249243452,355.04900000000004,7409.025,7153.120997476459,292.7561999999999,0.0,0.0,0.0,181.4095,90.4615,0,0.0,30546.209333178507
29-12-2050 18:00:00,7866.763858100072,30.520822209318517,2109.5499061182386,357.717,7593.265,10000.0,295.8247999999999,0.0,0.0,0.0,180.7615,90.3375,0,0.0,33245.85154475341
29-12-2050 19:00:00,8075.883848731623,1.0011516188623695,296.75681532953695,353.30400000000003,7725.3640000000005,10000.0,297.3698999999999,0.0,0.0,0.0,180.5935,90.4895,0,0.0,34621.300432865595
29-12-2050 20:00:00,8779.157010638393,0.5863888053336734,0.0,354.375,7652.9490000000005,2526.879002523543,297.5600999999999,0.0,0.0,0.0,176.8575,90.7795,0,0.0,35739.32024247764
29-12-2050 21:00:00,8893.685148872148,0.6149931373011698,0.0,359.287,7616.036999999999,0.0,296.9975999999999,0.0,0.0,0.0,176.328,90.32,0,0.0,36009.52245715939
29-12-2050 22:00:00,8644.013132288495,0.5291801413986811,0.0,352.719,7451.599,0.0,295.87499999999994,0.0,0.0,0.0,176.12400000000002,90.83200000000001,0,0.0,34621.3930312942
29-12-2050 23:00:00,8520.306030952874,0.45766931147994033,0.0,347.402,6806.705,0.0,291.4600999999999,0.0,0.0,0.0,178.80900000000003,90.111,0,0.0,31935.049588157457
30-12-2050 00:00:00,8227.672246839571,0.629295303284918,0.0,352.8,6374.672,0.0,289.7674999999999,0.0,0.0,0.0,177.1385,87.4955,0,0.0,28965.14135458021
30-12-2050 01:00:00,7969.998706558842,1.1727776106673469,0.0,342.222,6332.185,0.0,287.8177999999999,0.0,0.0,0.0,178.794,89.065,0,0.0,26402.07793451366
30-12-2050 02:00:00,7692.22851235118,1.6304469221472873,17.575478322660707,335.709,6245.536999999999,0.0,285.44409999999993,0.0,0.0,0.0,178.1115,89.2125,0,0.0,25029.039329028532
30-12-2050 03:00:00,7055.444805005278,1.9880010717409908,167.5088022041258,337.167,6232.472,0.0,285.52629999999994,0.0,0.0,0.0,174.6955,89.6405,0,0.0,24217.5012537307
30-12-2050 04:00:00,6804.692413914002,2.8604331967496273,223.07770844606904,332.36800000000005,6306.706999999999,0.0,285.5587999999999,0.0,0.0,0.0,171.8,89.155,0,0.0,24165.934044790094
30-12-2050 05:00:00,6861.884739411234,3.947397811514485,224.90702164218263,340.14099999999996,6330.024,0.0,284.69859999999994,0.0,0.0,0.0,172.208,89.125,0,0.0,24760.517114408667
30-12-2050 06:00:00,7345.453616682094,5.434823073824291,221.41725492959665,343.791,6972.665,0.0,288.5109,0.0,0.0,0.0,172.5125,89.6185,0,0.0,26982.37905826084
30-12-2050 07:00:00,8088.426321531046,24.814257981803014,224.20343964367737,345.199,6764.853,0.0,295.8750999999999,0.0,0.0,0.0,170.7705,88.5325,0,0.0,30591.521479359664
30-12-2050 08:00:00,8552.708825755688,341.02084571649056,222.88070548648756,349.977,7101.759,0.0,308.48089999999996,0.0,0.0,0.0,172.146,88.834,0,0.0,33951.08662400784
30-12-2050 09:00:00,9370.045902474969,9091.872613702706,226.9051945179375,344.288,7545.769,0.0,314.07039999999995,0.0,0.0,0.0,171.185,88.51299999999999,0,0.0,36980.71461893359
30-12-2050 10:00:00,9800.271288432003,25565.793897751028,276.22629261315427,344.898,7554.196999999999,0.0,317.5089,0.0,0.0,0.0,170.2965,88.0795,0,0.0,38518.59904800165
30-12-2050 11:00:00,9579.376903752542,36538.54435997645,3014.0045651967152,344.781,7346.1,0.0,318.0924,0.0,0.0,0.0,171.813,89.204,0,0.0,38480.99630460571
30-12-2050 12:00:00,9171.100845194498,43659.850242272354,8656.73219320868,341.705,7416.223000000001,0.0,318.08439999999996,0.0,0.0,0.0,170.8855,88.3005,0,0.0,37811.47036978904
30-12-2050 13:00:00,9053.095251514334,47289.153580142294,9975.624792686676,352.181,6952.291,0.0,315.37299999999993,0.0,0.0,0.0,170.093,88.186,0,-180.22640319401762,37893.61062293189
30-12-2050 14:00:00,8765.698751635244,47158.61771120862,10602.994789113825,352.582,6967.464,0.0,315.4710999999999,0.0,0.0,0.0,168.5605,88.9095,0,-12200.0,37133.379858464126
30-12-2050 15:00:00,8513.443964744307,42665.59226741415,13342.65866145338,353.06199999999995,6849.121999999999,0.0,315.68279999999993,0.0,0.0,0.0,169.3335,88.7835,0,-12200.0,35818.29269559633
30-12-2050 16:00:00,8524.306792801412,26398.38018832894,15667.659447153888,357.61300000000006,6918.275,0.0,315.8816999999999,0.0,0.0,0.0,169.8935,90.2615,0,-9380.2824551902,35233.83553649449
30-12-2050 17:00:00,8572.712634998374,5809.8830745821015,11220.894571841089,354.335,7447.105,10000.0,319.88949999999994,0.0,0.0,0.0,172.3945,89.3975,0,0.0,35528.645199975654
30-12-2050 18:00:00,8694.085958589014,33.03800342245819,2294.9437627243674,351.593,7671.053000000001,10000.0,321.3940999999999,0.0,0.0,0.0,171.1395,88.9445,0,0.0,37768.42377255662
30-12-2050 19:00:00,8709.367349573775,0.8295256270573917,317.8924185646341,353.49300000000005,7780.719,9680.0,321.48729999999995,0.0,0.0,0.0,171.7705,89.2275,0,0.0,38696.73780398736
30-12-2050 20:00:00,8923.889212743434,0.5863888053336734,224.5270873629898,352.046,7853.170999999999,0.0,321.20739999999995,0.0,0.0,0.0,175.062,89.586,0,0.0,38957.65216283821
30-12-2050 21:00:00,9017.839592777329,0.6435974692686661,223.9220068442753,347.60699999999997,7592.485,0.0,321.03329999999994,0.0,0.0,0.0,178.458,89.64399999999999,0,0.0,38720.56789286925
30-12-2050 22:00:00,8981.533101023148,0.5720866393499253,224.1049381638866,351.259,7178.184,0.0,319.54729999999995,0.0,0.0,0.0,177.6455,90.5725,0,0.0,36474.740853182535
30-12-2050 23:00:00,8698.040298095426,0.5863888053336734,224.59744556284028,338.14599999999996,6867.759,0.0,311.79979999999995,0.0,0.0,0.0,176.5305,90.0735,0,0.0,33289.98208829724
31-12-2050 00:00:00,7957.291645455524,0.758014797138651,223.3169263255608,347.04900000000004,6602.985,0.0,298.8535999999999,0.0,0.0,0.0,178.0255,90.8885,0,0.0,30141.434755964583
31-12-2050 01:00:00,7701.2850892783545,2.2025335614972126,224.34415604337843,336.084,6281.693,0.0,299.8455999999999,0.0,0.0,0.0,175.3105,90.4465,0,0.0,27440.323030671756
31-12-2050 02:00:00,7331.180856585307,4.119023803319463,222.81034728663707,339.149,6262.927,0.0,298.57169999999996,0.0,0.0,0.0,170.21900000000002,89.258,0,0.0,25564.23762573149
31-12-2050 03:00:00,7540.777731276863,4.2620454631569435,87.48338569414061,350.124,6131.526999999999,0.0,297.80279999999993,0.0,0.0,0.0,172.3405,89.8035,0,0.0,24645.794664604324
31-12-2050 04:00:00,7640.319893430287,4.161930301270707,0.0,348.156,5995.368,0.0,293.71669999999995,0.0,0.0,0.0,171.141,89.234,0,0.0,24392.05240421137
31-12-2050 05:00:00,7691.865574040025,4.405067122994425,0.0,347.903,6097.065,0.0,292.28689999999995,0.0,0.0,0.0,171.4505,90.2745,0,0.0,24731.8898044144
31-12-2050 06:00:00,7228.7183070909705,6.078420543092957,0.0,346.02099999999996,6059.203,0.0,289.3932,5059.656629348863,0.0,0.0,164.1035,89.3335,0,0.0,26432.496129242758
31-12-2050 07:00:00,7019.112991973573,34.15357236919054,0.0,346.256,6729.283,0.0,282.81949999999995,13912.425228903656,0.0,0.0,159.797,89.486,0,0.0,29164.322519863847
31-12-2050 08:00:00,7056.3183890798,498.75943435124873,0.0,351.05300000000005,7247.209,0.0,281.54299999999995,15545.188665501682,0.0,0.0,156.2795,89.5305,0,0.0,31893.800100764278
31-12-2050 09:00:00,7260.517611446167,10143.253439499998,0.0,348.64,7493.606,0.0,280.47479999999996,8471.856130714095,0.0,0.0,158.9355,89.4155,0,0.0,34998.47134069726
31-12-2050 10:00:00,7142.545779469368,28247.59304136364,51.26298441109124,358.74300000000005,7511.035,0.0,273.751,0.0,0.0,0.0,159.1315,88.6575,0,0.0,37098.94335881621
31-12-2050 11:00:00,7109.695642096991,40764.90591900394,2368.7776576475067,356.185,7322.705,0.0,273.11069999999995,0.0,0.0,0.0,158.72,87.99600000000001,0,0.0,37417.20882677452
31-12-2050 12:00:00,7350.3153019663905,45963.01384363122,6938.922672218185,359.721,7220.715999999999,0.0,271.66779999999994,0.0,0.0,0.0,159.3635,87.9525,0,0.0,36707.258230903535
31-12-2050 13:00:00,7226.439392113954,47677.014019455564,8402.331014189158,359.316,7054.406,0.0,269.6717999999999,0.0,0.0,0.0,160.691,87.82600000000001,0,-5517.636655937463,36148.85002134897
31-12-2050 14:00:00,7308.9867568369355,46312.64459326992,9685.805295862405,348.783,6988.053000000001,0.0,265.95519999999993,0.0,0.0,0.0,162.575,88.84899999999999,0,-12200.0,35145.31455129628
31-12-2050 15:00:00,7448.713786418387,40583.482943500094,12693.210261913136,340.12800000000004,6946.553000000001,0.0,264.3075999999999,0.0,0.0,0.0,164.832,89.73700000000001,0,-12200.0,33868.025833545325
31-12-2050 16:00:00,7474.106807560421,25641.838514286614,15080.646914161003,359.532,7097.576999999999,0.0,263.74129999999997,0.0,0.0,0.0,167.77700000000002,89.396,0,-9701.21192879714,33197.80891213536
31-12-2050 17:00:00,7376.729614635162,5920.925091279923,11041.438947302346,358.089,7419.104,10000.0,264.58739999999995,0.0,0.0,0.0,167.488,89.179,0,0.0,33572.85705935156
31-12-2050 18:00:00,7142.305227332905,34.28229186304428,2254.4877978103164,363.64,7507.486999999999,10000.0,264.0902999999999,0.0,0.0,0.0,167.1165,88.9445,0,0.0,36509.32870068224
31-12-2050 19:00:00,6842.2607493313835,0.9153386229598807,65.46126914092685,367.283,7574.682,9680.0,263.6124,0.0,0.0,0.0,166.8105,89.3535,0,0.0,37915.33818278768
31-12-2050 20:00:00,6793.42444541654,0.7008061332036586,0.0,371.666,7488.427,0.0,263.59129999999993,0.0,0.0,0.0,168.3235,90.0255,0,0.0,36912.05327318888
31-12-2050 21:00:00,6430.005029989405,0.6722018012361622,0.0,377.651,7194.094,0.0,257.07319999999993,0.0,0.0,0.0,167.1115,90.1185,0,0.0,34734.40241016924
31-12-2050 22:00:00,6510.2734797353705,0.48627364344743657,0.0,371.74699999999996,7052.013000000001,0.0,254.24689999999995,0.0,0.0,0.0,165.262,88.846,0,0.0,31576.180098323035
31-12-2050 23:00:00,6514.2742415839075,0.758014797138651,0.0,367.44599999999997,6791.299,0.0,254.08689999999996,2442.2240867105884,0.0,0.0,166.5075,89.5185,0,0.0,29842.355838041705
